0.44893 6.54853
0.448873 6.55408
0.449438 6.57622
0.449333 6.57622
0.449714 6.59825
0.449609 6.58726
0.449518 6.58726
0.448947 6.56539
0.449017 6.58175
0.448889 6.56543
0.449121 6.57629
0.448974 6.57629
0.448615 6.55468
0.448774 6.56546
0.448746 6.56546
0.448731 6.5601
0.448831 6.57614
0.448618 6.57081
0.448648 6.56548
0.448481 6.56017
0.448341 6.55487
0.448384 6.54958
0.448652 6.57068
0.44822 6.5549
0.447958 6.5549
0.447908 6.54442
0.448186 6.54965
0.448952 6.57571
0.448857 6.59132
0.449147 6.6017
0.449254 6.6017
0.449427 6.61203
0.449605 6.62234
0.449909 6.64291
0.449801 6.63778
0.449825 6.63266
0.44997 6.64288
0.449713 6.63778
0.449857 6.63778
0.450131 6.65808
0.450154 6.65302
0.450124 6.65302
0.449794 6.64293
0.449894 6.64796
0.450334 6.66302
0.450357 6.67304
0.450262 6.66804
0.45036 6.67801
0.450435 6.67801
0.450867 6.69787
0.450617 6.68796
0.450805 6.69785
0.450837 6.70278
0.451086 6.71262
0.450786 6.69789
0.451034 6.71749
0.451054 6.71749
0.451135 6.72237
0.451279 6.72725
0.451635 6.74183
0.451541 6.74183
0.451602 6.74667
0.451821 6.7515
0.451728 6.7515
0.451745 6.7563
0.451563 6.7563
0.45114 6.73235
0.451241 6.74192
0.451139 6.73237
0.451218 6.73713
0.451177 6.74189
0.451087 6.73714
0.451669 6.7608
0.451568 6.7608
0.451596 6.76552
0.451731 6.77022
0.451544 6.77022
0.451561 6.76554
0.451424 6.76554
0.451335 6.76087
0.451671 6.77484
0.451746 6.77949
0.45162 6.77485
0.45111 6.7517
0.451186 6.75632
0.451785 6.78399
0.45129 6.76098
0.451042 6.75639
0.45108 6.75639
0.451192 6.76554
0.451116 6.76097
0.450984 6.75641
0.450797 6.75186
0.450574 6.74732
0.450537 6.74279
0.449694 6.70661
0.449181 6.68855
0.449091 6.67954
0.448709 6.66604
0.448607 6.66155
0.44864 6.66155
0.449055 6.67944
0.449123 6.68837
0.4494 6.70174
0.449641 6.71063
0.449552 6.71063
0.449638 6.71949
0.449416 6.70622
0.449635 6.71947
0.449557 6.71506
0.449337 6.70627
0.449716 6.72383
0.449834 6.73259
0.449712 6.72384
0.449689 6.72821
0.449233 6.71077
0.449254 6.70642
0.449372 6.71511
0.449359 6.71511
0.449476 6.72376
0.449305 6.71512
0.449388 6.71944
0.448974 6.70222
0.448667 6.68933
0.448466 6.68504
0.448825 6.70217
0.448752 6.69789
0.448679 6.69363
0.448574 6.68937
0.448273 6.67662
0.448389 6.6851
0.448514 6.6851
0.448308 6.6851
0.448382 6.68933
0.448589 6.69775
0.448333 6.68513
0.448241 6.68093
0.448079 6.66836
0.447867 6.66836
0.44789 6.66836
0.447872 6.66836
0.448056 6.67669
0.448301 6.685
0.448232 6.685
0.448073 6.68086
0.447792 6.67258
0.447815 6.67258
0.447838 6.67258
0.44756 6.66024
0.447534 6.66024
0.447795 6.67254
0.448353 6.69711
0.448107 6.68893
0.44796 6.68077
0.447943 6.68485
0.44823 6.69705
0.448221 6.69299
0.448595 6.71325
0.44844 6.70921
0.44807 6.69305
0.44811 6.69305
0.447782 6.67694
0.44793 6.689
0.447874 6.689
0.447549 6.67297
0.447589 6.68097
0.4474 6.66899
0.447414 6.66899
0.447864 6.68093
0.447696 6.68888
0.447546 6.67301
0.447521 6.67697
0.447761 6.68884
0.447668 6.68884
0.44752 6.68095
0.447627 6.68489
0.44792 6.69275
0.447941 6.7006
0.447962 6.70452
0.448496 6.728
0.448646 6.73581
0.448507 6.73191
0.448647 6.7397
0.448629 6.7397
0.448528 6.73194
0.448722 6.74356
0.44841 6.73195
0.448264 6.72422
0.448137 6.71651
0.448074 6.71651
0.448058 6.71651
0.448242 6.72419
0.448098 6.72035
0.448045 6.71653
0.447821 6.70888
0.447777 6.70888
0.447834 6.70888
0.447818 6.71268
0.447641 6.70508
0.447581 6.70129
0.447771 6.70887
0.447595 6.70508
0.447704 6.71264
0.447644 6.70887
0.447522 6.70134
0.447498 6.69758
0.447889 6.7201
0.44746 6.70136
0.447446 6.70136
0.44736 6.70136
0.447539 6.70882
0.447681 6.71255
0.447701 6.71627
0.447686 6.71627
0.447906 6.7274
0.447743 6.71999
0.447797 6.72369
0.447747 6.72
0.447706 6.72
0.447907 6.73105
0.448244 6.74577
0.448537 6.76413
0.448409 6.7568
0.448239 6.74947
0.448488 6.76044
0.448199 6.74949
0.448191 6.74949
0.448286 6.75677
0.44877 6.77495
0.448635 6.77495
0.448729 6.77858
0.448568 6.77134
0.448771 6.78219
0.448804 6.7858
0.448637 6.77137
0.448545 6.77137
0.448529 6.77497
0.448289 6.76061
0.448214 6.75702
0.448124 6.7606
0.447993 6.74987
0.448078 6.75701
0.4478 6.73919
0.44753 6.73562
0.447582 6.73207
0.447495 6.73207
0.447366 6.72498
0.447515 6.72498
0.447413 6.72851
0.447627 6.73558
0.447646 6.74263
0.447445 6.73206
0.447367 6.72855
0.44724 6.72503
0.447405 6.73205
0.447391 6.73205
0.447353 6.72855
0.4473 6.72855
0.447327 6.72855
0.446954 6.71461
0.446966 6.71461
0.447104 6.71809
0.447163 6.72503
0.447182 6.7285
0.44717 6.72503
0.447235 6.7354
0.447176 6.7285
0.447171 6.72505
0.447331 6.73882
0.44742 6.74226
0.44769 6.75599
0.447722 6.75257
0.447592 6.75257
0.447586 6.75257
0.447426 6.74573
0.447483 6.74915
0.447539 6.75255
0.447394 6.74915
0.447242 6.73896
0.44706 6.73217
0.447463 6.74573
0.44762 6.75926
0.447737 6.76602
0.447632 6.76265
0.44758 6.75928
0.4472 6.74581
0.446982 6.73236
0.447093 6.73572
0.447217 6.74242
0.447219 6.74242
0.447238 6.74577
0.447256 6.74577
0.447379 6.75578
0.447126 6.74578
0.447121 6.73913
0.447297 6.75242
0.44736 6.75906
0.447212 6.74912
0.447365 6.75574
0.447383 6.75905
0.44731 6.75574
0.447499 6.76564
0.447516 6.76564
0.447267 6.75577
0.447291 6.75577
0.447043 6.74592
0.446869 6.73608
0.446828 6.73608
0.446384 6.71646
0.446535 6.72299
0.446333 6.71646
0.446681 6.73276
0.446407 6.71648
0.446251 6.71323
0.446263 6.71648
0.446115 6.70675
0.445938 6.69703
0.445805 6.69056
0.44602 6.70026
0.445815 6.6938
0.445582 6.68091
0.445494 6.67447
0.445435 6.67447
0.445649 6.68411
0.445418 6.67448
0.445352 6.66487
0.445307 6.66487
0.445135 6.66168
0.445312 6.67125
0.445311 6.66806
0.445203 6.66488
0.445456 6.6776
0.445794 6.69349
0.445749 6.69349
0.44555 6.68398
0.445759 6.69664
0.445982 6.71245
0.446001 6.70614
0.445893 6.70614
0.446038 6.71244
0.446223 6.72188
0.445963 6.70931
0.445786 6.69989
0.445847 6.70616
0.446129 6.71556
0.446044 6.71556
0.446082 6.71556
0.445865 6.70931
0.445802 6.7062
0.445902 6.70931
0.44566 6.69687
0.445535 6.69065
0.445492 6.68755
0.445326 6.68445
0.445161 6.67516
0.44516 6.67825
0.445145 6.67516
0.445239 6.68133
0.445042 6.67209
0.445041 6.66901
0.445188 6.68131
0.445201 6.67824
0.445179 6.67824
0.445131 6.67517
0.444962 6.66905
0.444867 6.66599
0.44486 6.66599
0.44498 6.66904
0.445173 6.68123
0.445285 6.68428
0.445431 6.6934
0.445329 6.69036
0.445301 6.68733
0.445187 6.68127
0.444987 6.67824
0.444888 6.67219
0.444993 6.67521
0.445084 6.67521
0.445267 6.68426
0.445227 6.68727
0.445494 6.69629
0.445205 6.68728
0.445007 6.67827
0.444974 6.67528
0.444993 6.67827
0.444907 6.67528
0.44475 6.66931
0.444652 6.66035
0.444613 6.66035
0.444406 6.65142
0.444237 6.64845
0.444206 6.64547
0.44418 6.63954
0.443949 6.62768
0.443666 6.61583
0.443533 6.60696
0.443322 6.59809
0.443375 6.59809
0.443281 6.59515
0.443602 6.61282
0.44345 6.60693
0.443356 6.60106
0.443205 6.59225
0.443295 6.59811
0.443081 6.58639
0.442944 6.58054
0.443029 6.58346
0.443068 6.58638
0.443127 6.58638
0.442846 6.57473
0.442942 6.58055
0.442944 6.58055
0.442739 6.57183
0.442817 6.57474
0.442794 6.57184
0.442672 6.56605
0.44245 6.55737
0.442583 6.56315
0.442792 6.56603
0.4428 6.5718
0.442883 6.58332
0.442934 6.58332
0.44306 6.58907
0.443204 6.59769
0.443224 6.59482
0.443275 6.60342
0.443406 6.60914
0.443481 6.612
0.443427 6.60915
0.443392 6.60629
0.443301 6.60344
0.443114 6.59205
0.44311 6.59774
0.44302 6.58921
0.442694 6.57502
0.442526 6.56367
0.442438 6.56084
0.442186 6.54668
0.442207 6.54951
0.442241 6.54668
0.442364 6.55797
0.442361 6.55797
0.442532 6.56642
0.442463 6.56361
0.442526 6.56642
0.442492 6.56923
0.442536 6.56923
0.442647 6.57203
0.442667 6.57203
0.442681 6.57483
0.44266 6.57483
0.442692 6.57483
0.442724 6.57761
0.442466 6.56926
0.442392 6.56091
0.442382 6.56091
0.442296 6.55536
0.442317 6.55258
0.442384 6.5609
0.44254 6.5692
0.442631 6.57197
0.44244 6.56644
0.442243 6.55264
0.442275 6.55815
0.441974 6.54162
0.441785 6.53061
0.441887 6.53611
0.442071 6.54435
0.442196 6.55259
0.442095 6.5471
0.442167 6.55258
0.442188 6.55258
0.442185 6.55258
0.442344 6.56351
0.442243 6.55805
