-522.635 -417.338 -105.297
-492.9 -420.113 -72.7874
-488.849 -413.801 -75.0478
-480.934 -412.059 -68.875
-489.663 -424.395 -65.2673
-485.403 -413.233 -72.1695
-489.816 -413.767 -76.0495
-484.017 -417.376 -66.6409
-479.9 -417.73 -62.1696
-502.028 -436.257 -65.7719
-480.231 -420.049 -60.1815
-482.14 -421.503 -60.6375
-489.668 -430.341 -59.3276
-485.522 -426.231 -59.2916
-485.329 -424.335 -60.9941
-489.071 -426.908 -62.1629
-485.408 -424.473 -60.9347
-483.288 -429.487 -53.8003
-480.417 -424.706 -55.7106
-473.786 -417.587 -56.1994
-479.373 -416.024 -63.3487
-466.38 -406.342 -60.0378
-474.476 -409.289 -65.1875
-470.222 -411.637 -58.585
-478.467 -416.91 -61.5575
-488.628 -414.323 -74.3053
-476.573 -411.341 -65.2327
-479.803 -412.556 -67.2473
-475.064 -408.949 -66.1151
-474.494 -408.491 -66.0035
-483.357 -405.944 -77.4125
-459.831 -403.318 -56.5126
-471.426 -415.383 -56.0431
-479.35 -416.021 -63.3293
-476.092 -418.037 -58.0544
-473.264 -414.54 -58.7237
-493.799 -409.176 -84.6231
-475.962 -404.594 -71.3685
-471.025 -412.349 -58.6762
-480.91 -416.609 -64.3008
-476.016 -415.11 -60.9059
-476.191 -414.4 -61.7907
-498.365 -423.399 -74.9658
-503.764 -424.105 -79.6585
-499.909 -418.448 -81.4609
-487.008 -414.548 -72.4604
-506.895 -411.155 -95.7399
-501.452 -413.238 -88.2144
-502.037 -414.936 -87.1011
-522.852 -426.646 -96.2059
-505.449 -422.923 -82.5265
-510.431 -417.323 -93.1087
-517.836 -426.85 -90.9867
-521.15 -428.891 -92.2585
-496.018 -425.176 -70.8414
-489.076 -418.104 -70.9717
-516.58 -420.629 -95.9517
-508.094 -423.678 -84.4155
-502.452 -421.942 -80.5101
-518.64 -421.294 -97.3467
-520.327 -422.061 -98.2657
-491.758 -426.984 -64.7743
-521.709 -425.676 -96.0339
-507.569 -422.822 -84.7468
-492.932 -422.209 -70.7233
-482.935 -417.941 -64.994
-481.344 -415.075 -66.2685
-491.436 -426.431 -65.0046
-486.882 -417.326 -69.5567
-496.902 -419.752 -77.1503
-484.955 -417.86 -67.0951
-485.442 -415.277 -70.1659
-498.834 -420.247 -78.5868
-487.634 -420.465 -67.1688
-481.101 -414.955 -66.1463
-475.096 -407.72 -67.376
-469.185 -405.261 -63.924
-486.503 -413.238 -73.2653
-482.924 -408.396 -74.528
-473.401 -404.797 -68.6039
-480.104 -403.16 -76.9439
-474.658 -409.942 -64.716
-484.329 -415.667 -68.6622
-479.131 -410.039 -69.0921
-480.775 -419.429 -61.3458
-496.141 -426.859 -69.2823
-484.991 -423.169 -61.8216
-473.913 -411.916 -61.9963
-462.484 -404.283 -58.2009
-470.817 -405.156 -65.6618
-484.534 -408.471 -76.063
-488.658 -418.067 -70.5912
-522.791 -408.748 -114.043
-510.325 -406.451 -103.873
-478.775 -404.034 -74.7409
-489.172 -417.284 -71.8879
-498.875 -410.284 -88.5907
-487.126 -420.119 -67.0065
-487.441 -415.175 -72.2662
-496.961 -420.954 -76.0069
-489.575 -423.351 -66.2238
-479.774 -417.839 -61.9352
-495.872 -426.288 -69.5836
-502.061 -429.058 -73.0033
-509.181 -431.595 -77.5856
-487.403 -425.846 -61.5569
-506.064 -422.137 -83.9274
-482.567 -421.793 -60.7735
-484.792 -421.536 -63.2562
-483.989 -419.963 -64.0255
-506.429 -421.038 -85.391
-497.726 -429.515 -68.2108
-491.322 -420.205 -71.117
-481.265 -416.78 -64.4845
-491.527 -426.764 -64.7626
-497.139 -424.72 -72.4194
-506.446 -419.113 -87.333
-496.278 -418.275 -78.0027
-491.688 -416.135 -75.5533
-501.558 -415.19 -86.3682
-497.369 -419.504 -77.8649
-496.927 -423.39 -73.5374
-508.637 -425.425 -83.2119
-518.764 -423.109 -95.6554
-505.563 -422.305 -83.2582
-478.894 -408.987 -69.9069
-489.997 -415.992 -74.0052
-494.678 -416.085 -78.5926
-479.376 -410.497 -68.8782
-485.335 -407.564 -77.7711
-490.438 -413.71 -76.7277
-502.038 -408.578 -93.4595
-472.182 -402.035 -70.1461
-472.076 -409.184 -62.8926
-473.879 -408.594 -65.2846
-473.898 -411.349 -62.5495
-473.992 -403.03 -70.9617
-479.508 -402.8 -76.7074
-488.52 -408.093 -80.4269
-477.826 -410.944 -66.8823
-470.805 -407.491 -63.3132
-472.521 -410.025 -62.4955
-478.805 -416.258 -62.5464
-476.112 -412.393 -63.7182
-486.691 -410.741 -75.9496
-480.914 -415.99 -64.9244
-489.419 -415.412 -74.0069
-492.603 -413.711 -78.8919
-493.347 -417.556 -75.7913
-497.922 -422.564 -75.3578
-486.267 -415.055 -71.2121
-483.804 -414.329 -69.4756
-491.966 -422.845 -69.121
-496.82 -422.594 -74.2265
-482.809 -412.969 -69.8403
-485.26 -412.659 -72.601
-489.779 -413.606 -76.1727
-498.057 -419.418 -78.6388
-491.045 -407.282 -83.7629
-533.793 -415.476 -118.317
-529.58 -416.584 -112.996
-519.699 -413.744 -105.955
-520.173 -410.274 -109.898
-527.363 -418.86 -108.503
-555.694 -425.826 -129.868
-535.068 -416.904 -118.163
-546.318 -413.904 -132.415
-539.03 -416.721 -122.309
-515.657 -417.561 -98.0966
-518.521 -411.343 -107.178
-523.475 -406.129 -117.346
-531.995 -411.698 -120.297
-543.247 -416.928 -126.318
-529.918 -410.721 -119.197
-502.731 -419.238 -83.4927
-493.385 -416.201 -77.1832
-486.891 -410.078 -76.8126
-490.278 -413.047 -77.2314
-470.16 -409.216 -60.9445
-484.695 -416.463 -68.232
-514.425 -415.031 -99.3944
-495.54 -408.008 -87.5321
-513.38 -425.022 -88.3574
-513.865 -415.16 -98.7051
-492.359 -411.933 -80.4253
-503.981 -429.812 -74.1688
-503.546 -425.413 -78.1333
-548.449 -422.246 -126.203
-495.937 -416.391 -79.546
-535.329 -407.572 -127.758
-554.719 -419.922 -134.797
-555.961 -415.891 -140.069
-508.238 -414.838 -93.4008
-527.36 -421.593 -105.767
-519.88 -422.095 -97.7847
-513.236 -424.197 -89.0392
-506.757 -417.314 -89.4433
-498.605 -418.681 -79.924
-494.343 -422.826 -71.5167
-522.717 -425.377 -97.3407
-497.817 -422.073 -75.7439
-524.721 -432.325 -92.3963
-515.222 -415.191 -100.031
-522.699 -423.226 -99.4729
-508.626 -427.577 -81.0488
-491.34 -420.392 -70.948
-486.457 -421.526 -64.9311
-493.256 -423.204 -70.0525
-487.473 -419.03 -68.443
-496.571 -429.167 -67.4036
-505.326 -426.656 -78.6701
-480.1 -417.373 -62.7275
-482.646 -418.681 -63.9646
-478.243 -417.725 -60.5185
-485.524 -415.638 -69.8864
-497.84 -411.838 -86.0017
-492.41 -414.671 -77.739
-491.816 -409.698 -82.1185
-497.19 -413.38 -83.8098
-517.779 -412.45 -105.329
-485.88 -402.617 -83.2631
-506.418 -412.14 -94.2779
-532.406 -419.049 -113.358
-488.379 -410.983 -77.3964
-506.632 -408.429 -98.2033
-496.828 -405.385 -91.4432
-493.381 -416.639 -76.742
-511.74 -411.113 -100.627
-521.418 -419.008 -102.41
-529.767 -412.529 -117.237
-498.763 -414.299 -84.4637
-493.616 -410.212 -83.4034
-476.593 -406.958 -69.6347
-475.472 -408.835 -66.6378
-484.18 -403.346 -80.8336
-490.854 -405.953 -84.9005
-481.968 -404.929 -77.039
-490.587 -413.922 -76.6658
-487.039 -403.078 -83.9606
-537.016 -411.384 -125.632
-498.027 -428.389 -69.6377
-500.781 -418.098 -82.6832
-492.433 -423.071 -69.3628
-507.79 -417.339 -90.4512
-489.35 -417.155 -72.1954
-487.727 -417.28 -70.4476
-496.402 -413.358 -83.0438
-506.68 -414.725 -91.9545
-479.724 -408.837 -70.8868
-490.323 -413.258 -77.0649
-501.006 -410.465 -90.5407
-482.384 -415.431 -66.9528
-488.977 -410.739 -78.2389
-486.546 -416.18 -70.3658
-480.187 -414.774 -65.4128
-494.396 -417.076 -77.3197
-495.653 -411.343 -84.3096
-497.562 -405.777 -91.7845
-489.56 -396.458 -93.1019
-526.835 -413.98 -112.855
-498.734 -415.951 -82.7825
-516.164 -421.261 -94.9036
-497.024 -417.591 -79.4329
-496.865 -409.113 -87.7514
-502.173 -417.678 -84.4945
-485.851 -406.485 -79.3659
-492.535 -409.91 -82.6251
-506.234 -415.422 -90.8125
-488.55 -415.069 -73.4814
-506.857 -413.333 -93.5243
-498.715 -412.332 -86.3825
-494.13 -407.873 -86.2568
-480.203 -406.749 -73.4537
-469.975 -414.714 -55.2614
-476.046 -415.354 -60.6925
-477.517 -411.583 -65.9343
-480.703 -427.344 -53.3589
-479.466 -422.879 -56.5864
-476.168 -416.752 -59.4159
-472.073 -419.12 -52.9526
-494.999 -421.869 -73.1299
-481.957 -416.403 -65.5544
-486.501 -419.654 -66.8476
-495.705 -420.351 -75.354
-485.557 -414.619 -70.9378
-508.772 -415.156 -93.6163
-486.978 -419.511 -67.4672
-477.482 -412.736 -64.7461
-490.864 -413.982 -76.8822
-488.443 -416.936 -71.5069
-482.068 -422.624 -59.4441
-491.67 -423.462 -68.208
-501.983 -426.23 -75.7535
-481.489 -415.288 -66.2007
-500.269 -419.522 -80.7468
-501.127 -411.265 -89.8622
-484.805 -415.751 -69.0538
-472.626 -408.356 -64.2702
-477.346 -415.563 -61.782
-472.791 -410.856 -61.9344
-474.262 -408.162 -66.0999
-476.427 -409.355 -67.0727
-489.815 -411.798 -78.0174
-498.925 -421.344 -77.5816
-496.136 -418.011 -78.1249
-516.132 -416.58 -99.5522
-486.224 -414.946 -71.2776
-482.756 -407.515 -75.2413
-487.898 -415.924 -71.9745
-474.244 -409.722 -64.5215
-475.379 -412.174 -63.2051
-475.451 -411.374 -64.077
-491.714 -407.588 -84.1268
-503.133 -408.727 -94.4063
-481.17 -403.128 -78.0422
-510.612 -418.633 -91.9797
-477.338 -409.573 -67.7657
-488.931 -414.04 -74.8913
-479.187 -407.793 -71.3938
-477.762 -407.199 -70.5632
-492.492 -413.331 -79.1613
-500.108 -415.679 -84.4286
-498.354 -420.945 -77.4082
-495.719 -417.075 -78.6442
-477.367 -410.764 -66.6031
-485.9 -416.686 -69.2137
-481.872 -404.054 -77.8184
-475.324 -406.813 -68.5116
-484.114 -405.331 -78.7823
-488.255 -401.647 -86.6082
-489.273 -405.586 -83.6872
-489.918 -417.012 -72.9057
-474.958 -405.527 -69.4313
-501.459 -404.212 -97.2464
-494.411 -412.192 -82.2188
-477.87 -403.88 -73.9897
-478.638 -407.939 -70.6991
-497.689 -407.509 -90.1802
-494.71 -413.54 -81.1705
-484.688 -411.985 -72.7035
-482.06 -407.966 -74.0937
-479.426 -399.718 -79.7088
-475.751 -406.325 -69.4263
-475.191 -401.473 -73.7175
-493.801 -402.726 -91.0747
-518.01 -413.704 -104.306
-497.72 -410.82 -86.8999
-486.827 -412.421 -74.4061
-485.17 -413.169 -72.0012
-466.895 -405.911 -60.9834
-481.5 -414.676 -66.8243
-491.958 -415.279 -76.6786
-496.488 -414.416 -82.0716
-486.42 -415.106 -71.3138
-488.105 -412.006 -76.0984
-471.109 -409.706 -61.4029
-470.538 -403.963 -66.575
-478.509 -409.895 -68.6141
-468.042 -399.761 -68.2811
-503.489 -406.325 -97.1643
-505.124 -414.402 -90.7226
-491.839 -412.591 -79.2477
-497.846 -413.489 -84.3564
-487.883 -411.258 -76.6246
-472.05 -412.745 -59.3048
-486.383 -420.79 -65.5929
-514.463 -421.509 -92.954
-501.81 -425.594 -76.216
-506.464 -421.463 -85.0015
-507.583 -420.284 -87.2996
-488.367 -419.052 -69.3155
-515.783 -416.671 -99.1119
-491.769 -416.628 -75.1411
-487.368 -403.688 -83.6805
-511.039 -412.933 -98.1058
-498.346 -413.357 -84.9892
-498.296 -414.249 -84.0478
-485.299 -407.582 -77.7176
-503.948 -417.184 -86.7641
-497.946 -419.314 -78.6312
-505.776 -422.041 -83.7345
-496.57 -417.218 -79.3528
-526.321 -427.137 -99.1835
-514.072 -413.211 -100.86
-507.082 -410.312 -96.7701
-497.692 -411.564 -86.1284
-496.697 -410.194 -86.5026
-518.309 -416.734 -101.576
-499.889 -413.43 -86.4594
-487.44 -406.377 -81.0623
-499.364 -405.693 -93.6711
-493.021 -410.677 -82.3447
-477.39 -410.234 -67.156
-479.197 -408.396 -70.801
-494.899 -408.026 -86.8732
-481.966 -408.449 -73.5172
-491.106 -409.831 -81.275
-485.202 -415.003 -70.1987
-481.623 -406.073 -75.55
-473.686 -401.617 -72.0684
-476.108 -406.416 -69.6919
-483.742 -405.047 -78.695
-480.194 -403.03 -77.1644
-478.007 -399.007 -79.0002
-470.321 -404.417 -65.9039
-476.539 -405.569 -70.9696
-478.77 -403.221 -75.5484
-500.938 -405.776 -95.1622
-491.766 -400.908 -90.8589
-483.846 -401.739 -82.1076
-494.423 -402.837 -91.5862
-498.011 -410.124 -87.8868
-483.756 -401.989 -81.7668
-500.449 -412.709 -87.7407
-502.569 -411.648 -90.9211
-509.648 -406.814 -102.834
-508.597 -403.981 -104.616
-502.472 -404.208 -98.2645
-508.414 -416.931 -91.4837
-502.547 -404.383 -98.164
-502.738 -417.559 -85.1792
-485.108 -410.045 -75.0632
-488.867 -411.609 -77.2586
-488.89 -407.816 -81.0736
-490.321 -409.073 -81.2483
-527.281 -422.52 -104.761
-538.373 -425.933 -112.439
-549.129 -419.621 -129.507
-514.308 -408.872 -105.435
-503.397 -409.964 -93.4325
-498.371 -403.101 -95.2708
-569.874 -416.929 -152.945
-512.276 -422.226 -90.0505
-499.627 -407.075 -92.5518
-507.049 -414.177 -92.872
-490.292 -412.201 -78.0904
-548.957 -413.931 -135.026
-516.185 -415.498 -100.687
-534.04 -416.818 -117.221
-511.258 -415.713 -95.5448
-491.686 -417.492 -74.1935
-498.435 -407.472 -90.9637
-490.436 -412.763 -77.6728
-484.137 -415.902 -68.235
-483.7 -412.008 -71.6922
-485.397 -412.614 -72.7833
-485.651 -413.798 -71.8535
-500.191 -423.923 -76.2687
-505.253 -415.768 -89.4849
-528.819 -420.273 -108.546
-488.233 -412.413 -75.8204
-524.875 -412.732 -112.143
-494.254 -407.743 -86.5109
-487.417 -406.881 -80.5364
-493.165 -409.98 -83.1843
-467.63 -399.795 -67.8352
-478.939 -406.818 -72.1211
-486.145 -412.603 -73.5411
-500.604 -418.077 -82.5277
-478.034 -412.294 -65.7395
-500.347 -423.605 -76.7424
-476.561 -414.348 -62.2124
-499.492 -420.447 -79.0445
-513.586 -411.372 -102.213
-502.943 -420.504 -82.4388
-505.074 -417.354 -87.7207
-477.809 -414.949 -62.8598
-477.114 -410.332 -66.7816
-520.571 -424.475 -96.0962
-498.86 -402.487 -96.373
-490.267 -405.901 -84.3658
-504.669 -410.742 -93.927
-522.87 -406.984 -115.886
-503.396 -417.38 -86.0169
-534.994 -426.389 -108.606
-515.776 -417.045 -98.7313
-511.179 -416.012 -95.1672
-500.978 -407.93 -93.0477
-506.248 -404.228 -102.02
-498.522 -409.318 -89.2045
-495.757 -410.152 -85.6056
-490.242 -413.874 -76.3679
-503.259 -415.215 -88.0446
-544.622 -414.675 -129.947
-475.148 -410.109 -65.0397
-497.522 -414.329 -83.1935
-481.267 -412.161 -69.1053
-479.042 -406.285 -72.757
-479.282 -408.726 -70.5557
-489.157 -412.791 -76.3654
-501.248 -422.37 -78.8782
-484.998 -416.204 -68.7941
-492.324 -407.286 -85.0379
-468.135 -410.571 -57.564
-491.414 -420.337 -71.0773
-481.845 -418.013 -63.8312
-476.771 -419.757 -57.014
-474.318 -412.875 -61.4431
-488.619 -414.859 -73.7596
-506.767 -418.33 -88.4378
-479.903 -415.653 -64.2508
-499.633 -412.112 -87.5207
-474.85 -412.901 -61.9492
-482.052 -419.357 -62.695
-474.821 -414.932 -59.8886
-475 -414.462 -60.5384
-512.267 -421.219 -91.0478
-508.245 -417.982 -90.2622
-484.594 -422.3 -62.2947
-480.303 -412.132 -68.1705
-477.771 -416.17 -61.6006
-501.501 -418.887 -82.6138
-482.147 -424.151 -57.996
-482.019 -416.458 -65.5604
-500.662 -416.808 -83.8538
-474.226 -413.253 -60.973
-490.868 -419.085 -71.7832
-485.647 -428.055 -57.5917
-481.396 -413.867 -67.5285
-478.2 -419.771 -58.4287
-493.633 -417.233 -76.4008
-480.684 -417.371 -63.3137
-491.156 -415.809 -75.3466
-496.779 -417.253 -79.526
-537.17 -426.902 -110.268
-502.103 -417.806 -84.2965
-483.531 -409.193 -74.3379
-514.657 -416.617 -98.0395
-485.089 -412.938 -72.1518
-506.049 -420.015 -86.0344
-501.418 -414.709 -86.7092
-473.424 -410.161 -63.2629
-473.247 -412.939 -60.308
-492.443 -418.716 -73.7272
-477.625 -414.223 -63.4023
-492.243 -410.89 -81.3525
-480.104 -417.545 -62.5597
-483.328 -417.832 -65.4958
-473.866 -409.926 -63.9397
-487.072 -420.312 -66.759
-493.603 -420.987 -72.6161
-479.992 -418.654 -61.3379
-503.983 -420.276 -83.7072
-506.027 -414.47 -91.5571
-496.467 -406.299 -90.1681
-477.579 -407.312 -70.2664
-485.41 -403.85 -81.5593
-486.686 -409.502 -77.1839
-498.275 -419.628 -78.6475
-482.257 -408.288 -73.9691
-485.957 -409.004 -76.9531
-490.669 -404.832 -85.8369
-485.77 -416.283 -69.4876
-510.921 -411.017 -99.9042
-475.61 -403.969 -71.6407
-483.627 -412.961 -70.6659
-521.296 -411.074 -110.222
-490.409 -409.347 -81.0617
-490.118 -412.873 -77.2449
-505.637 -424.26 -81.3776
-480.08 -412.45 -67.6295
-465.673 -405.334 -60.3383
-484.864 -412.45 -72.4146
-490.024 -419.807 -70.2168
-473.234 -415.205 -58.0288
-483.473 -419.946 -63.5268
-487.096 -420.194 -66.9023
-479.1 -412.148 -66.9518
-471.591 -409.57 -62.0209
-469.378 -408.889 -60.4892
-484.692 -419.413 -65.2792
-469.871 -414.168 -55.7028
-501.37 -417.455 -83.9156
-509.274 -413.353 -95.9212
-524.536 -420.358 -104.179
-530.896 -414.23 -116.666
-473.794 -410.086 -63.7087
-473.746 -411.129 -62.6174
-481.265 -414.546 -66.7194
-498.297 -421.772 -76.5255
-491.72 -418.01 -73.7106
-482.105 -418.95 -63.1556
-491.641 -418.171 -73.4697
-526.579 -421.617 -104.962
-512.383 -426.493 -85.8905
-501.938 -430.485 -71.4527
-485.559 -424.754 -60.805
-481.05 -426.128 -54.9223
-497.867 -431.489 -66.3781
-498.85 -433.724 -65.1269
-500.116 -425.964 -74.1527
-477.002 -424.968 -52.0344
-488.045 -431.173 -56.8714
-483.528 -425.737 -57.7906
-485.013 -431.217 -53.7957
-491.171 -437.972 -53.1991
-510.142 -434.376 -75.7658
-477.719 -427.268 -50.4508
-501.61 -426.831 -74.7785
-493.387 -429.357 -64.0296
-499.106 -433.081 -66.0247
-497.752 -440.283 -57.4685
-531.652 -444.89 -86.7616
-524.786 -432.257 -92.5292
-525.864 -440.835 -85.0288
-509.769 -427.488 -82.2807
-511.057 -428.353 -82.7044
-503.294 -426.679 -76.6157
-506.535 -428.209 -78.3263
-487.867 -431.651 -56.2161
-529.216 -431.26 -97.9561
-478.541 -416.75 -61.7909
-489.379 -422.499 -66.8804
-477.7 -417.237 -60.4629
-474.218 -415.834 -58.3847
-481.165 -426.132 -55.033
-474.219 -416.753 -57.4655
-477.996 -420.488 -57.5077
-486.977 -423.143 -63.8339
-483.438 -423.026 -60.4122
-482.883 -419.337 -63.5457
-488.457 -427.596 -60.8604
-487.166 -426.417 -60.7492
-476.361 -419.612 -56.7483
-482.045 -420.153 -61.8917
-484.475 -419.258 -65.2179
-496.931 -425.034 -71.897
-521.521 -416.676 -104.845
-503.269 -408.439 -94.8302
-506.73 -417.606 -89.1236
-525.517 -411.535 -113.982
-533.16 -416.075 -117.086
-501.587 -416.538 -85.0483
-538.314 -411.491 -126.823
-528.82 -410.863 -117.956
-536.067 -419.193 -116.874
-525.479 -422.3 -103.179
-511.536 -416.305 -95.231
-501.597 -410.084 -91.513
-507.455 -411.337 -96.1182
-530.921 -408.257 -122.664
-508.153 -414.23 -93.9235
-536.839 -417.333 -119.506
-569.119 -418.048 -151.071
-545.589 -422.693 -122.897
-539.084 -418.96 -120.124
-549.155 -420.223 -128.932
-596.088 -419.156 -176.933
-570.443 -402.93 -167.513
-537.125 -401.677 -135.448
-535.748 -409.372 -126.376
-535.527 -399.955 -135.573
-484.935 -405.29 -79.645
-519.132 -408.917 -110.215
-522.145 -408.632 -113.513
-529.456 -408.213 -121.243
-511.139 -413.277 -97.8622
-495.182 -410.504 -84.6782
-499.055 -412.23 -86.8245
-497.067 -413.638 -83.4293
-494.305 -413.237 -81.0683
-499.101 -422.302 -76.7992
-472.328 -408.839 -63.4892
-489.498 -408.216 -81.2818
-490.586 -412.106 -78.4796
-474.867 -411.721 -63.1459
-472.489 -411.182 -61.3072
-481.377 -418.987 -62.3897
-480.991 -417.137 -63.8535
-478.343 -415.974 -62.3691
-483.416 -423.54 -59.8752
-482.152 -420.892 -61.2596
-480.885 -419.884 -61.0016
-479.925 -423.244 -56.681
-497.772 -421.911 -75.8609
-487.616 -425.506 -62.1101
-492.777 -424.444 -68.3335
-501.972 -425.532 -76.4402
-483.436 -422.501 -60.9352
-492.001 -422.953 -69.0481
-494.145 -416.964 -77.1802
-515.369 -423.243 -92.1264
-505.877 -419.462 -86.4152
-506.432 -416.058 -90.3736
-495.601 -409.978 -85.6232
-501.848 -417.991 -83.857
-492.121 -411.419 -80.7021
-502.31 -416.98 -85.3298
-483.196 -417.831 -65.3653
-488.74 -418.157 -70.5836
-498.019 -410.374 -87.6447
-483.785 -413.206 -70.5792
-491.162 -413.957 -77.2048
-493.97 -417.454 -76.5151
-470.557 -408.875 -61.6811
-466.668 -407.512 -59.1568
-476.296 -412.419 -63.8765
-492.55 -420.695 -71.8554
-480.065 -414.526 -65.5387
-487.257 -421.412 -65.8454
-488.257 -419.261 -68.9962
-474.792 -418.926 -55.8662
-479.229 -420.971 -58.2584
-497.345 -426.371 -70.9738
-481.063 -424.84 -56.223
-499.324 -423.691 -75.6324
-505.46 -425.197 -80.2638
-475.216 -417.86 -57.3554
-480.442 -418.28 -62.1619
-491.353 -419.658 -71.6951
-522.459 -416.692 -105.767
-491.589 -413.871 -77.7183
-488.633 -411.819 -76.814
-483.688 -410.492 -73.1966
-498.508 -414.332 -84.1757
-491.714 -417.387 -74.327
-487.756 -426.133 -61.6227
-489.337 -417.412 -71.9247
-483.689 -419.05 -64.639
-485.686 -420.084 -65.6021
-520.733 -425.074 -95.6588
-480.418 -417.777 -62.6408
-481.937 -417.286 -64.6515
-479.536 -413.767 -65.7691
-471.497 -412.569 -58.9281
-487.147 -408.156 -78.9912
-479.189 -416.089 -63.1006
-480.425 -412.037 -68.3879
-479.768 -409.521 -70.2471
-488.747 -415.878 -72.8688
-499.107 -416.511 -82.5965
-485.083 -417.924 -67.1586
-477.506 -417.169 -60.3364
-462.503 -416.716 -45.7862
-473.912 -417.066 -56.8465
-449.03 -412.663 -36.3668
-470.003 -411.296 -58.7068
-472.164 -417.522 -54.6425
-470.445 -414.49 -55.9551
inf -422.244 inf
-490.37 -433.184 -57.186
-458.917 -425.04 -33.8764
-466.259 -422.079 -44.1797
-479.079 -422.056 -57.0226
-494.705 -436.159 -58.5459
-492.981 -428.419 -64.5616
-503.767 -426.864 -76.9024
-477.65 -421.969 -55.6813
-489.701 -426.642 -63.0583
-483.255 -431.061 -52.1933
-470.541 -415.582 -54.959
-476.484 -419.402 -57.0826
-478.318 -417.078 -61.2406
-482.649 -418.989 -63.66
-472.915 -414.933 -57.9814
-475.115 -417.7 -57.4153
-474.844 -416.754 -58.0897
-476.831 -414.804 -62.0269
-474.362 -416.816 -57.5459
-473.662 -414.849 -58.813
-477.723 -415.371 -62.3516
-483.165 -420.033 -63.1317
-476.423 -413.969 -62.4535
-490.242 -418.854 -71.3877
-481.244 -417.73 -63.5148
-479.926 -413.108 -66.8177
-492.053 -421.471 -70.5824
-485.334 -417.916 -67.4176
-476.041 -411.623 -64.4177
-471.105 -411.667 -59.4388
-487.373 -419.624 -67.7485
-482.704 -409.261 -73.4431
-489.894 -414.76 -75.1334
-490.711 -414.563 -76.148
-486.607 -405.809 -80.7977
-469.509 -408.399 -61.1099
-471.76 -406.511 -65.2491
-483.081 -413.972 -69.1092
-479.752 -415.863 -63.8888
-480.424 -408.636 -71.7882
-494.662 -408.598 -86.0637
-488.898 -418.582 -70.3158
-506.761 -420.629 -86.1322
-507.325 -423.227 -84.0973
-517.234 -429.909 -87.3256
-489.684 -417.873 -71.8111
-512.092 -410.583 -101.509
-540.039 -419.231 -120.809
-492.823 -409.252 -83.5711
-500.421 -413.112 -87.3092
-479.515 -404.026 -75.4894
-493.534 -414.287 -79.2472
-483.198 -419.166 -64.0325
-485.17 -411.943 -73.2269
-482.717 -418.157 -64.5596
-489.331 -415.771 -73.5605
-492.623 -425.539 -67.0838
-484.313 -417.894 -66.4191
-482.48 -415.796 -66.6841
-495.76 -415.452 -80.3075
-477.962 -413.582 -64.3797
-490.845 -421.177 -69.6678
-472.724 -406.497 -66.2267
-477.145 -409.198 -67.947
-483.391 -412.561 -70.8301
-485.512 -408.229 -77.283
-475.731 -406.794 -68.9371
-479.887 -403.979 -75.9072
-472.523 -402.519 -70.0049
-493.358 -406.733 -86.6251
-488.196 -417.591 -70.6058
-488.51 -410.413 -78.0968
-472.005 -410.06 -61.9456
-479.043 -408.064 -70.9793
-493.785 -416.878 -76.9072
-467.333 -403.587 -63.7453
-478.319 -410.68 -67.6394
-484.933 -408.505 -76.4279
-490.963 -420.118 -70.8441
-480.348 -416.677 -63.671
-475.305 -405.625 -69.6803
-475.198 -412.839 -62.3591
-485.85 -411.094 -74.7563
-479.402 -412.639 -66.7621
-529.279 -414.105 -115.174
-506.927 -413.656 -93.2714
-518.845 -406.282 -112.563
-514.244 -408.89 -105.354
-489.034 -412.601 -76.4324
-468.765 -407.813 -60.9524
-507.665 -418.401 -89.2638
-481.944 -412.871 -69.0724
-487.702 -412.038 -75.6638
-485.19 -418.744 -66.4459
-482.643 -416.415 -66.2279
-482.615 -412.036 -70.5797
-474.907 -407.195 -67.7118
-480.672 -409.144 -71.5278
-490.044 -416.393 -73.6511
-482.916 -414.054 -68.8621
-484.27 -422.354 -61.9168
-460.639 -409.746 -50.8926
-489.439 -420.296 -69.1431
-512.946 -412.274 -100.672
-486.699 -412.918 -73.781
-486.133 -413.22 -72.9134
-489.657 -407.082 -82.5756
-476.822 -410.033 -66.789
-485.242 -414.869 -70.3729
-549.874 -413.572 -136.301
-489.175 -407.773 -81.4018
-499.328 -410.005 -89.3228
-503.472 -414.919 -88.553
-501.178 -426.739 -74.4389
-485.646 -413.404 -72.2417
-497.616 -425.847 -71.7689
-486.01 -417.861 -68.1492
-497.749 -428.913 -68.8366
-488.532 -422.552 -65.9803
-474.401 -414.73 -59.6704
-498.901 -419.025 -79.8755
-494.41 -419.218 -75.1922
-500.983 -423.686 -77.2966
-482.063 -415.226 -66.8371
-499.62 -419.19 -80.4301
-494.827 -427.153 -67.6738
-498.148 -417.929 -80.2194
-519.077 -413.251 -105.826
-483.541 -411.836 -71.7049
-483.338 -414.401 -68.9365
-480.773 -415.019 -65.7532
-486.853 -414.08 -72.7731
-484.489 -422.203 -62.2853
-487.286 -417.321 -69.9651
-521.989 -417.691 -104.297
-517.57 -418.935 -98.635
-529.442 -427.342 -102.1
-504.64 -417.486 -87.1544
-503.835 -424.951 -78.884
-491.565 -414.026 -77.5388
-487.386 -408.348 -79.0378
-521.184 -418.17 -103.015
-497.828 -414.07 -83.7582
-497.784 -414.187 -83.5969
-493.554 -417.437 -76.1169
-485.191 -410.305 -74.8866
-481.096 -408.996 -72.1005
-489.467 -407.46 -82.0078
-473.044 -404.284 -68.7599
-486.371 -405.214 -81.1569
-485.632 -405.019 -80.6129
-487.595 -404.506 -83.0893
-479.995 -409.942 -70.0523
-484.098 -410.466 -73.6316
-483.357 -402.996 -80.3615
-483.464 -410.946 -72.5179
-497.362 -410.352 -87.0103
-493.849 -399.01 -94.8392
-510.938 -403.3 -107.638
-481.759 -402.339 -79.4198
-474.443 -405.025 -69.418
-491.149 -416.588 -74.5613
-475.037 -412.768 -62.269
-480.845 -409.087 -71.7581
-478.146 -414.364 -63.7821
-488.609 -411.397 -77.2116
-500.337 -410.97 -89.3672
-485.156 -411.581 -73.5748
-471.379 -408.407 -62.9713
-481.114 -409.732 -71.3818
-493.035 -412.384 -80.6515
-505.312 -409.677 -95.6351
-492.101 -418.922 -73.1792
-493.334 -419.117 -74.2173
-496.338 -419.525 -76.8133
-481.047 -417.453 -63.5937
-493.93 -419.005 -74.9246
-503.393 -425.664 -77.7284
-552.159 -424.621 -127.538
-483.672 -406.672 -77.0002
-478.044 -407.654 -70.39
-470.633 -405.878 -64.7553
-481.11 -413.804 -67.306
-484.704 -417.522 -67.1819
-482.43 -419.692 -62.7385
-475.092 -410.765 -64.3266
-476.647 -415.364 -61.2824
-465.485 -409.068 -56.4164
-485.03 -421.364 -63.6661
-487.653 -420.928 -66.725
-499.866 -420.682 -79.1842
-492.982 -424.476 -68.5058
-482.448 -421.279 -61.1699
-488.843 -429.411 -59.4323
-476.829 -413.866 -62.9626
-498.231 -415.15 -83.0809
-486.161 -418.284 -67.8771
-477.731 -412.755 -64.9764
-473.622 -408.395 -65.2263
-485.144 -415.934 -69.2095
-480.985 -416.984 -64.0015
-493.764 -408.203 -85.5606
-477.434 -410.072 -67.362
-474.489 -410.54 -63.9482
-484.017 -413.601 -70.416
-505.458 -418.371 -87.0874
-471.799 -409.674 -62.1246
-483.003 -413.473 -69.5301
-495.138 -425.113 -70.0249
-501.269 -423.164 -78.1046
-477.091 -411.666 -65.4255
-482.415 -408.364 -74.0516
-501.951 -411.96 -89.9908
-510.16 -411.629 -98.5303
-506.022 -404.566 -101.455
-478.071 -409.462 -68.6093
-479.021 -418.127 -60.8931
-482.686 -422.05 -60.6355
-492.028 -410.979 -81.0488
-497.534 -416.597 -80.9365
-477.388 -410.189 -67.199
-476.899 -415.833 -61.0658
-483.375 -416.742 -66.6326
-495.205 -429.149 -66.0562
-504.516 -432.685 -71.8303
-481.272 -420.364 -60.9081
-476.278 -415.079 -61.1997
-470.118 -410.664 -59.4542
-485.711 -417.303 -68.4084
-478.081 -419.5 -58.5817
-503.957 -421.542 -82.4145
-498.172 -419.904 -78.2678
-476.672 -415.216 -61.4554
-485.615 -423.087 -62.5278
-480.333 -420.905 -59.4275
-484.8 -414.316 -70.4844
-483.87 -417.236 -66.6346
-480.789 -418.212 -62.5769
-480.554 -420.187 -60.3677
-488.478 -419.305 -69.1731
-491.929 -413.179 -78.7501
-477.136 -415.56 -61.5758
-494.719 -424.653 -70.0666
-482.079 -411.715 -70.364
-479.102 -412.698 -66.4036
-470.993 -411.841 -59.1515
-475.259 -405.945 -69.3138
-477.758 -417.821 -59.9369
-466.89 -406.997 -59.8935
-465.737 -406.292 -59.445
-475.569 -412.713 -62.8555
-470.949 -413.994 -56.9555
-489.649 -425.13 -64.5193
-496.943 -430.97 -65.9734
-477.426 -415.225 -62.2013
-473.848 -412.947 -60.9011
-477.064 -405.521 -71.5436
-481.422 -414.916 -66.5061
-492.889 -422.554 -70.3355
-492.19 -417.51 -74.6799
-489.932 -426.775 -63.1574
-507.918 -426.622 -81.2965
-494.359 -417.84 -76.5187
-519.414 -422.942 -96.4714
-530.672 -419.412 -111.26
-530.316 -422.245 -108.071
-512.373 -420.035 -92.3383
-526.814 -416.642 -110.171
-484.579 -416.017 -68.5623
-480.196 -413.212 -66.9846
-477.257 -416.283 -60.9742
-493.27 -422.039 -71.2307
-504.377 -426.912 -77.465
-477.482 -418.403 -59.0794
-478.013 -420.774 -57.2389
-489.799 -430.449 -59.3501
-515.842 -435.48 -80.3619
-505.931 -434.904 -71.0268
-505.008 -433.622 -71.3861
-491.353 -430.963 -60.3903
-482.095 -429.055 -53.0406
-483.538 -427.739 -55.7996
-478.972 -425.962 -53.0098
-494.233 -429.471 -64.7621
-482.199 -428.485 -53.7144
-482.095 -425.381 -56.7141
-477.529 -420.953 -56.5769
-487.579 -422.261 -65.3181
-478.204 -429.494 -48.7092
-478.159 -424.554 -53.6051
-484.938 -422.119 -62.8195
-478.288 -421.208 -57.08
-490.999 -423.892 -67.1071
-489.997 -424.296 -65.7004
-488.507 -421.49 -67.0167
-481.248 -414.403 -66.8445
-501.779 -415.77 -86.0089
-497.005 -415.564 -81.441
-494.14 -415.789 -78.3511
-480.39 -418.294 -62.0956
-488.356 -419.102 -69.2537
-481.346 -419.925 -61.4218
-489.918 -415.332 -74.5853
-485.086 -420.937 -64.1491
-488.857 -420.686 -68.1712
-479.564 -416.548 -63.0162
-484.357 -416.502 -67.8555
-493.635 -416.385 -77.25
-492.477 -420.965 -71.5113
-481.814 -420.087 -61.7268
-485.424 -413.754 -71.6703
-484.946 -421.72 -63.2261
-476.444 -408.496 -67.9483
-486.041 -420.537 -65.5042
-478.684 -410.049 -68.6343
-498.695 -414.225 -84.4703
-493.246 -408.96 -84.2863
-475.893 -404.142 -71.7501
-503.051 -410.492 -92.5585
-489.305 -412.562 -76.7438
-498.82 -419.137 -79.6831
-492.135 -415.656 -76.4797
-488.423 -411.539 -76.8839
-482.197 -408.89 -73.307
-490.295 -407.671 -82.6245
-494.326 -412.9 -81.4254
-475.019 -416.335 -58.6832
-475.102 -417.739 -57.3637
-474.744 -413.752 -60.9916
-513.998 -418.301 -95.6963
-500.023 -429.926 -70.0972
-498.538 -429.524 -69.0138
-486.797 -418.459 -68.3381
-489.02 -430.699 -58.321
-477.944 -421.341 -56.6032
-486.845 -422.115 -64.7295
-492.673 -421.287 -71.3865
-492.429 -424.306 -68.1228
-475.996 -418.766 -57.2298
-481.871 -413.864 -68.0064
-489.685 -418.791 -70.8944
-487.807 -431.041 -56.7651
-482.62 -417.099 -65.5214
-481.869 -419.477 -62.3917
-489.481 -421.232 -68.2496
-472.912 -411.829 -61.0827
-482.312 -410.781 -71.5313
-503.964 -416.241 -87.7221
-486.618 -413.194 -73.4246
-487.054 -409.55 -77.5046
-497.889 -416.821 -81.0681
-497.256 -414.174 -83.0814
-503.494 -414.05 -89.4431
-508.737 -420.298 -88.4388
-484.054 -398.494 -85.5599
-508.76 -410.811 -97.9488
-488.026 -405.761 -82.2648
-485.509 -416.375 -69.1339
-476.159 -407.274 -68.8848
-494.828 -413.437 -81.3904
-476.179 -408.539 -67.6398
-476.823 -413.4 -63.4229
-477.646 -411.395 -66.2503
-491.098 -409.645 -81.4531
-490.856 -410.286 -80.5705
-488.527 -409.248 -79.2792
-505.486 -409.268 -96.2181
-481.928 -408.533 -73.3951
-500.379 -407.949 -92.4308
-500.617 -403.095 -97.5222
-498.874 -403.427 -95.4469
-504.595 -398.825 -105.769
-498.777 -402.464 -96.3135
-490.796 -399.369 -91.4268
-482.943 -400.709 -82.2337
-503.379 -400.379 -103
-502.847 -402.965 -99.8817
-496.592 -404.782 -91.8096
-489.566 -407.431 -82.1352
-502.605 -405.79 -96.8144
-534.636 -411.602 -123.034
-515.223 -404.04 -111.183
-538.955 -409.252 -129.703
-496.853 -407.589 -89.2639
-512.253 -416.382 -95.8712
-513.1 -402.306 -110.794
-493.206 -406.037 -87.1689
-528.631 -403.087 -125.544
-504.537 -411.173 -93.364
-496.234 -396.469 -99.7649
-494.954 -399.645 -95.3096
-481.482 -396.416 -85.0659
-490.076 -406.32 -83.7565
-493.174 -414.231 -78.9432
-487.732 -415.345 -72.3868
-484.038 -411.041 -72.997
-478.298 -411.754 -66.5444
-478.964 -417.238 -61.7258
-483.867 -416.446 -67.4209
-473.734 -413.152 -60.5814
-479.381 -411.207 -68.1744
-473.132 -408.484 -64.6479
-485.478 -410.352 -75.1257
-476.152 -407.018 -69.1347
-479.278 -415.2 -64.0771
-490.75 -413.833 -76.9171
-486.598 -415.432 -71.1655
-485.448 -421.857 -63.5913
-482.938 -422.271 -60.6666
-482.581 -417.962 -64.6193
-483.064 -413.244 -69.8192
-481.024 -414.63 -66.3939
-487.742 -427.11 -60.6328
-479.023 -421.189 -57.8335
-476.708 -420.402 -56.3066
-460.585 -422.27 -38.3149
-473.91 -419.302 -54.608
-473.163 -418.726 -54.437
-486.393 -426.397 -59.9958
-490.816 -421.255 -69.5611
-491.724 -423.296 -68.4287
-484.275 -416.194 -68.0809
-483.731 -415.147 -68.5846
-482.636 -410.064 -72.5717
-475.59 -407.414 -68.1766
-494.205 -412.92 -81.2848
-472.972 -406.456 -66.5152
-481.073 -404.872 -76.2009
-474.11 -409.983 -64.1271
-477.028 -409.745 -67.2831
-500.474 -411.039 -89.4349
-504.813 -406.205 -98.6077
-506.142 -414.478 -91.6634
-519.719 -411.159 -108.56
-520.037 -418.47 -101.567
-520.782 -407.786 -112.996
-530.748 -413.097 -117.65
-531.589 -414.774 -116.815
-540.398 -418.879 -121.519
-511.243 -416.725 -94.5181
-498.458 -412.935 -85.5238
-518.196 -421.739 -96.457
-509.341 -419.431 -89.9098
-509.799 -421.867 -87.9322
-517.54 -420.498 -97.0422
-534.788 -425.633 -109.155
-499.931 -407.157 -92.7741
-482.324 -403.95 -78.3738
-503.107 -413.769 -89.3387
-497.568 -413.957 -83.6115
-484.898 -413.679 -71.2194
-515.318 -412.821 -102.497
-590.055 -417.733 -172.322
-500.872 -412.518 -88.3539
-486.61 -405.473 -81.1376
-481.607 -410.832 -70.7757
-494.438 -423.144 -71.2938
-487.066 -409.05 -78.0161
-483.267 -408.1 -75.1669
-495.253 -420.091 -75.1616
-517.581 -418.073 -99.5075
-490.722 -419.667 -71.0551
-475.172 -412.171 -63.0011
-475.856 -403.375 -72.4809
-491.32 -416.967 -74.3526
-509.362 -411.843 -97.5184
-483.088 -409.341 -73.7471
-487.46 -420.426 -67.0346
-488.783 -412.741 -76.042
-487.283 -424.423 -62.8602
-495.347 -425.248 -70.0987
-479.199 -416.255 -62.9433
-485.653 -415.503 -70.1498
-490.12 -427.004 -63.1158
-495.253 -428.347 -66.9059
-497.702 -418.312 -79.3904
-473.461 -412.13 -61.3306
-486.626 -416.16 -70.4658
-480.914 -417.792 -63.1224
-470.599 -408.781 -61.8182
-475.314 -413.379 -61.935
-471.784 -410.897 -60.8868
-492.8 -423.932 -68.8672
-481.47 -410.176 -71.2944
-482.497 -420.464 -62.0334
-497.699 -421.64 -76.0587
-494.732 -420.872 -73.8599
-484.146 -419.805 -64.3403
-497.407 -416.186 -81.2215
-496.225 -422.489 -73.7368
-477.355 -409.891 -67.4643
-497.984 -406.319 -91.6657
-494.232 -422.536 -71.6965
-479.524 -411.135 -68.3885
-488.745 -409.312 -79.4327
-484.871 -406.208 -78.6625
-516.571 -428.054 -88.5171
-476.226 -408.336 -67.89
-482.624 -405.654 -76.9702
-493.845 -407.14 -86.7056
-505.529 -420.479 -85.0494
-501.426 -426.044 -75.3823
-487.531 -425.08 -62.4513
-498.657 -417.526 -81.1308
-482.507 -415.91 -66.5965
-510.271 -425.051 -85.2203
-483.951 -413.668 -70.2833
-489.463 -415.761 -73.7014
-482.845 -414.544 -68.3012
-485.299 -409.951 -75.3489
-483.876 -404.613 -79.2631
-473.775 -407.22 -66.5549
-476.56 -402.513 -74.0471
-496.207 -410.957 -85.2496
-473.272 -412.84 -60.4321
-480.54 -410.388 -70.1525
-476.417 -418.182 -58.2354
-484.05 -424.994 -59.0559
-485.656 -421.296 -64.3595
-485.556 -420.075 -65.4816
-480.917 -417.208 -63.709
-487.954 -416.009 -71.9457
-480.649 -417.334 -63.3146
-477.896 -416.459 -61.4373
-476.444 -417.169 -59.2754
-486.302 -420.16 -66.1418
-473.109 -416.5 -56.6092
-482.141 -420.359 -61.7822
-496.777 -424.02 -72.7571
-507.545 -420.962 -86.5827
-507.952 -415.292 -92.6598
-484.34 -413.766 -70.5745
-487.47 -417.55 -69.9194
-484.985 -412.833 -72.1524
-504.527 -413.579 -90.9481
-498.197 -412.13 -86.0665
-484.731 -415.899 -68.8328
-488.851 -419.878 -68.9735
-492.282 -414.394 -77.8876
-486.635 -421.427 -65.2079
-487.954 -419.757 -68.1967
-487.653 -414.107 -73.5458
-489.904 -429.329 -60.5746
-485.944 -413.643 -72.3015
-488.981 -415.904 -73.0775
-475.202 -413.292 -61.9106
-475.535 -414.985 -60.5506
-472.32 -415.342 -56.9777
-496.829 -429.955 -66.8742
-499.622 -417.147 -82.4755
-483.218 -418.402 -64.8157
-488.363 -430.082 -58.2807
-488.07 -427.363 -60.7069
-504.352 -426.063 -78.2898
-486.755 -427.446 -59.3092
-485.956 -426.042 -59.9143
-486.071 -426.119 -59.9521
-490.012 -428.439 -61.5734
-483.259 -429.626 -53.633
-490.508 -439.858 -50.6498
-499.018 -423.534 -75.4843
-480.922 -421.594 -59.328
-482.112 -425.374 -56.7375
-496.318 -429.16 -67.1577
-516.873 -426.878 -89.9957
-490.365 -437.155 -53.2103
-500.038 -435.175 -64.8634
-499.14 -436.52 -62.6199
-488.484 -431.122 -57.3615
-490.644 -435.544 -55.0995
-494.034 -437.551 -56.4831
-500.898 -430.662 -70.236
-483.697 -426.692 -57.0048
-490.729 -430.697 -60.032
-498.416 -428.917 -69.4981
-514.936 -433.946 -80.9897
-506.203 -428.974 -77.2284
-493.79 -430.066 -63.7241
-490.145 -435.694 -54.4508
-500.889 -438.604 -62.2847
-527.169 -436.959 -90.2096
-492.523 -436.741 -55.7816
-492.527 -442.388 -50.1388
-484.48 -431.905 -52.5748
-476.829 -431.843 -44.9862
-504.957 -441.8 -63.1564
-508.735 -434.759 -73.9761
-517.523 -437.736 -79.7868
-505.254 -452.741 -52.5129
-510.221 -440.381 -69.8392
-491.548 -435.276 -56.2718
-483.118 -434.507 -48.6117
-505.163 -435.54 -69.6228
-497.229 -432.737 -64.4923
-492.381 -429.853 -62.5273
-486.936 -432.256 -54.6805
-482.949 -431.104 -51.8453
-491.841 -430.25 -61.5909
-506.636 -428.24 -78.3964
-489.816 -433.306 -56.51
-492.139 -431.86 -60.2792
-484.265 -432.388 -51.8769
-487.726 -427.636 -60.0909
-500.427 -439.914 -60.5127
-494.622 -435.683 -58.9387
-505.249 -432.9 -72.3495
-509.063 -428.19 -80.873
-487.552 -424.921 -62.6304
-505.973 -428.964 -77.009
-507.892 -430.735 -77.1565
-510.473 -432.11 -78.3631
-522.778 -443.15 -79.6274
-525.605 -438.74 -86.8654
-511.723 -431.124 -80.5992
-503.197 -425.791 -77.4066
-510.429 -426.666 -83.7633
-495.183 -418.459 -76.7239
-492.475 -419.898 -72.5776
-488.679 -416.522 -72.1573
-479.661 -413.752 -65.9084
-495.028 -417.014 -78.0148
-497.262 -419.206 -78.056
-499.44 -411.842 -87.5984
-497.586 -411.966 -85.62
-511.674 -405.198 -106.476
-475.793 -407.484 -68.3083
-485.885 -409.261 -76.6245
-484.542 -421.423 -63.1184
-491.187 -414.797 -76.3894
-503.044 -422.657 -80.3871
-527.416 -415.68 -111.736
-492.293 -406.524 -85.7692
-485.915 -407.533 -78.382
-481.243 -413.504 -67.7389
-476.872 -413.384 -63.4877
-484.865 -417.832 -67.0327
-493.331 -417.284 -76.0474
-486.412 -425.853 -60.5588
-480.258 -416.252 -64.0058
-484.5 -417.691 -66.8092
-496.24 -423.687 -72.5527
-491.149 -412.835 -78.3135
-485.061 -413.955 -71.106
-514.6 -420.652 -93.9482
-495.609 -413.952 -81.6571
-493.749 -419.542 -74.2061
-492.742 -415.097 -77.6448
-509.398 -412.987 -96.4107
-490.296 -405.493 -84.8024
-469.103 -400.211 -68.892
-479.636 -413.024 -66.6116
-481.998 -409.924 -72.0735
-473.005 -410.719 -62.2862
-481.381 -408.915 -72.4664
-483 -407.265 -75.7348
-519.174 -415.096 -104.078
-514.938 -411.703 -103.235
-501.535 -416.368 -85.1677
-494.836 -410.514 -84.3226
-483.724 -409.8 -73.924
-469.954 -408.22 -61.7344
-469.417 -410.625 -58.792
-490.476 -419.392 -71.0838
-472.773 -411.034 -61.7393
-465.277 -407.465 -57.8126
-474.644 -407.864 -66.7797
-471.192 -409.859 -61.3327
-481.516 -414.108 -67.4087
-474.905 -410.854 -64.0513
-466.008 -405.36 -60.6471
-470.352 -412.861 -57.4907
-472.487 -413.371 -59.1151
-474.667 -417.037 -57.6296
-477.813 -414.191 -63.6224
-488.005 -408.943 -79.0615
-490.415 -411.012 -79.4026
-517.495 -417.933 -99.562
-520.223 -419.325 -100.898
-480.463 -410.16 -70.303
-481.706 -408.277 -73.4289
-490.061 -416.412 -73.6486
-497.344 -417.753 -79.5912
-498.712 -420.664 -78.0479
-497.45 -430.717 -66.7327
-501.826 -431.023 -70.8034
-506.184 -425.981 -80.203
-482.538 -418.297 -64.2412
-473.31 -413.083 -60.2273
-495.772 -420.523 -75.2494
-505.906 -415.709 -90.1978
-503.738 -413.322 -90.4166
-501.464 -418.766 -82.6973
-492.696 -420.993 -71.7028
-491.317 -417.87 -73.4466
-483.022 -422.727 -60.2948
-494.356 -415.091 -79.2648
-494.745 -423.208 -71.5366
-477.725 -415.862 -61.8633
-475.816 -408.411 -67.4052
-486.104 -408.17 -77.9342
-480.452 -407.608 -72.844
-516.908 -414.922 -101.986
-493.958 -406.509 -87.4484
-488.218 -401.031 -87.1873
-488.899 -408.155 -80.7448
-489.424 -416.713 -72.7108
-492.502 -410.876 -81.6252
-492.867 -416.42 -76.4479
-496.15 -404.406 -91.7439
-505.747 -415.965 -89.7822
-489.871 -401.059 -88.8123
-499.255 -406.974 -92.2812
-545.476 -411.959 -133.518
-507.791 -401.454 -106.337
-514 -402.498 -111.502
-516.413 -409.285 -107.128
-494.647 -405.621 -89.0255
-535.253 -407.978 -127.275
-510.697 -418.876 -91.8204
-497.413 -411.305 -86.1084
-480.293 -406.479 -73.8139
-522.402 -417.941 -104.461
-483.613 -414.213 -69.3999
-491.889 -412.409 -79.4798
-492.977 -419.264 -73.7129
-477.719 -408.543 -69.1761
-474.926 -405.685 -69.2415
-495.406 -414.101 -81.3047
-474.259 -408.82 -65.4391
-483.578 -414.134 -69.4442
-482.673 -406.608 -76.0654
-475.075 -406.463 -68.612
-484.513 -418.111 -66.4017
-473.451 -410.724 -62.7266
-493.833 -416.101 -77.7322
-497.776 -424.159 -73.6161
-487.584 -419.992 -67.5927
-473.699 -402.545 -71.1543
-480.258 -416.704 -63.5535
-485.782 -410.696 -75.0856
-488.668 -411.476 -77.1921
-478.686 -416.639 -62.0469
-482.2 -414.455 -67.7457
-481.739 -414.679 -67.0601
-467.929 -411.831 -56.0978
-479.728 -421.242 -58.4861
-475.076 -415.794 -59.2816
-477.256 -419.028 -58.2277
-485.738 -421.924 -63.8139
-470.333 -411.583 -58.7502
-488.893 -412.359 -76.5333
-484.33 -412.948 -71.3824
-487.293 -414.197 -73.0959
-476.605 -402.976 -73.6284
-485.29 -411.021 -74.2688
-474.055 -407.178 -66.8769
-476.371 -413.91 -62.4608
-471.833 -409.865 -61.9679
-479.861 -404.09 -75.7712
-471.591 -404.02 -67.5716
-478.775 -411.54 -67.2349
-506.576 -421.063 -85.513
-485.126 -412.972 -72.1541
-493.033 -417.023 -76.0102
-488.485 -416.903 -71.5816
-502.269 -423.858 -78.411
-479.91 -405.7 -74.2098
-484.234 -403.365 -80.8693
-488.019 -417.491 -70.5286
-491.662 -416.135 -75.5271
-489.319 -420.733 -68.5864
-492.387 -408.383 -84.0043
-485.502 -415.341 -70.161
-494.313 -418.86 -75.4525
-487.93 -418.08 -69.8496
-485.892 -419.245 -66.6471
-510.598 -418.346 -92.2515
-488.311 -412.859 -75.4513
-484.251 -410.169 -74.0814
-476.669 -406.738 -69.9308
-475.67 -405.389 -70.2809
-477.804 -413.762 -64.0423
-480.469 -416.132 -64.3367
-473.79 -416.795 -56.9946
-477.909 -417.854 -60.055
-480.202 -411.913 -68.2889
-490.003 -414.472 -75.531
-469.847 -411.787 -58.06
-477.707 -419.395 -58.3121
-478.807 -414.675 -64.1313
-477.597 -409.541 -68.056
-505.286 -416.737 -88.5491
-476.326 -408.237 -68.0893
-483.665 -419.053 -64.6121
-487.836 -411.856 -75.9799
-487.11 -419.501 -67.6089
-478.757 -416.755 -62.0025
-496.256 -420.867 -75.3896
-470.29 -414.733 -55.5578
-482.634 -420.753 -61.8808
-475.304 -409.649 -65.6548
-484.462 -409.998 -74.4641
-486.841 -413.524 -73.3168
-486.522 -420.39 -66.132
-473.817 -412.712 -61.1053
-488.087 -413.597 -74.49
-492.786 -420.062 -72.724
-485.148 -412.339 -72.8087
-479.643 -408.384 -71.2587
-482.787 -404.925 -77.8624
-497.174 -402.409 -94.7658
-477.09 -397.458 -79.6328
-525.179 -414.541 -110.637
-492.035 -414.211 -77.8244
-515.708 -409.398 -106.31
-487.161 -406.291 -80.8706
-514.382 -402.142 -112.24
-521.928 -417.81 -104.119
-486.134 -405.368 -80.7664
-470.455 -398.438 -72.0176
-477.419 -399.964 -77.455
-490.978 -402.992 -87.9855
-503.622 -405.697 -97.9247
-504.206 -394.231 -109.975
-497.121 -396.564 -100.557
-497.222 -403.105 -94.1173
-484.113 -401.151 -82.9622
-482.82 -395.632 -87.1881
-486.09 -398.366 -87.7238
-473.757 -391.836 -81.9216
-473.525 -394.322 -79.2033
-491.269 -413.031 -78.2375
-497.338 -406.894 -90.4443
-482.448 -405.903 -76.5443
-497.182 -407.583 -89.599
-492.378 -414.248 -78.1305
-480.534 -398.502 -82.0321
-499.642 -409.757 -89.8856
-503.331 -404.561 -98.7703
-504.51 -406.008 -98.5018
-500.094 -409.398 -90.6955
-540.987 -409.021 -131.966
-583.185 -418.079 -165.106
-542.376 -414.27 -128.106
-556.029 -415.397 -140.633
-566.364 -414.572 -151.791
-530.441 -404.093 -126.347
-519.123 -417.191 -101.932
-523.62 -408.36 -115.26
-517.713 -402.459 -115.253
-502.498 -404.821 -97.677
-507.538 -406.519 -101.019
-509.544 -407.803 -101.741
-514.425 -409.799 -104.627
-506.243 -417.063 -89.1804
-501.018 -413.979 -87.0392
-490.608 -414.019 -76.589
-483.268 -407.312 -75.9559
-508.684 -414.665 -94.019
-486.834 -401.709 -85.1255
-483.509 -414.125 -69.3834
-502.573 -412.91 -89.6625
-486.458 -405.52 -80.9377
-484.611 -411.501 -73.1102
-486.312 -405.923 -80.3892
-480.409 -408.935 -71.4737
-480.942 -409.387 -71.5545
-473.284 -405.934 -67.3499
-486.633 -418.035 -68.5972
-492.532 -410.153 -82.3787
-480.674 -407.015 -73.6591
-490.767 -422.75 -68.0173
-499.765 -423.661 -76.1036
-495.925 -417.096 -78.829
-483.258 -411.851 -71.4074
-476.459 -408.191 -68.2682
-489.21 -408.462 -80.7488
-488.472 -417.303 -71.1697
-519.548 -410.274 -109.274
-521.949 -408.273 -113.676
-503.31 -412.96 -90.3498
-508.588 -411.189 -97.3987
-481.417 -418.044 -63.373
-476.418 -409.443 -66.9754
-478.952 -418.723 -60.2282
-493.53 -417.462 -76.0684
-470.827 -410.877 -59.9499
-470.786 -409.358 -61.4289
-497.862 -414.805 -83.0563
-464.996 -409.602 -55.3943
-481.116 -420.347 -60.7689
-470.297 -410.876 -59.4215
-480.4 -408.923 -71.4769
-467.999 -404.067 -63.9322
-472.682 -411.207 -61.4751
-486.502 -407.206 -79.2964
-477.094 -407.79 -69.3042
-483.66 -419.598 -64.0625
-477.744 -414.428 -63.316
-479.273 -412.998 -66.2747
-509.425 -413.587 -95.838
-492.485 -411.79 -80.6952
-488.41 -405.846 -82.5635
-472.547 -408.997 -63.5505
-471.063 -406.344 -64.719
-473.169 -408.152 -65.0169
-467.276 -408.209 -59.067
-486.585 -413.059 -73.5261
-485.807 -422.007 -63.7998
-487.321 -416.181 -71.1402
-481.511 -413.682 -67.8294
-501.079 -412.181 -88.8983
-478.805 -405.957 -72.8477
-480.356 -412.55 -67.8065
-503.901 -413.293 -90.6085
-477.526 -410.943 -66.5833
-488.361 -419.219 -69.1418
-479.818 -413.919 -65.8989
-477.158 -413.172 -63.9855
-475.783 -407.312 -68.4713
-467.304 -406.005 -61.2984
-484.641 -421.832 -62.8085
-479.432 -408.77 -70.6619
-488.145 -424.29 -63.8551
-484.274 -420.545 -63.7284
-477.19 -406.216 -70.9739
-470.253 -409.445 -60.8081
-485.011 -410.26 -74.7501
-479.464 -407.085 -72.3794
-512.342 -412.81 -99.5317
-483.271 -413.552 -69.7184
-499.78 -409.744 -90.0365
-474.287 -409.113 -65.1748
-479.163 -415.854 -63.3086
-483.428 -415.309 -68.1185
-481.837 -416.563 -65.2737
-483.453 -409.417 -74.0362
-486.414 -416.053 -70.3606
-485.458 -418.917 -66.5402
-497.513 -427.07 -70.4425
-487.275 -416.523 -70.7522
-474.309 -408.271 -66.0382
-477.069 -409.146 -67.9235
-486.158 -411.493 -74.6651
-500.656 -405.576 -95.0803
-481.098 -405.955 -75.1434
-513.491 -414.309 -99.1829
-485.458 -405.918 -79.5405
-491.396 -403.447 -87.9489
-494.267 -414.023 -80.2438
-493.265 -409.676 -83.5887
-508.431 -405.453 -102.978
-494.583 -405.134 -89.4493
-503.636 -419.916 -83.7201
-511.188 -412.146 -99.0418
-513.223 -412.967 -100.256
-493.825 -422.418 -71.4065
-480.442 -411.118 -69.3235
-512.634 -414.459 -98.1742
-478.812 -404.328 -74.4843
-487.375 -408.346 -79.029
-500.138 -417.787 -82.3511
-487.583 -406.029 -81.5546
-484.941 -405.243 -79.6979
-505.541 -408.568 -96.9727
-493.718 -410.072 -83.6462
-508.942 -408.771 -100.171
-500.653 -404.097 -96.5559
-499.449 -414.41 -85.0386
-498.309 -398.251 -100.058
-520.714 -419.485 -101.229
-515.083 -407.209 -107.873
-507.123 -403.895 -103.228
-499.437 -414.795 -84.6415
-473.504 -409.617 -63.8874
-485.602 -411.043 -74.5588
-473.891 -412.314 -61.5766
-481.561 -414.841 -66.7195
-479.173 -408.118 -71.0548
-484.733 -417.416 -67.3171
-478.006 -412.736 -65.2696
-477.276 -408.916 -68.3599
-481.218 -416.718 -64.5004
-498.673 -412.094 -86.5791
-490.9 -407.877 -83.0229
-504.647 -426.793 -77.8544
-484.437 -414.545 -69.8916
-487.244 -404.048 -83.1959
-498.11 -417.63 -80.4806
-468.513 -407.325 -61.1872
-484.92 -407.918 -77.0016
-484.167 -410.07 -74.0975
-483.507 -406.929 -76.5785
-489.173 -398.098 -91.0746
-476.943 -405.095 -71.8474
-482.006 -414.187 -67.8194
-489.021 -415.389 -73.6322
-481.36 -415.479 -65.8816
-477.338 -407.451 -69.887
-484.716 -409.271 -75.445
-476.738 -404.586 -72.152
-481.852 -407.953 -73.8992
-488.233 -407.825 -80.4083
-475.54 -407.982 -67.5574
-474.634 -409.165 -65.469
-499.439 -426.432 -73.0071
-484.338 -416.22 -68.1174
-482.982 -407.977 -75.0053
-474.452 -409.274 -65.1784
-473.569 -408.621 -64.9484
-472.542 -405.912 -66.6297
-478.709 -408.858 -69.8511
-486.528 -409.581 -76.9466
-487.798 -409.031 -78.767
-483.549 -408.813 -74.7359
-481.293 -410.887 -70.4062
-485.067 -421.481 -63.5855
-483.053 -412.585 -70.4681
-488.883 -406.863 -82.0207
-481.685 -407.695 -73.9904
-481.72 -406.956 -74.7642
-485.618 -410.358 -75.2607
-482.811 -407.112 -75.6988
-475.024 -404.227 -70.7968
-496.415 -418.802 -77.6129
-474.878 -410.119 -64.7592
-485.767 -408.385 -77.3814
-480.089 -410.975 -69.1144
-479.708 -409.357 -70.3517
-474.284 -412.668 -61.616
-469.356 -402.514 -66.8419
-483.225 -403.944 -79.2808
-486.929 -414.913 -72.0163
-489.873 -415.751 -74.1225
-478.899 -410.741 -68.1578
-490.887 -420.046 -70.8413
-473.347 -406.331 -67.0157
-488.952 -420.856 -68.0963
-503.935 -419.262 -84.6738
-486.874 -415.464 -71.4101
-488.752 -408.717 -80.0352
-502.47 -415.716 -86.7545
-492.958 -413.901 -79.0577
-512.3 -412.663 -99.6366
-497.813 -415.108 -82.7048
-478.725 -409.967 -68.7583
-483.467 -409.451 -74.0164
-478.708 -407.081 -71.6271
-476.576 -407.701 -68.875
-472.727 -400.707 -72.0204
-480.033 -413.878 -66.1551
-485.623 -410.596 -75.0271
-484.395 -406.294 -78.1009
-480.629 -412.935 -67.694
-485.704 -413.522 -72.1817
-511.834 -412.464 -99.37
-496.28 -414.677 -81.6032
-492.892 -409.788 -83.1048
-493.682 -408.657 -85.0245
-481.183 -403.608 -77.5745
-513.538 -415.749 -97.7892
-492.38 -406.217 -86.1627
-505.907 -419.452 -86.4557
-494.428 -423.331 -71.0964
-492.455 -419.769 -72.6861
-486.705 -416.312 -70.3924
-482.753 -412.643 -70.11
-504.507 -415.338 -89.1695
-482.558 -415.808 -66.7506
-476.822 -408.651 -68.1714
-501.752 -414.046 -87.7062
-496.772 -411.087 -85.6851
-481.006 -412.689 -68.3172
-502.137 -416.832 -85.3044
-489.5 -411.058 -78.4418
-488.837 -407.113 -81.7243
-502.564 -409.502 -93.0623
-508.673 -403.98 -104.692
-504.691 -401.712 -102.98
-475.031 -400.928 -74.1033
-494.107 -408.847 -85.26
-485.291 -406.957 -78.3334
-483.92 -414.834 -69.0859
-483.732 -415.357 -68.3753
-483.188 -405.414 -77.7739
-490.779 -406.015 -84.7643
-485.434 -409.982 -75.4519
-479.005 -401.499 -77.5065
-488.583 -414.634 -73.9494
-491.458 -404.028 -87.4305
-488.987 -411.318 -77.6689
-484.213 -411.577 -72.6356
-491.544 -408.709 -82.8353
-500.413 -410.478 -89.9349
-491.271 -406.813 -84.4574
-493.634 -417.526 -76.1083
-490.624 -412.755 -77.8694
-480.891 -416.13 -64.7615
-497.081 -424.972 -72.1096
-487.431 -411.524 -75.9068
-495.171 -407.835 -87.3357
-506.847 -417.289 -89.5587
-496.927 -415.97 -80.9567
-479.622 -412.601 -67.0216
-480.027 -411.442 -68.5856
-489.156 -426.277 -62.8796
-474.52 -407.677 -66.8437
-494.739 -414.633 -80.106
-496.759 -417.59 -79.1694
-509.871 -427.333 -82.5375
-521.379 -425.568 -95.8112
-514.933 -415.338 -99.5948
-520.362 -423.06 -97.3017
-501.418 -417.861 -83.5575
-495.719 -415.06 -80.6581
-492.919 -413.903 -79.0159
-500.979 -411.046 -89.9332
-501.706 -418.065 -83.6407
-508.818 -419.132 -89.6858
-509.876 -415.535 -94.3407
-495.693 -417.826 -77.8669
-498.524 -418.183 -80.3408
-491.821 -416.19 -75.6302
-483.764 -411.043 -72.7218
-492.114 -417.099 -75.015
-501.146 -420.557 -80.5893
-478.082 -411.456 -66.6266
-505.439 -421.236 -84.2026
-489.66 -417.539 -72.1207
-508.957 -419.039 -89.9175
-508.815 -428.049 -80.766
-492.247 -414.898 -77.349
-490.259 -417.76 -72.4996
-494.567 -421.954 -72.6136
-506.054 -418.776 -87.2773
-502.161 -425.249 -76.9123
-506.519 -424.847 -81.672
-508.092 -433.427 -74.6647
-507.021 -423.332 -83.6884
-494.089 -410.864 -83.2254
-530.406 -413.797 -116.609
-534.744 -413.665 -121.078
-526.143 -416.964 -109.179
-509.197 -413.221 -95.9766
-519.959 -412.162 -107.797
-517.806 -408.326 -109.481
-536.637 -410.623 -126.015
-520.261 -418.073 -102.188
-512.221 -415.476 -96.7456
-524.69 -414.155 -110.536
-535.878 -416.891 -118.987
-510.295 -410.711 -99.5831
-509.401 -418.238 -91.1636
-522.834 -401.046 -121.789
-492.37 -409.535 -82.8353
-478.265 -400.065 -78.1994
-522.532 -402.581 -119.951
-537.65 -406.507 -131.144
-519.256 -398.042 -121.213
-522.987 -405.006 -117.981
-514.982 -401.718 -113.264
-488.298 -397.836 -90.4617
-472.421 -389.355 -83.0654
-473.771 -392.469 -81.3028
-481.893 -394.068 -87.8248
-501.645 -391.881 -109.765
-503.018 -397.009 -106.009
-521.698 -407.368 -114.33
-521.377 -406.16 -115.217
-498.93 -411.766 -87.1637
-499.737 -407.15 -92.5874
-553.632 -412.319 -141.313
-492.036 -411.121 -80.9153
-504.834 -428.319 -76.5144
-503.189 -419.741 -83.4482
-491.193 -413.305 -77.8883
-482.712 -407.694 -75.0182
-499.692 -414.709 -84.9829
-528.02 -424.709 -103.312
-510.276 -431.828 -78.4476
-496.965 -420.528 -76.4367
-501.116 -416.434 -84.6816
-477.568 -409.792 -67.7757
-477.847 -415.253 -62.5945
-483.449 -422.097 -61.3521
-499.634 -416.515 -83.1191
-489.257 -409.525 -79.7315
-485.236 -412.297 -72.9391
-490.823 -416.464 -74.3592
-527.448 -415.681 -111.768
-512.356 -410.853 -101.503
-492.721 -414.71 -78.0117
-476.834 -413.829 -63.0049
-472.851 -414.469 -58.3825
-476.406 -412.054 -64.3522
-479.392 -407.549 -71.8435
-481.465 -412.802 -68.6628
-476.934 -410.056 -66.8785
-470.117 -408.217 -61.8998
-481.266 -407.385 -73.8814
-488.941 -410.455 -78.4866
-478.117 -411.55 -66.5667
-494.332 -410.089 -84.2424
-518.541 -413.558 -104.983
-487.663 -413.887 -73.7756
-477.115 -405.506 -71.6091
-483.153 -407.536 -75.6172
-472.646 -406.054 -66.5917
-500.06 -407.692 -92.3676
-482.272 -414.228 -68.044
-507.461 -413.033 -94.4287
-488.933 -415.52 -73.4128
-500.176 -417.557 -82.619
-509.075 -414.988 -94.0871
-501.328 -419.382 -81.9455
-532.111 -413.451 -118.66
-515.453 -422.959 -92.4945
-484.287 -409.01 -75.2778
-483.409 -412.025 -71.3845
-494.424 -406.123 -88.3008
-513.491 -413.955 -99.5354
-487.768 -410.895 -76.8728
-493.157 -413.24 -79.9174
-501.483 -417.6 -83.8829
-509.154 -415.515 -93.639
-473.983 -408.959 -65.0244
-486.18 -414.38 -71.7996
-497.047 -416.235 -80.8114
-495.133 -405.735 -89.3983
-500.172 -408.603 -91.569
-489.127 -422.573 -66.5537
-499.358 -412.661 -86.6965
-491.201 -413.328 -77.8729
-504.933 -417.561 -87.3718
-501.018 -412.231 -88.7869
-485.176 -411.9 -73.2759
-482.136 -409.401 -72.7349
-471.498 -405.826 -65.6718
-469.104 -403.368 -65.7365
-480.597 -411.69 -68.9064
-484.563 -411.292 -73.2703
-472.613 -410.073 -62.54
-468.638 -407.809 -60.8291
-472.887 -411.532 -61.3547
-470.872 -411.898 -58.974
-472.287 -411.774 -60.5128
-494.901 -412.351 -82.55
-481.294 -411.971 -69.3227
-475.251 -404.868 -70.3831
-488.432 -411.361 -77.071
-471.595 -413.286 -58.309
-484.235 -419.708 -64.5275
-482.346 -419.32 -63.0256
-488.068 -413.439 -74.6291
-482.145 -419.739 -62.4058
-479.591 -415.198 -64.3937
-507.813 -422.688 -85.1255
-474.786 -417.131 -57.6553
-482.301 -408.589 -73.7124
-483.384 -409.198 -74.1856
-484.758 -419.021 -65.7368
-467.363 -400.333 -67.0302
-484.819 -412.648 -72.1708
-484.111 -415.46 -68.6511
-516.801 -430.293 -86.5078
-504.584 -407.44 -97.1433
-503.837 -416.699 -87.1379
-524.548 -420.495 -104.053
-503.5 -412.99 -90.5103
-484.457 -410.571 -73.886
-491.814 -417.92 -73.8939
-494.985 -426.193 -68.7923
-490.408 -424.222 -66.1851
-495.201 -420.016 -75.1841
-494.984 -417.686 -77.2979
-500.502 -412.58 -87.922
-511.621 -420.059 -91.562
-498.558 -417.153 -81.4052
-493.79 -425.584 -68.2056
-494.392 -424.114 -70.2778
-500.752 -419.593 -81.1587
-506.246 -414.071 -92.1754
-501.188 -422.586 -78.6026
-494.59 -421.854 -72.7362
-509.079 -419.241 -89.8378
-490.749 -417.084 -73.6642
-479.264 -421.818 -57.4459
-486.68 -424.919 -61.7615
-492.334 -435.14 -57.1945
-484.162 -429.866 -54.2956
-481.757 -422.141 -59.616
-484.423 -421.617 -62.8063
-514.084 -426.785 -87.2998
-486.846 -423.649 -63.1968
-468.067 -403.909 -64.1581
-478.802 -409.348 -69.4539
-467.421 -404.576 -62.8452
-494.955 -413.947 -81.0083
-498.097 -416.121 -81.9767
-479.477 -413.114 -66.3635
-472.417 -400.305 -72.1114
-481.763 -415.432 -66.3305
-508.787 -416.118 -92.6687
-495.665 -426.245 -69.4199
-492.46 -426.095 -66.3649
-483.703 -413.666 -70.0372
-489.324 -414.557 -74.7668
-485.512 -412.057 -73.4553
-474.393 -411.747 -62.6456
-475.68 -409.899 -65.7813
-474.048 -412.44 -61.6081
-477.159 -412.771 -64.3878
-485.798 -411.558 -74.24
-482.112 -411.145 -70.9662
-480.017 -412.549 -67.4682
-490.451 -422.164 -68.2872
-469.809 -409.446 -60.3633
-477.449 -415.008 -62.4406
-473.323 -410.882 -62.4416
-472.382 -411.473 -60.909
-482.211 -416.171 -66.0399
-494.106 -424.262 -69.8432
-472.068 -413.808 -58.2594
-479.68 -410.848 -68.8327
-477.132 -408.458 -68.6742
-500.238 -415.893 -84.3455
-477.579 -409.11 -68.4689
-483.8 -411.515 -72.2852
-530.492 -417.774 -112.718
-511.368 -421.259 -90.1084
-495.857 -409.438 -86.4191
-489.25 -408.378 -80.8728
-490.106 -409.941 -80.1648
-494.477 -411.194 -83.2835
-487.66 -411.89 -75.7699
-478.108 -411.237 -66.8709
-486.192 -417.112 -69.0793
-471.06 -410.18 -60.8799
-474.661 -412.894 -61.7672
-469.775 -408.295 -61.48
-477.64 -414.282 -63.3578
-486.198 -410.233 -75.9647
-490.207 -413.201 -77.0062
-493.641 -428.395 -65.2463
-483.99 -418.641 -65.349
-483.044 -411.354 -71.6899
-475.283 -414.823 -60.4596
-480.493 -421.606 -58.8866
-481.775 -420.446 -61.3292
-478.624 -415.231 -63.3931
-506.157 -411.599 -94.5583
-476.359 -413.491 -62.8678
-489.79 -414.242 -75.5481
-475.239 -409.87 -65.3687
-482.812 -413.521 -69.2908
-466.424 -409.998 -56.4263
-476.789 -417.169 -59.6202
-483.149 -415.384 -67.765
-497.11 -414.047 -83.0624
-479.88 -413.088 -66.792
-476.421 -417.23 -59.1903
-471.101 -409.182 -61.9183
-477.553 -415.842 -61.7102
-483.013 -410.129 -72.8842
-474.586 -409.308 -65.278
-480.156 -416.317 -63.8384
-505.72 -421.152 -84.5677
-485.191 -416.96 -68.2307
-488.402 -416.388 -72.0138
-475.869 -413.756 -62.1128
-473.072 -412.333 -60.7387
-492.682 -420.012 -72.6695
-487.322 -416.044 -71.2782
-484.355 -420.897 -63.458
-501.534 -415.035 -86.4992
-492.153 -415.75 -76.4036
-483.378 -414.065 -69.3131
-484.15 -420.074 -64.0761
-488.329 -407.401 -80.9275
-489.999 -417.605 -72.3939
-504.335 -411.889 -92.4463
-527.573 -432.879 -94.6945
-530.984 -416.447 -114.537
-509.973 -419.554 -90.419
-505.897 -410.606 -95.2909
-509.649 -414.526 -95.1234
-506.586 -415.351 -91.2349
-479.263 -407.244 -72.0184
-490.769 -405.227 -85.542
-482.706 -406.128 -76.5782
-499.299 -416.755 -82.5437
-490.039 -416.338 -73.7013
-497.043 -415.087 -81.9557
-500.271 -425.397 -74.8744
-493.682 -421.493 -72.1892
-497.228 -409.94 -87.2881
-505.283 -414.024 -91.2595
-515.757 -426.408 -89.3484
-522.276 -414.573 -107.702
-500.347 -413.89 -86.4574
-498.728 -415.905 -82.8228
-491.357 -410.35 -81.0063
-481.571 -406.603 -74.9678
-488.125 -409.058 -79.067
-502.047 -416.158 -85.889
-479.683 -416.44 -63.2431
-482.801 -411.744 -71.0572
-494.338 -417.773 -76.5647
-506.852 -408.354 -98.4983
-494.863 -427.618 -67.245
-479.381 -411.509 -67.872
-484.14 -416.583 -67.5574
-490.657 -411.856 -78.8014
-490.232 -410.393 -79.8392
-506.372 -412.715 -93.6565
-518.49 -410.049 -108.441
-494.053 -408.463 -85.5904
-495.61 -408.444 -87.1662
-520.442 -408.633 -111.809
-492.637 -402.122 -90.5149
-493.162 -408.241 -84.9209
-485.997 -407.777 -78.2197
-501.019 -407.6 -93.4197
-498.166 -412.623 -85.5431
-486.844 -403.917 -82.9272
-485.651 -414.983 -70.6677
-505.287 -414.422 -90.8643
-520.073 -410.688 -109.385
-488.487 -417.04 -71.4475
-502.834 -426.363 -76.4704
-495.296 -427.836 -67.4601
-484.871 -420.324 -64.5476
-504.986 -424.587 -80.3999
-499.91 -434.6 -65.3093
-499.933 -435.06 -64.8732
-488.603 -427.082 -61.5204
-483.495 -425.794 -57.7008
-483.893 -421.361 -62.5322
-490.629 -421.47 -69.1593
-479.117 -416.528 -62.589
-468.807 -406.372 -62.4349
-487.793 -414.059 -73.7339
-477.961 -408.488 -69.4728
-481.102 -402.816 -78.2855
-465.336 -404.402 -60.9337
-481.923 -407.382 -74.5412
-477.211 -410.982 -66.2286
-472.3 -405.875 -66.425
-488.078 -420.596 -67.4819
-502.454 -422.499 -79.9552
-478.495 -412.334 -66.161
-472.644 -409.01 -63.634
-491.133 -413.055 -78.0778
-481.344 -415.14 -66.2043
-484.951 -411.864 -73.0872
-489.601 -413.906 -75.6959
-481.049 -412.302 -68.7473
-500.558 -417.211 -83.347
-489.645 -413.085 -76.56
-492.359 -415.122 -77.2373
-484.954 -414.575 -70.3783
-500.937 -416.751 -84.1863
-488.13 -410.689 -77.4413
-515.72 -416.8 -98.9204
-490.979 -421.084 -69.8949
-485.413 -414.95 -70.4624
-483.632 -415.529 -68.1034
-487.225 -413.753 -73.4725
-488.162 -419.333 -68.8293
-475.794 -415.463 -60.3309
-483.145 -414.119 -69.0264
-475.477 -409.709 -65.7681
-485.485 -413.351 -72.1344
-481.172 -418.771 -62.4005
-487.546 -416.768 -70.7781
-488.437 -423.965 -64.4725
-511.557 -428.038 -83.5194
-507.714 -422.204 -85.5097
-491.05 -414.905 -76.1451
-480.311 -411.688 -68.6232
-494.381 -413.214 -81.1671
-482.606 -407.861 -74.7447
-489.614 -406.571 -83.0432
-502.018 -412.538 -89.4803
-497.778 -407.099 -90.679
-491.439 -410.693 -80.7468
-511.995 -404.22 -107.775
-498.783 -409.815 -88.9678
-499.025 -412.186 -86.8387
-494.647 -414.293 -80.3539
-503.907 -410.149 -93.7585
-479.295 -406.775 -72.5202
-471.777 -402.764 -69.0128
-509.634 -419.919 -89.7153
-498.652 -414.754 -83.8986
-473.636 -413.415 -60.2205
-479.876 -418.307 -61.5692
-476.787 -414.808 -61.9791
-492.617 -428.534 -64.0828
-484.412 -419.577 -64.8359
-472.53 -411.337 -61.1937
-489.282 -411.701 -77.5809
-476.577 -413.795 -62.7819
-468.669 -407.666 -61.0025
-479.434 -416.908 -62.5255
-479.745 -418.871 -60.874
-477.18 -413.001 -64.1792
-477.566 -408.081 -69.4853
-474.946 -410.355 -64.5911
-480.627 -411.254 -69.3732
-473.893 -404.306 -69.5872
-508.144 -419.21 -88.9341
-478.015 -410.534 -67.4807
-483.286 -410.494 -72.792
-486.546 -416.42 -70.1267
-475.097 -405.903 -69.1933
-503.98 -404.635 -99.3448
-480.062 -403.154 -76.9079
-486.46 -411.196 -75.2645
-480.184 -409.152 -71.0319
-495.231 -408.002 -87.229
-501.562 -416.95 -84.6128
-498.631 -409.016 -89.6148
-485.197 -406.771 -78.426
-493.892 -406.8 -87.0915
-481.047 -408.94 -72.1074
-503.608 -407.525 -96.0829
-482.381 -402.983 -79.3982
-482.737 -408.148 -74.5886
-490.414 -403.941 -86.4729
-505.816 -407.27 -98.5463
-546.838 -419.673 -127.165
-525.172 -408.249 -116.923
-522.704 -403.539 -119.165
-513.792 -410.006 -103.786
-487.809 -402.355 -85.4537
-503.294 -404.691 -98.6033
-486.654 -405.958 -80.6963
-524.335 -413.488 -110.847
-504.587 -404.954 -99.633
-503.143 -403.367 -99.7763
-529.502 -403.176 -126.326
-522.389 -414.77 -107.619
-547.405 -398.508 -148.897
-560.015 -404.647 -155.368
-617.22 -409.553 -207.667
-537.22 -400.877 -136.343
-515.111 -404.446 -110.666
-511.989 -398.631 -113.358
-503.026 -400.608 -102.417
-507.789 -397.006 -110.784
-509.008 -405.623 -103.385
-484.198 -398.659 -85.5392
-486.795 -403.491 -83.3039
-479.106 -393.339 -85.7662
-486.671 -399.79 -86.8808
-507.935 -401.907 -106.027
-496.749 -397.009 -99.7407
-483.773 -395.66 -88.1131
-482.954 -401.059 -81.8953
-483.642 -410.68 -72.9614
-478.029 -399.603 -78.426
-482.66 -402.871 -79.7886
-469.396 -401.94 -67.4563
-472.033 -406.102 -65.9314
-498.037 -403.955 -94.0823
-492.863 -416.775 -76.0874
-501.75 -413.301 -88.449
-493.039 -401.089 -91.9505
-476.288 -403.286 -73.0024
-462.986 -398.046 -64.94
-481.972 -411.087 -70.8848
-468.192 -404.606 -63.5855
-467.327 -406.267 -61.0606
-461.997 -399.948 -62.0491
-481.626 -400.235 -81.3905
-473.856 -405.664 -68.1928
-478.234 -405.276 -72.9578
-475.585 -410.319 -65.2665
-458.026 -405.72 -52.306
-466.144 -400.337 -65.8076
-473.642 -411.554 -62.0877
-471.532 -410.464 -61.0683
-470.071 -409.112 -60.9591
-475.371 -413.058 -62.3133
-477.944 -422.682 -55.2622
-486.927 -422.149 -64.778
-492.422 -415.236 -77.1868
-480.753 -417.102 -63.6514
-476.572 -405.41 -71.1624
-473.197 -402.852 -70.3445
-479.352 -405.903 -73.4483
-483.707 -408.83 -74.8762
-472.747 -404.113 -68.6335
-468.996 -398.846 -70.1503
-480.683 -415.542 -65.1404
-472.992 -408.3 -64.6923
-476.293 -413.474 -62.8191
-478.765 -413.115 -65.6494
-470.643 -404.9 -65.7426
-485.533 -410.229 -75.3041
-498.869 -419.571 -79.2979
-489.524 -409.268 -80.2566
-474.705 -402.5 -72.205
-478.441 -401.839 -76.6015
-493.888 -406.372 -87.5157
-491.783 -407.369 -84.4141
-494.038 -403.2 -90.8387
-495.299 -410.364 -84.9351
-487.489 -409.177 -78.3127
-491.608 -405.161 -86.4468
-515.053 -413.987 -101.067
-505.33 -408.73 -96.5998
-513.673 -409.558 -104.115
-522.995 -413.807 -109.188
-480.632 -407.591 -73.0407
-488.658 -410.46 -78.1978
-505.509 -419.755 -85.7545
-505.381 -419.116 -86.265
-501.207 -406.789 -94.4181
-489.378 -408.893 -80.4854
-517.137 -410.998 -106.139
-499.461 -404.99 -94.4706
-496.972 -405.099 -91.8728
-501.401 -406.425 -94.9756
-499.622 -409.355 -90.2671
-513.449 -414.144 -99.3051
-520.204 -413.669 -106.535
-516.118 -419.554 -96.5636
-536.571 -405.124 -131.447
-532.707 -408.759 -123.948
-545.051 -405.383 -139.668
-526.873 -411.637 -115.236
-504.897 -402.652 -102.245
-524.957 -400.901 -124.056
-557.349 -398.588 -158.76
-524.128 -407.95 -116.178
-499.703 -411.971 -87.732
-482.143 -403.646 -78.4967
-497.678 -407.771 -89.9066
-492.614 -406.663 -85.951
-480.734 -413.34 -67.3942
-478.946 -416.974 -61.9728
-487.297 -427.736 -59.561
-486.391 -427.851 -58.5393
-484.632 -415.522 -69.1095
-486.68 -414.229 -72.4511
-501.449 -427.912 -73.5367
-478.402 -409.614 -68.7877
-504.631 -422.659 -81.9722
-472.67 -406.852 -65.8179
-476.003 -417.021 -58.9814
-483.318 -422.79 -60.5282
-482.146 -420.818 -61.3279
-470.196 -413.027 -57.1688
-466.381 -407.502 -58.8796
-470.373 -407.825 -62.5487
-492.316 -417.232 -75.0838
-510.219 -422.793 -87.4255
-511.517 -423.306 -88.2109
-487.64 -414.459 -73.181
-500.707 -424.079 -76.6275
-517.117 -417.871 -99.2466
-480.623 -408.81 -71.8133
-495.516 -415.261 -80.2556
-479.545 -415.515 -64.0301
-482.796 -419.263 -63.5336
-484.46 -417.524 -66.936
-477.572 -413.696 -63.8764
-481.209 -413.087 -68.1218
-475.527 -414.042 -61.4853
-489.088 -412.595 -76.4938
-525.354 -410.757 -114.597
-546.305 -415.712 -130.593
-528.053 -420.076 -107.977
-504.144 -412.131 -92.0123
-510.495 -418.155 -92.3404
-514.692 -418.724 -95.9687
-496.796 -412.575 -84.2214
-526.076 -416.695 -109.381
-484.76 -411.788 -72.9718
-490.152 -418.062 -72.0894
-476.387 -412.813 -63.5742
-474.012 -413.252 -60.7596
-483.638 -418.121 -65.5175
-531.156 -412.269 -118.887
-490.878 -424.633 -66.2442
-484.713 -418.95 -65.7626
-477.642 -410.253 -67.3891
-476.992 -402.582 -74.4104
-468.401 -400.442 -67.9583
-464.32 -397.713 -66.6066
-481.461 -405.971 -75.4903
-471.707 -403.947 -67.76
-470.154 -402.962 -67.1919
-488.791 -408.74 -80.0518
-496.762 -410.871 -85.8908
-501.134 -411.263 -89.8704
-505.681 -410.052 -95.629
-478.212 -402.819 -75.393
-502.536 -416.675 -85.8617
-491.79 -408.58 -83.2094
-507.541 -413.176 -94.3656
-535.238 -410.414 -124.824
-513.249 -410.039 -103.209
-481.209 -405.384 -75.8256
-480.704 -405.913 -74.7915
-507.969 -414.352 -93.6174
-487.524 -406.571 -80.9533
-478.09 -406.537 -71.5528
-497.843 -409.514 -88.3289
-507.627 -407.249 -100.379
-485.578 -406.958 -78.6203
-503.679 -412.597 -91.082
-502.577 -413.855 -88.7217
-497.634 -406.948 -90.6851
-496.203 -411.807 -84.3958
-509.36 -421.925 -87.4352
-479.873 -408.41 -71.4628
-493.755 -409.094 -84.6613
-489.714 -408.019 -81.6955
-503.842 -405.543 -98.2987
-543.438 -412.873 -130.565
-542.12 -415.59 -126.53
-509.245 -405.088 -104.156
-540.715 -419.03 -121.686
-543.302 -414.951 -128.351
-511.559 -403.619 -107.94
-507.881 -406.969 -100.912
-573.968 -399.694 -174.274
-513.723 -414.461 -99.2621
-533.447 -410.652 -122.795
-511.65 -412.237 -99.4124
-521.708 -416.814 -104.894
-490.898 -411.307 -79.5914
-493.255 -409.992 -83.2629
-499.437 -415.995 -83.4415
-502.445 -419.363 -83.0818
-495.443 -417.296 -78.1462
-528.119 -423.02 -105.098
-515.669 -429.869 -85.7993
-489.259 -415.94 -73.3191
-490.077 -411.844 -78.2329
-500.989 -409.498 -91.4905
-492.928 -409.887 -83.0411
-480.243 -404.996 -75.247
-483.125 -405.54 -77.5848
-483.84 -400.895 -82.9447
-474.871 -399.426 -75.4451
-478.071 -407.8 -70.2714
-481.706 -406.446 -75.2598
-481.534 -407.882 -73.6522
-480.284 -403.925 -76.359
-479.537 -408.277 -71.2601
-472.989 -400.468 -72.5211
-465.575 -395.88 -69.6946
-491.627 -405.345 -86.2823
-474.827 -394.27 -80.5572
-472.873 -396.569 -76.3039
-481.224 -400.16 -81.0644
-475.244 -399.035 -76.2092
-473.941 -402.716 -71.2249
-486.737 -403.279 -83.4578
-487.959 -405.25 -82.7089
-490.001 -414.77 -75.2306
-499.552 -415.972 -83.58
-489.661 -410.571 -79.09
-491.655 -409.883 -81.7719
-510.402 -405.507 -104.895
-479.972 -399.99 -79.9824
-492.69 -404.152 -88.5382
-496.254 -406.372 -89.882
-505.988 -406.82 -99.1675
-496.544 -403.424 -93.1201
-519.641 -403.787 -115.853
-500.847 -409.803 -91.0444
-499.147 -409.069 -90.0785
-522.307 -412.112 -110.195
-547.228 -412.57 -134.658
-535.288 -410.572 -124.716
-510.704 -410.016 -100.687
-512.98 -412.77 -100.209
-502.979 -410.378 -92.6004
-494.273 -401.566 -92.7073
-499.167 -407.295 -91.8718
-498.753 -404.354 -94.3989
-498.101 -396.894 -101.207
-500.329 -404.758 -95.5711
-527.209 -399.405 -127.803
-511.994 -403.026 -108.967
-499.63 -405.237 -94.3932
-489.905 -395.493 -94.4114
-499.166 -402.002 -97.1644
-514.245 -408.343 -105.902
-526.909 -411.601 -115.308
-546.344 -399.794 -146.55
-518.717 -402.766 -115.952
-486.772 -393.173 -93.5996
-486.317 -398.769 -87.5481
-480.58 -402.093 -78.4868
-483.16 -410.514 -72.6459
-480.451 -404.914 -75.5373
-493.043 -403.367 -89.6758
-478.702 -398.799 -79.9025
-478.23 -405.758 -72.4721
-485.646 -407.777 -77.869
-484.383 -399.282 -85.1011
-483.506 -402.473 -81.0329
-500.644 -421.352 -79.2917
-503.906 -413.318 -90.5882
-490.877 -406.57 -84.3069
-508.934 -414.753 -94.1811
-486.998 -406.362 -80.6361
-500.164 -403.658 -96.5064
-493.803 -405.954 -87.8487
-492.799 -399.149 -93.6505
-525.068 -405.641 -119.427
-543.401 -406.862 -136.539
-511.32 -419.469 -91.851
-492.052 -404.481 -87.5716
-493.405 -406.659 -86.7465
-498.122 -416.146 -81.9765
-498.748 -423.741 -75.007
-503.498 -411.52 -91.9786
-496.571 -405.675 -90.8954
-506.525 -399.921 -106.604
-480.061 -401.22 -78.8412
-488.857 -409.955 -78.902
-505.651 -412.411 -93.2403
-489.949 -413.335 -76.614
-474.618 -401.026 -73.5922
-472.296 -400.208 -72.0884
-476.751 -397.893 -78.8579
-481.011 -393.991 -87.0195
-483.054 -407.972 -75.0813
-476.863 -400.2 -76.663
-482.293 -398.882 -83.4106
-482.397 -400.817 -81.5809
-482.945 -400.873 -82.0719
-481.26 -402.034 -79.2252
-487.287 -403.268 -84.0184
-486.645 -404.315 -82.3298
-473.346 -399.88 -73.4658
-481.498 -407.027 -74.4714
-480.68 -406.177 -74.5025
-503.278 -403.796 -99.4822
-494.944 -414.654 -80.2897
-479.035 -409.482 -69.5539
-482.817 -416.182 -66.6344
-487.453 -413.718 -73.7354
-475.366 -408.797 -66.5689
-487.001 -408.496 -78.5044
-474.632 -407.94 -66.6913
-484.829 -411.432 -73.3978
-473.663 -405.218 -68.4451
-503.375 -413.668 -89.7078
-486.114 -407.769 -78.345
-494.271 -418.424 -75.8471
-514.059 -430.878 -83.1814
-479.622 -412.577 -67.0445
-473.87 -407.999 -65.8709
-478.983 -413.869 -65.114
-480.55 -404.409 -76.1419
-504.048 -408.028 -96.0197
-501.74 -404.996 -96.7438
-508.337 -417.743 -90.594
-514.168 -414.513 -99.6554
-485.253 -413.105 -72.1478
-504.982 -405.538 -99.4444
-484.972 -403.256 -81.7164
-481.618 -408.5 -73.1183
-496.891 -415.516 -81.3754
-482.141 -417.13 -65.0115
-483.914 -420.233 -63.6805
-479.231 -417.148 -62.0832
-476.083 -419.046 -57.0379
-499.214 -421.137 -78.0778
-495.755 -417.427 -78.3276
-480.909 -420.612 -60.2975
-491.545 -422.958 -68.587
-489.231 -423.61 -65.6213
-477.658 -419.571 -58.087
-471.35 -414.61 -56.7405
-481.567 -416.23 -65.3366
-476.506 -414.552 -61.9539
-498.138 -412.426 -85.7118
-471.088 -410.786 -60.3016
-467.025 -406.001 -61.0237
-479.871 -404.82 -75.0513
-493.933 -410.241 -83.6914
-500.374 -413.919 -86.4553
-487.506 -408.09 -79.4164
-478.17 -411.927 -66.2433
-491.876 -416.712 -75.1642
-509.896 -410.789 -99.1063
-480.402 -403.336 -77.0663
-509.945 -406.925 -103.019
-477.909 -402.226 -75.6836
-477.788 -407.24 -70.5481
-452.229 -402.173 -50.0563
-483.743 -416.592 -67.1513
-487.989 -412.559 -75.4295
-474.098 -408.552 -65.5462
-491.345 -413.967 -77.3787
-474.036 -405.113 -68.9228
-485.351 -415.272 -70.0791
-475.22 -405.962 -69.2585
-482.392 -406.019 -76.3724
-487.497 -406.988 -80.5094
-478.677 -403.961 -74.716
-471.07 -400.19 -70.8798
-474.869 -403.854 -71.0152
-482.173 -409.673 -72.5006
-498.362 -425.085 -73.2768
-501.304 -413.977 -87.3273
-472.382 -400.496 -71.8864
-482.304 -404.287 -78.0166
-490.282 -413.372 -76.9096
-480.459 -406.153 -74.3064
-479.737 -402.052 -77.6852
-491.834 -410.965 -80.8685
-494.261 -415.197 -79.0635
-485.92 -406.995 -78.9245
-504.776 -406.766 -98.0096
-490.611 -415.931 -74.6799
-497.933 -416.239 -81.6939
-496.559 -425.141 -71.4181
-490.589 -418.149 -72.4402
-501.597 -416.195 -85.4024
-483.499 -413.138 -70.3612
-479.402 -408.86 -70.5421
-483.51 -420.428 -63.0825
-476.044 -414.258 -61.7857
-478.459 -417.072 -61.387
-486.067 -413.935 -72.1322
-481.704 -410.868 -70.8358
-475.29 -408.191 -67.0989
-482.204 -419.673 -62.5307
-481.892 -413.033 -68.8595
-481.529 -410.502 -71.0263
-483.608 -410.607 -73.0012
-491.549 -418.733 -72.8153
-501.723 -416.845 -84.8776
-494.545 -416.593 -77.9515
-490.401 -414.715 -75.686
-496.391 -416.049 -80.3422
-491.8 -411.264 -80.5361
-516.014 -410.676 -105.338
-516.098 -405.132 -110.966
-539.626 -413.437 -126.188
-522.935 -410.824 -112.111
-509.812 -414.462 -95.3503
-479.609 -401.834 -77.7745
-483.462 -403.209 -80.2525
-478.939 -396.884 -82.0547
-506.789 -411.447 -95.3419
-495.928 -409.571 -86.3569
-497.356 -410.645 -86.7112
-488.192 -403.546 -84.6461
-487.627 -403.465 -84.162
-485.804 -406.136 -79.668
-489.149 -408.149 -80.9995
-487.916 -408.893 -79.023
-484.344 -396.743 -87.6006
-478.716 -406.167 -72.5497
-466.995 -395.453 -71.5416
-480.037 -409.113 -70.9238
-481.091 -405.838 -75.2528
-490.31 -412.642 -77.6687
-484.222 -406.351 -77.8713
-507.32 -401.525 -105.795
-508.859 -402.212 -106.647
-497.115 -400.327 -96.7883
-519.215 -401.609 -117.607
-484.09 -405.387 -78.7026
-474.813 -401.836 -72.9771
-494.508 -409.568 -84.9394
-493.044 -407.788 -85.2559
-493.611 -417.618 -75.9935
-504.609 -413.764 -90.8448
-485.006 -408.927 -76.0794
-489.086 -412.125 -76.9609
-495.354 -405.978 -89.3766
-491.641 -410.363 -81.2776
-499.977 -418.313 -81.6636
-512.934 -411.238 -101.696
-506.697 -412.455 -94.2416
-488.125 -420.611 -67.5144
-474.436 -412.455 -61.9816
-469.145 -407.959 -61.1861
-485.159 -420.389 -64.7699
-485.916 -413.209 -72.7064
-470.285 -407.738 -62.5467
-471.158 -412.557 -58.6014
-472.198 -411.358 -60.8401
-475.091 -416.889 -58.2024
-479.879 -420.307 -59.5726
-496.757 -423.082 -73.6748
-482.418 -424.035 -58.383
-483.894 -422.816 -61.0782
-475.189 -419.808 -55.3817
-492.425 -420.28 -72.1454
-474.218 -415.815 -58.4037
-491.398 -432.884 -58.5141
-482.899 -433.344 -49.5552
-483.104 -430.368 -52.736
-485.241 -434.165 -51.0761
-491.543 -433.843 -57.6994
-482.634 -432.316 -50.3179
-496.019 -434.421 -61.5976
-491.858 -433.159 -58.6987
-488.684 -431.638 -57.0463
-483.325 -428.002 -55.3233
-476.241 -422.273 -53.9689
-473.87 -423.537 -50.3326
-478.285 -422.389 -55.8962
-477.215 -424.345 -52.87
-480.865 -426.934 -53.9308
-485.756 -428.242 -57.5139
-484.598 -423.92 -60.6787
-485.628 -415.221 -70.4065
-490.63 -425.783 -64.8472
-473.023 -409.94 -63.0828
-503.057 -418.715 -84.3423
-471.647 -412.337 -59.3101
-478.816 -415.304 -63.512
-474.142 -417.047 -57.0942
-488.707 -423.685 -65.0215
-463.885 -409.762 -54.1228
-479.515 -416.949 -62.566
-471.605 -408.226 -63.3794
-472.346 -403.573 -68.7732
-484.284 -408.013 -76.2706
-483.133 -416.134 -66.9986
-474.43 -406.007 -68.4232
-478.306 -408.74 -69.5662
-482.513 -405.73 -76.7837
-488.464 -414.804 -73.6597
-479.068 -412.259 -66.8085
-474.691 -405.285 -69.4063
-484.196 -412.373 -71.8227
-474.517 -410.593 -63.9239
-474.707 -407.18 -67.5275
-477.347 -415.011 -62.3362
-489.657 -410.04 -79.6177
-488.944 -408.714 -80.2303
-491.496 -417.448 -74.0474
-490.029 -416.123 -73.9055
-488.26 -413.759 -74.5002
-500.637 -418.118 -82.5198
-486.998 -417.927 -69.0703
-498.545 -418.318 -80.2269
-500.627 -416.06 -84.567
-493.855 -415.573 -78.2824
-487.271 -422.686 -64.5852
-492.317 -419.676 -72.641
-495.576 -415.909 -79.6672
-501.228 -410.003 -91.2255
-500.231 -410.074 -90.1564
-506.569 -406.525 -100.044
-490.53 -412.99 -77.5402
-503.472 -402.685 -100.787
-490.631 -410.763 -79.8689
-490.195 -415.962 -74.2328
-512.273 -426.643 -85.6309
-480.439 -415.339 -65.0997
-487.763 -426.392 -61.3705
-495.144 -430.991 -64.1529
-479.496 -414.437 -65.0588
-489.285 -416.829 -72.4557
-479.087 -415.315 -63.7712
-492.731 -422.961 -69.77
-487.184 -415.496 -71.6876
-497.447 -414.237 -83.2097
-491.111 -419.08 -72.0312
-488.705 -417.068 -71.6372
-502.723 -427.961 -74.7627
-502.89 -406.639 -96.2505
-483.04 -407.676 -75.3645
-478.877 -402.77 -76.107
-478.242 -398.964 -79.2778
-474.242 -402.012 -72.2298
-486.581 -405.059 -81.5218
-505.339 -407.672 -97.6677
-507.265 -412.461 -94.8042
-482.64 -395.536 -87.104
-497.157 -410.564 -86.5928
-508.045 -411.034 -97.0111
-505.365 -405.257 -100.108
-518.919 -414.882 -104.037
-503.978 -399.623 -104.355
-497.074 -407.061 -90.0129
-501.362 -408.054 -93.3072
-496.786 -411.843 -84.9437
-490.166 -410.391 -79.775
-508.497 -416.893 -91.6033
-482.056 -400.187 -81.8686
-488.662 -406.096 -82.5657
-497.609 -410.794 -86.8143
-478.551 -406.581 -71.9705
-497.287 -413.367 -83.9207
-495.691 -402.198 -93.4932
-496.255 -403.316 -92.9393
-486.347 -404.739 -81.6082
-504.006 -416.146 -87.8602
-487.169 -418.023 -69.1456
-486.149 -404.943 -81.2061
-502.59 -410.624 -91.9666
-497.623 -410.468 -87.1556
-483.93 -403.326 -80.6038
-492.718 -405.037 -87.681
-484.582 -405.096 -79.4862
-499.019 -409.76 -89.2587
-482.914 -405.634 -77.2798
-519.945 -410.812 -109.133
-497.773 -406.932 -90.8411
-490.069 -405.11 -84.9591
-486.012 -399.692 -86.3198
-516.758 -414.445 -102.313
-527.134 -408.535 -118.598
-535.864 -409.344 -126.521
-542.314 -414.248 -128.066
-503.664 -416.117 -87.5468
-509.589 -417.167 -92.4215
-511.862 -403.67 -108.191
-505.387 -410.64 -94.7477
-489.666 -402.911 -86.7554
-507.442 -395.687 -111.755
-505.29 -389.672 -115.618
-524.4 -403.309 -121.092
-510.428 -409.046 -101.383
-495.055 -402.714 -92.3412
-506.327 -399.604 -106.723
-495.347 -396.922 -98.4247
-508.757 -394.812 -113.945
-524.579 -413.088 -111.491
-506.051 -401.614 -104.437
-521.055 -402.96 -118.095
-496.846 -394.933 -101.913
-506.249 -399.642 -106.608
-520.351 -411.648 -108.703
-514.101 -407.025 -107.077
-515.698 -409.392 -106.306
-513.634 -408.609 -105.025
-553.589 -410.323 -143.266
-523.566 -405.018 -118.548
-537.921 -416.718 -121.202
-535.762 -406.073 -129.688
-509.733 -403.034 -106.699
-526.736 -407.045 -119.69
-506.221 -395.786 -110.436
-496.714 -400.141 -96.5724
-564.013 -407.01 -157.003
-516.17 -404.32 -111.85
-514.361 -407.145 -107.216
-497.769 -398.291 -99.4778
-502.873 -400.99 -101.884
-512.51 -413.18 -99.3302
-513.686 -414.355 -99.3307
-502.271 -407.422 -94.8487
-512.166 -401.812 -110.354
-522.655 -406.626 -116.029
-521.694 -412.768 -108.926
-536.542 -416.099 -120.443
-529.889 -404.201 -125.687
-516.747 -403.543 -113.203
-513.219 -403.43 -109.789
-494.522 -397.815 -96.7071
-533.149 -405.867 -127.282
-526.67 -399.635 -127.035
-521.046 -392.919 -128.126
-501.982 -401.702 -100.28
-484.976 -394.493 -90.4837
-507.291 -414.697 -92.5935
-507.879 -404.181 -103.697
-518.037 -403.849 -114.187
-500.486 -398.217 -102.269
-515.111 -404.031 -111.08
-484.332 -394.399 -89.9327
-481.412 -395.528 -85.8838
-484.95 -402.001 -82.9493
-492.114 -408.611 -83.5027
-483.235 -403.209 -80.026
-483.061 -401.716 -81.3449
-484.52 -401.085 -83.4348
-494.611 -405.722 -88.8884
-492.866 -401.712 -91.1542
-487.884 -404.63 -83.2541
-489.92 -400.189 -89.7307
-480.551 -395.239 -85.3121
-490.532 -403.092 -87.4399
-488.211 -397.173 -91.0381
-499.984 -399.722 -100.262
-502.73 -406.622 -96.1073
-493.251 -404.383 -88.8685
-509.197 -405.209 -103.988
-480.997 -398.884 -82.1129
-490.209 -400.708 -89.5013
-484.602 -407.162 -77.4405
-489.079 -402.307 -86.7712
-481.929 -415.223 -66.7066
-480.082 -403.982 -76.0992
-494.382 -411.201 -83.1813
-485.29 -409.498 -75.7918
-481.134 -404.875 -76.2585
-497.18 -411.304 -85.8761
-516.064 -403.941 -112.122
-534.62 -411.659 -122.961
-503.297 -419.83 -83.4677
-483.651 -421.962 -61.6885
-477.137 -416.806 -60.3307
-472.223 -413.857 -58.366
-470.614 -414.245 -56.3692
-476.067 -408.614 -67.4531
-478.014 -413.88 -64.1342
-491.233 -411.775 -79.4584
-479.757 -417.279 -62.4777
-478.781 -420.099 -58.6819
-475.972 -415.165 -60.8068
-479.85 -416.571 -63.2789
-478.554 -411.22 -67.3342
-473.376 -414.16 -59.2161
-499.401 -413.258 -86.143
-502.188 -416.204 -85.984
-479.706 -414.276 -65.4298
-496.201 -419.335 -76.8655
-484.232 -417.6 -66.6323
-490.011 -418.353 -71.6581
-484.543 -410.454 -74.0889
-481.361 -414.234 -67.1265
-465.485 -405.423 -60.062
-481.807 -420.73 -61.0766
-477.179 -414.583 -62.5962
-468.699 -410.437 -58.2624
-482.094 -416.102 -65.9925
-481.139 -419.452 -61.6865
-487.401 -419.226 -68.1746
-479.376 -414.547 -64.8283
-467.07 -410.476 -56.5938
-477.705 -412.417 -65.2877
-489.845 -413.443 -76.4019
-484.976 -408.291 -76.6849
-514.823 -418.817 -96.0058
-485.958 -414.38 -71.5786
-484.76 -407.233 -77.5273
-493.563 -406.863 -86.7008
-479.118 -407.917 -71.2012
-484.033 -412.999 -71.0337
-471.797 -404.46 -67.3366
-470.987 -402.639 -68.3486
-473.873 -404.92 -68.9535
-491.826 -412.347 -79.4789
-471.319 -408.203 -63.1161
-482.015 -408.616 -73.3997
-480.554 -411.096 -69.4579
-483.179 -399.204 -83.9752
-505.268 -405.522 -99.7465
-487.187 -401.154 -86.0333
-500.525 -405.42 -95.1048
-492.912 -399.259 -93.6534
