0.446788 6.70835
0.446862 6.69545
0.446923 6.7006
0.446701 6.6903
0.446619 6.68516
0.446398 6.67487
0.446364 6.67231
0.446287 6.66974
0.446348 6.6723
0.44651 6.68255
0.446429 6.67743
0.446209 6.6672
0.446081 6.65954
0.446195 6.66465
0.446209 6.6672
0.446322 6.67484
0.446336 6.67484
0.446213 6.66721
0.446179 6.66721
0.446057 6.65959
0.446165 6.6672
0.446418 6.67987
0.44615 6.66721
0.446122 6.66468
0.44637 6.67985
0.446342 6.67985
0.446402 6.68237
0.44628 6.67733
0.446154 6.66977
0.445893 6.65467
0.44586 6.65467
0.445833 6.65467
0.445568 6.63961
0.445634 6.64463
0.445833 6.65465
0.445852 6.65716
0.44582 6.65465
0.445931 6.66215
0.446037 6.66715
0.446055 6.66964
0.445931 6.66216
0.44595 6.66216
0.446009 6.66714
0.445936 6.66217
0.44595 6.66465
0.445968 6.66465
0.445982 6.66713
0.445818 6.6597
0.445786 6.65722
0.445896 6.66464
0.446 6.66959
0.445837 6.66218
0.445669 6.65231
0.445461 6.64245
0.445385 6.63752
0.445449 6.63998
0.445282 6.63261
0.445076 6.62278
0.44509 6.62278
0.445199 6.62768
0.445079 6.62278
0.444963 6.61789
0.445067 6.62278
0.444952 6.61789
0.444653 6.60079
0.444852 6.61055
0.444688 6.60324
0.444573 6.59593
0.444633 6.6008
0.444652 6.60323
0.444667 6.60323
0.444553 6.59837
0.44439 6.58867
0.444543 6.59594
0.444336 6.58625
0.444268 6.58141
0.444503 6.59592
0.444435 6.59351
0.444537 6.59833
0.444601 6.60316
0.444835 6.61521
0.444854 6.61521
0.444825 6.61521
0.4448 6.61281
0.444902 6.62001
0.444964 6.62241
0.444891 6.62001
0.44491 6.62001
0.444967 6.6248
0.444943 6.6248
0.444826 6.61763
0.444975 6.62719
0.444946 6.6248
0.444834 6.62003
0.444675 6.6105
0.444824 6.61764
0.444838 6.62002
0.444814 6.62002
0.444871 6.6224
0.444846 6.6224
0.444946 6.62714
0.444965 6.62714
0.445107 6.63661
0.445126 6.63897
0.445011 6.63188
0.445072 6.63424
0.444957 6.62952
0.444848 6.62481
0.444861 6.62481
0.444752 6.61775
0.444766 6.6201
0.444699 6.6154
0.444628 6.61305
0.444774 6.62009
0.444788 6.62243
0.444849 6.62478
0.445032 6.63648
0.444923 6.62946
0.444895 6.62946
0.444744 6.62012
0.444716 6.62012
0.44465 6.61779
0.444664 6.61779
0.444556 6.6108
0.444528 6.6108
0.444463 6.60848
0.444393 6.60383
0.44437 6.60383
0.444593 6.61543
0.444361 6.60153
0.444375 6.60384
0.44431 6.60153
0.444283 6.59922
0.444426 6.60846
0.444564 6.61538
0.444583 6.61769
0.444513 6.61308
0.444449 6.60847
0.444421 6.60847
0.444275 6.60157
0.44433 6.60387
0.44439 6.60846
0.444403 6.60846
0.444339 6.60617
0.444107 6.59243
0.443961 6.58556
0.444098 6.59242
0.444117 6.59471
0.444131 6.59471
0.443986 6.58786
0.443878 6.58102
0.443978 6.58786
0.443951 6.58558
0.443685 6.57193
0.443577 6.56511
0.443515 6.56284
0.443611 6.56738
0.44371 6.57191
0.443846 6.58098
0.443663 6.57192
0.443758 6.57645
0.443817 6.58097
0.443831 6.58097
0.443769 6.57871
0.443903 6.58548
0.444123 6.59675
0.444056 6.5945
0.443994 6.59225
0.444088 6.59675
0.444106 6.59899
0.44404 6.5945
0.444058 6.59675
0.443992 6.59226
0.44393 6.59002
0.443984 6.59226
0.444082 6.59673
0.444095 6.59897
0.444193 6.60567
0.444167 6.60344
0.444105 6.60121
0.443921 6.59006
0.443622 6.57447
0.443636 6.57447
0.443773 6.58114
0.443669 6.5767
0.443884 6.5878
0.443819 6.58558
0.443994 6.59667
0.444165 6.60554
0.44434 6.6144
0.444392 6.61882
0.444566 6.62767
0.444501 6.62546
0.444596 6.63208
0.444648 6.63429
0.444744 6.6387
0.444795 6.6431
0.44489 6.64971
0.444825 6.64531
0.444803 6.64531
0.444893 6.6497
0.445026 6.65848
0.445039 6.65848
0.445172 6.66725
0.445184 6.66725
0.445239 6.66944
0.445251 6.67163
0.445344 6.67819
0.445318 6.676
0.445257 6.67164
0.445192 6.66946
0.445093 6.6651
0.445144 6.66727
0.445084 6.66292
0.445057 6.66292
0.445074 6.66292
0.445048 6.66292
0.445026 6.66292
0.444962 6.65858
0.445016 6.66292
0.445029 6.66292
0.444969 6.65859
0.444867 6.65427
0.444921 6.65859
0.445047 6.66507
0.44514 6.66938
0.444886 6.65644
0.444789 6.65213
0.444764 6.64998
0.444705 6.64783
0.444679 6.64568
0.444771 6.64998
0.444783 6.65212
0.444762 6.64998
0.444887 6.65855
0.444753 6.64998
0.444615 6.64356
0.444519 6.63928
0.444532 6.63928
0.444399 6.63287
0.444374 6.63074
0.444428 6.635
0.444403 6.63287
0.444345 6.63074
0.444283 6.62648
0.444337 6.62861
0.444461 6.63712
0.444366 6.63287
0.44423 6.62437
0.444247 6.62437
0.444407 6.63497
0.444276 6.62862
0.444325 6.63074
0.444194 6.62439
0.44417 6.62227
0.444223 6.62439
0.444052 6.61594
0.443921 6.60961
0.444044 6.61594
0.444061 6.61594
0.443927 6.60962
0.44387 6.60751
0.443956 6.61172
0.443973 6.61382
0.444022 6.61592
0.443929 6.60963
0.443796 6.60334
0.443849 6.60753
0.443862 6.60753
0.443769 6.60334
0.443673 6.59707
0.44369 6.59707
0.44363 6.59498
0.443574 6.5908
0.443623 6.59498
0.443785 6.6054
0.443725 6.60123
0.443742 6.60123
0.443755 6.60331
0.443879 6.60955
0.443892 6.61162
0.44398 6.61578
0.444137 6.62615
0.444081 6.62407
0.444093 6.62407
0.444146 6.62822
0.444014 6.61994
0.444102 6.62614
0.443971 6.61788
0.444023 6.62201
0.444143 6.6282
0.444088 6.62614
0.4441 6.62614
0.44408 6.62614
0.444128 6.62819
0.444038 6.62408
0.44405 6.62408
0.444101 6.62819
0.444184 6.63229
0.444236 6.63434
0.444283 6.63844
0.444158 6.6323
0.444064 6.62616
0.444186 6.63434
0.444303 6.64047
0.444319 6.64251
0.44419 6.63435
0.444347 6.64455
0.444288 6.64047
0.444409 6.64658
0.444316 6.64251
0.444296 6.64048
0.444203 6.63641
0.444289 6.64047
0.444406 6.6486
0.444351 6.64657
0.444363 6.64657
0.444379 6.64657
0.44446 6.65265
0.444475 6.65265
0.444522 6.65669
0.444433 6.65265
0.444618 6.66275
0.444495 6.65669
0.444471 6.65467
0.444452 6.65467
0.444394 6.65064
0.444548 6.6587
0.444352 6.64864
0.444437 6.65266
0.444552 6.6607
0.444567 6.6607
0.444613 6.66471
0.444731 6.67073
0.444674 6.66873
0.444551 6.66272
0.444528 6.66071
0.444509 6.66071
0.444521 6.66071
0.444467 6.65872
0.444513 6.66071
0.444562 6.6647
0.444573 6.6647
0.444691 6.67068
0.444702 6.67268
0.444751 6.67666
0.444728 6.67467
0.444641 6.67069
0.444618 6.6687
0.444497 6.66076
0.444475 6.66076
0.444456 6.65878
0.444467 6.66076
0.444482 6.66274
0.444392 6.6568
0.444474 6.66274
0.444452 6.66076
0.444501 6.66274
0.444646 6.67261
0.444628 6.67261
0.444571 6.66866
0.444385 6.65881
0.444262 6.65093
0.444411 6.65881
0.444456 6.66274
0.444504 6.66471
0.444682 6.67649
0.44463 6.67453
0.444508 6.66668
0.444389 6.6608
0.4445 6.66668
0.444515 6.66864
0.444493 6.66668
0.444408 6.66277
0.444419 6.66277
0.4445 6.66667
0.444411 6.66277
0.444393 6.66277
0.444404 6.66277
0.444584 6.67251
0.444496 6.66862
0.444411 6.66278
0.444422 6.66472
0.444371 6.66084
0.444349 6.66084
0.444166 6.65113
0.444178 6.65113
0.444225 6.65307
0.444171 6.65113
0.444218 6.65307
0.444197 6.65307
0.444375 6.66274
0.444419 6.6666
0.444335 6.66274
0.444216 6.65502
0.444132 6.65116
0.444144 6.65116
0.444028 6.64538
0.443974 6.64153
0.443989 6.64153
0.44387 6.63576
0.443755 6.62999
0.443961 6.64152
0.444008 6.64344
0.443955 6.64152
0.443905 6.63768
0.443819 6.63385
0.443672 6.62619
0.443683 6.62619
0.443763 6.63001
0.443806 6.63384
0.443821 6.63384
0.443865 6.63766
0.443847 6.63575
0.443859 6.63766
0.443873 6.63956
0.443981 6.64528
0.444027 6.64718
0.444135 6.65479
0.444149 6.65669
0.443904 6.64149
0.443823 6.63769
0.443898 6.64149
0.443849 6.63959
0.443892 6.64149
0.444066 6.65096
0.444045 6.65096
0.444186 6.65853
0.444197 6.66042
0.444211 6.66042
0.444127 6.65664
0.44411 6.65664
0.444247 6.66419
0.444166 6.66042
0.444209 6.6623
0.444255 6.66607
0.444265 6.66607
0.44428 6.66795
0.444196 6.66231
0.44421 6.66419
0.444252 6.66607
0.444172 6.66232
0.444182 6.66232
0.444071 6.65482
0.443956 6.6492
0.443908 6.64732
0.444013 6.65294
0.444058 6.65481
0.444069 6.65668
0.444083 6.65668
0.443969 6.65108
0.443983 6.65294
0.443963 6.65108
0.444039 6.65667
0.443956 6.65108
0.444064 6.65853
0.444168 6.66411
0.444213 6.66783
0.444161 6.66411
0.444207 6.66597
0.444186 6.66597
0.444107 6.6604
0.444149 6.66411
0.444255 6.66967
0.444204 6.66782
0.444094 6.66226
0.444043 6.65857
0.444026 6.65672
0.444037 6.65856
0.444051 6.65856
0.444154 6.66595
0.44426 6.67148
0.44427 6.67332
0.444131 6.66595
0.444172 6.66779
0.444032 6.66043
0.443982 6.65676
0.444057 6.66227
0.444067 6.66227
0.44402 6.66043
0.443969 6.65676
0.444014 6.6586
0.443902 6.6531
0.443916 6.65493
0.443927 6.65493
0.443971 6.65676
0.444012 6.66042
0.443996 6.65859
0.443945 6.65676
0.443868 6.65129
0.443818 6.64946
0.443681 6.64035
0.443601 6.6367
0.443645 6.63852
0.443535 6.63306
0.443549 6.63488
0.443771 6.64761
0.443845 6.65124
0.443886 6.65488
0.443809 6.65125
0.44385 6.65306
0.443833 6.65125
0.443874 6.65487
0.444008 6.66393
0.444018 6.66393
0.444002 6.66212
0.444072 6.66754
0.444175 6.67296
0.444155 6.67296
0.44402 6.66574
0.44403 6.66574
0.443984 6.66394
0.443905 6.65853
0.443978 6.66394
0.444048 6.66754
0.444031 6.66574
0.444071 6.66933
0.444085 6.67113
0.443976 6.66395
0.44396 6.66395
0.443911 6.66036
0.443954 6.66394
0.444083 6.67111
0.444008 6.66574
0.4439 6.66037
0.443913 6.66216
0.443982 6.66573
0.443996 6.66573
0.443976 6.66573
0.444019 6.6693
0.444088 6.67287
0.444102 6.67287
0.444082 6.67287
0.444008 6.66931
0.444135 6.67643
0.444031 6.66931
0.444129 6.67643
0.444142 6.6782
0.444152 6.6782
0.444224 6.68353
0.444204 6.68176
0.444072 6.67289
0.444082 6.67466
0.444124 6.67643
0.444076 6.67466
0.444031 6.67112
0.444128 6.6782
0.444315 6.69057
0.444267 6.68704
0.444222 6.68351
0.444232 6.68527
0.444187 6.68351
0.444197 6.68351
0.444123 6.67998
0.444277 6.68879
0.444175 6.68351
0.444069 6.67647
0.443996 6.67296
0.444035 6.67471
0.444105 6.67823
0.444115 6.67998
0.444071 6.67647
0.444023 6.67472
0.444007 6.67297
0.444046 6.67647
0.444002 6.67297
0.443983 6.67297
0.443996 6.67472
0.443948 6.67122
0.443904 6.66948
0.443886 6.66773
0.443785 6.66075
0.443937 6.67121
0.443836 6.66598
0.443732 6.65902
0.443774 6.6625
0.443755 6.66076
0.443655 6.65554
0.443636 6.6538
0.443735 6.65901
0.443688 6.65728
0.443701 6.65728
0.443711 6.65901
0.443724 6.65901
0.443791 6.66421
0.443691 6.65728
0.443785 6.66421
0.44377 6.66421
0.443808 6.66594
0.443765 6.66421
0.44369 6.65903
0.443647 6.65557
0.443601 6.65385
0.443557 6.65212
0.443596 6.65385
0.443468 6.64696
0.443534 6.6504
0.44366 6.659
0.443669 6.659
0.443598 6.65385
0.443608 6.65557
0.443566 6.65385
0.443715 6.66243
0.443728 6.66415
0.443794 6.66758
0.443806 6.66758
0.443788 6.66758
0.443773 6.66586
0.443644 6.65902
0.443601 6.6556
0.443556 6.65389
0.443485 6.65047
0.443495 6.65047
0.443564 6.65389
0.443546 6.65389
0.443531 6.65218
0.443541 6.65388
0.443443 6.64877
0.443343 6.64197
0.443273 6.63856
0.443228 6.63516
0.443296 6.64026
0.443306 6.64026
0.443181 6.63177
0.443301 6.64026
0.443259 6.63686
0.443159 6.63178
0.443063 6.62669
0.443073 6.62669
0.443113 6.63008
0.443178 6.63346
0.443301 6.64023
0.443338 6.64361
0.443488 6.65205
0.443525 6.65543
0.443565 6.65712
0.44352 6.65543
0.443614 6.66049
0.443624 6.66217
0.443664 6.66554
0.443755 6.67059
0.443849 6.67564
0.443859 6.67732
0.44379 6.67396
0.443745 6.6706
0.443757 6.67228
0.443821 6.67563
0.443915 6.68234
0.443951 6.68402
0.443964 6.68402
0.443946 6.68402
0.44385 6.679
0.443806 6.67565
0.443899 6.68067
0.443908 6.68234
0.443921 6.68401
0.44393 6.68401
0.443942 6.68568
0.443844 6.67901
0.443803 6.67567
0.443758 6.67401
0.443663 6.66901
0.4437 6.67067
0.443793 6.67733
0.443722 6.67234
0.443707 6.67068
0.443663 6.66902
0.443542 6.66238
0.443498 6.65906
0.443484 6.65906
0.443493 6.65906
0.443559 6.66237
0.443542 6.66237
0.443501 6.65906
0.443537 6.66237
0.44347 6.65906
0.443426 6.65576
0.443518 6.66236
0.443501 6.66071
0.443567 6.66566
0.443523 6.66237
0.443562 6.66566
0.443651 6.67061
0.443663 6.67061
0.44354 6.66402
0.443553 6.66567
0.443509 6.66238
0.443522 6.66238
0.443584 6.66731
0.443543 6.66566
0.443605 6.66895
0.443591 6.66895
0.443627 6.67059
0.44377 6.67878
0.443911 6.68861
0.443975 6.69353
0.44401 6.69516
0.443918 6.69025
0.443953 6.69189
0.443991 6.69352
0.443948 6.69189
0.443986 6.69516
0.444047 6.69842
0.443954 6.69353
0.443885 6.68864
0.443923 6.69189
0.443828 6.68538
0.443762 6.68212
0.443745 6.6805
0.443705 6.67887
0.44374 6.6805
0.443726 6.6805
0.443684 6.67725
0.443592 6.67238
0.443653 6.67562
0.443561 6.67076
0.443389 6.65941
0.443324 6.65617
0.443256 6.65132
0.443268 6.65293
0.443252 6.65132
0.443367 6.6594
0.443376 6.6594
0.443414 6.66263
0.443372 6.6594
0.443333 6.65617
0.443342 6.65779
0.443251 6.65295
0.443312 6.65617
0.443375 6.65939
0.443436 6.66422
0.443294 6.65618
0.443278 6.65457
0.443264 6.65296
0.443325 6.65778
0.443311 6.65618
0.443346 6.65939
0.443282 6.65618
0.44324 6.65297
0.443277 6.65618
0.443338 6.65938
0.443324 6.65938
0.443384 6.66258
0.443244 6.65458
0.443202 6.65139
0.44329 6.65618
0.443299 6.65778
0.44321 6.65299
0.443219 6.65299
0.443181 6.6498
0.443114 6.64661
0.443151 6.6482
0.443161 6.64979
0.443122 6.6482
0.443005 6.64024
0.443017 6.64184
0.443077 6.64502
0.443039 6.64184
0.443048 6.64343
0.442959 6.63866
0.442969 6.63866
0.442981 6.63866
0.44294 6.63708
0.442851 6.63232
0.442861 6.63232
0.442873 6.6339
0.442782 6.62757
0.442744 6.62599
0.442753 6.62599
0.442791 6.62757
0.4428 6.62915
0.442912 6.63547
0.442896 6.63547
0.442834 6.63231
0.442843 6.63231
0.442905 6.63704
0.442864 6.63389
0.442777 6.62759
0.442886 6.63546
0.442947 6.64018
0.442981 6.64175
0.442993 6.64332
0.443052 6.64647
0.443064 6.64647
0.443123 6.65117
0.443135 6.65274
0.443193 6.65588
0.443155 6.65431
0.44309 6.64961
0.443176 6.65588
0.44316 6.65431
0.443024 6.64649
0.44291 6.63867
0.442947 6.6418
0.442956 6.6418
0.442943 6.6418
0.442977 6.64336
0.442939 6.6418
0.442924 6.64024
0.443083 6.64959
0.442994 6.64492
