0.438756 0.805538
0.438803 0.809985
0.438706 0.805546
0.43861 0.801115
0.438713 0.805538
0.439111 0.823195
0.438719 0.80557
0.439115 0.823163
0.438824 0.809992
0.43824 0.7837
0.438439 0.792448
0.438637 0.80118
0.438738 0.805539
0.439322 0.831641
0.439034 0.818613
0.439133 0.822948
0.439038 0.818621
0.438849 0.809983
0.438852 0.809983
0.439332 0.831502
0.438762 0.805725
0.438575 0.797148
0.438863 0.809991
0.439054 0.818537
0.439434 0.835601
0.439247 0.827084
0.439531 0.839837
0.439719 0.848323
0.44 0.861031
0.440186 0.869489
0.440465 0.882153
0.44065 0.890581
0.440463 0.882167
0.440831 0.898965
0.441106 0.911542
0.441011 0.907357
0.441101 0.911535
0.441465 0.928218
0.441735 0.940708
0.441822 0.944865
0.441636 0.936566
0.441451 0.928281
0.441448 0.928281
0.441535 0.93241
0.441532 0.93241
0.441169 0.915951
0.440987 0.907736
0.441342 0.924139
0.440893 0.903669
0.440891 0.903669
0.440889 0.903669
0.440976 0.907743
0.440796 0.899609
0.440442 0.883368
0.441057 0.911743
0.440879 0.903649
0.441053 0.911729
0.44105 0.911729
0.440873 0.903675
0.440697 0.895634
0.44087 0.903662
0.440954 0.90767
0.440087 0.867659
0.44 0.863665
0.439828 0.855689
0.440258 0.875597
0.440687 0.895474
0.440771 0.899443
0.440598 0.891518
0.440938 0.907343
0.441021 0.911293
0.441104 0.915237
0.441271 0.923112
0.441268 0.923112
0.440928 0.907411
0.441347 0.927006
0.441345 0.927006
0.441342 0.927006
0.441255 0.923106
0.440835 0.903633
0.441 0.91141
0.440665 0.895881
0.440415 0.884251
0.440166 0.87264
0.439835 0.857183
0.43967 0.849466
0.439671 0.849466
0.439589 0.845619
0.439508 0.841778
0.439346 0.834109
0.439102 0.822622
0.439185 0.826445
0.439268 0.830262
0.439351 0.834074
0.439028 0.81885
0.439354 0.834051
0.439194 0.826462
0.439276 0.830251
0.439438 0.837817
0.439439 0.837817
0.44 0.864218
0.43992 0.860452
0.440159 0.871734
0.44 0.864224
0.439841 0.856725
0.439762 0.852982
0.439842 0.85672
0.439527 0.841789
0.439291 0.830607
0.439214 0.826886
0.439529 0.841751
0.439609 0.845462
0.439375 0.834345
0.439142 0.823245
0.439455 0.838024
0.439456 0.838024
0.439302 0.830656
0.439458 0.838013
0.439537 0.841687
0.439461 0.838019
0.439538 0.841681
0.439693 0.848996
0.440153 0.87091
0.440076 0.867263
0.439924 0.859979
0.44 0.863616
0.439924 0.859984
0.440076 0.867237
0.440152 0.870858
0.440076 0.867242
0.439925 0.86002
0.440151 0.870838
0.440301 0.878039
0.4406 0.892423
0.440974 0.910376
0.441047 0.913962
0.440821 0.90322
0.441117 0.917523
0.441115 0.917523
0.440965 0.910391
0.440667 0.896148
0.440518 0.889036
0.440959 0.910342
0.440589 0.892611
0.440588 0.892611
0.440587 0.892611
0.440513 0.88908
0.440512 0.88908
0.440438 0.885558
0.440364 0.88204
0.440218 0.875016
0.44 0.864493
0.440145 0.871498
0.440217 0.874997
0.439856 0.857529
0.439856 0.857529
0.439568 0.843593
0.439354 0.833155
0.439785 0.854003
0.439642 0.847063
0.439643 0.847063
0.439786 0.853985
0.440142 0.871266
0.440071 0.867814
0.44 0.864367
0.44 0.864367
0.439859 0.857491
0.440141 0.871225
0.440282 0.878083
0.43993 0.860961
0.439719 0.850701
0.43944 0.837039
0.439301 0.830218
0.439023 0.816592
0.439094 0.819994
0.438957 0.813198
0.439028 0.816592
0.43896 0.813203
0.438824 0.806434
0.439171 0.823334
0.439379 0.833461
0.439243 0.826719
0.439107 0.819985
0.439177 0.823347
0.439384 0.833423
0.439316 0.830068
0.439386 0.833418
0.43925 0.826727
0.439728 0.850117
0.439728 0.850117
0.44 0.863448
0.440135 0.870105
0.440405 0.883403
0.440405 0.883403
0.440404 0.883403
0.440807 0.903275
0.440671 0.896659
0.440536 0.890052
0.440669 0.896651
0.440534 0.89006
0.440533 0.89006
0.440399 0.883486
0.440598 0.893335
0.440531 0.890056
0.440464 0.886781
0.440595 0.893323
0.440528 0.890056
0.440527 0.890056
0.440526 0.890056
0.440657 0.896566
0.440459 0.886813
0.440458 0.886813
0.440327 0.880327
0.440392 0.883566
0.440456 0.886801
0.44039 0.88357
0.440584 0.893252
0.440583 0.893252
0.440518 0.890032
0.440646 0.896463
0.440645 0.896463
0.44058 0.893255
0.440772 0.902867
0.440835 0.906067
0.440833 0.906067
0.44096 0.912452
0.440831 0.906075
0.440893 0.909259
0.441083 0.918802
0.440827 0.906094
0.440825 0.906094
0.440951 0.912433
0.440696 0.899769
0.440442 0.887121
0.440379 0.883962
0.440441 0.887117
0.440629 0.89657
0.440502 0.890275
0.440627 0.896563
0.440626 0.896563
0.440563 0.893426
0.440624 0.896559
0.440436 0.887172
0.440498 0.890297
0.440435 0.887176
0.44062 0.89653
0.440557 0.893416
0.440618 0.896526
0.440864 0.908955
0.440986 0.915163
0.441231 0.927563
0.441167 0.924466
0.441227 0.927559
0.44098 0.915202
0.440917 0.912116
0.440916 0.912116
0.440976 0.915195
0.44067 0.899818
0.440973 0.915177
0.440971 0.915177
0.44097 0.915177
0.440847 0.909054
0.440906 0.912112
0.440784 0.906003
0.440542 0.893799
0.440421 0.887704
0.4403 0.881615
0.44 0.866411
0.43994 0.863374
0.43988 0.86034
0.43994 0.86337
0.440417 0.887588
0.440417 0.887588
0.440178 0.875506
0.440119 0.872489
0.440237 0.878517
0.440296 0.881527
0.440414 0.887541
0.440413 0.887541
0.440471 0.890542
0.440647 0.899534
0.440587 0.89654
0.440821 0.908502
0.44082 0.908502
0.440702 0.902534
0.440526 0.893592
0.4407 0.902524
0.440466 0.890627
0.440465 0.890627
0.440464 0.890627
0.440464 0.890627
0.440405 0.887665
0.44052 0.893582
0.440404 0.887672
0.440634 0.89948
0.440691 0.902428
0.440575 0.896537
0.440631 0.89948
0.44063 0.89948
0.440629 0.89948
0.440686 0.902412
0.440742 0.905342
0.440627 0.899489
0.440569 0.896565
0.440284 0.881963
0.440567 0.89655
0.44051 0.893635
0.440622 0.899458
0.440791 0.908182
0.44079 0.908182
0.441127 0.925594
0.441181 0.928493
0.440955 0.91691
0.440898 0.914017
0.440784 0.908237
0.440671 0.902464
0.440782 0.908231
0.441227 0.931278
0.441448 0.942789
0.441613 0.951413
0.441556 0.948541
0.441498 0.945673
0.44144 0.942807
0.441438 0.942807
0.441271 0.934227
0.441214 0.93137
0.441047 0.922808
0.440935 0.917105
0.440714 0.905713
0.440768 0.908558
0.440932 0.917085
0.441149 0.928443
0.441038 0.92277
0.44131 0.936938
0.441471 0.94543
0.441415 0.942602
0.441087 0.925652
0.440923 0.917186
0.440976 0.920005
0.440812 0.911556
0.440703 0.905929
0.440648 0.903118
0.440539 0.897502
0.440808 0.911528
0.440753 0.908725
0.440376 0.889129
0.440322 0.886333
0.440482 0.894714
0.440428 0.891923
0.44016 0.877982
0.440053 0.872411
0.440107 0.875194
0.440053 0.872414
0.439947 0.86686
0.440053 0.872408
0.439894 0.864093
0.440053 0.8724
0.440317 0.886231
0.440528 0.897285
0.440527 0.897285
0.440579 0.900043
0.440526 0.897287
0.440472 0.894535
0.440472 0.894535
0.440785 0.911018
0.440732 0.908273
0.440679 0.905532
0.440522 0.897314
0.440365 0.889105
0.440208 0.880903
0.440208 0.880903
0.440311 0.88636
0.44057 0.89999
0.440673 0.905436
0.440775 0.910877
0.440671 0.905441
0.440515 0.897295
0.440618 0.902721
0.440668 0.905431
0.440462 0.894601
0.440564 0.900011
0.440563 0.900011
0.440563 0.900011
0.440664 0.905405
0.440663 0.905405
0.440713 0.908097
0.440712 0.908097
0.440661 0.90541
0.440609 0.902726
0.440608 0.902726
0.440506 0.897367
0.440708 0.908074
0.440707 0.908074
0.440757 0.910746
0.440705 0.908077
0.440906 0.918743
0.441005 0.924072
0.440853 0.916087
0.440702 0.908109
0.440651 0.905453
0.44075 0.910761
