100
4
400
Variable1
Variable2
Variable3
Variable4
0
3 3 3 3
-0.01153239 -0.4996822 0.1810825 1.152271 0 1 0 1
0.8148656 1.373596 1.581877 0.8262286 2 0 0 1
0.3819864 -0.1036713 -0.5972006 -0.2213279 2 0 0 1
0.8378841 0.8480897 0.7867578 2.006338 2 0 0 1
3.461986 2.379484 -0.6804573 -0.5888904 2 0 0 1
1.141593 -0.2051343 -0.276338 0.03719216 0 1 0 1
0.6829368 0.5417075 0.7118107 1.520112 0 1 0 1
0.7055573 0.46101 1.703841 2.293919 0 1 0 1
1.272711 -0.2327198 -0.01386522 -0.2931609 2 0 0 1
0.08548638 1.112451 1.452025 0.5945768 2 0 0 0
1.788408 2.617691 0.7158379 0.3147483 0 1 0 1
1.13652 1.395268 1.553258 1.606683 2 0 0 1
0.7909372 1.276464 0.8351185 1.388369 0 1 0 1
2.09072 1.816881 1.032082 0.1623962 1 1 0 1
0.7840772 0.4773608 1.944955 2.089719 1 1 0 1
0.9415598 1.260464 1.342303 0.5316751 0 1 0 1
0.8476909 0.2584889 0.2709953 0.8169243 2 0 0 1
1.106281 0.7493768 0.4206892 0.2309989 0 1 0 1
0.8968131 0.7125989 0.5561888 0.5716367 1 1 0 1
-0.2698895 0.03919282 1.193367 0.3770993 2 0 0 1
1.551394 2.447677 2.161595 1.361296 0 1 0 1
1.718389 1.918345 2.652128 2.630411 2 1 0 1
0.8228388 1.643231 0.5008075 0.5036215 2 0 0 1
1.902606 1.112183 0.9663052 1.007816 1 0 0 1
2.082533 0.881228 0.6635347 0.8088441 0 1 0 1
1.452102 0.9851296 0.968189 1.456039 2 0 2 1
1.780206 1.580924 0.3849432 0.9514888 2 0 0 1
1.4858 1.167642 1.406418 1.869576 0 0 0 1
1.130188 1.885206 1.505883 0.7280633 2 0 0 1
1.850969 0.9895108 1.286718 1.240783 0 1 0 1
1.333313 1.595973 2.111478 1.281494 0 1 0 1
-0.3092016 -1.005188 0.09527958 1.342524 0 1 0 1
1.363339 0.628974 0.3950684 0.8572225 0 1 0 0
0.7867407 0.554433 0.06383782 1.027539 2 0 0 2
1.263882 -0.00388312 0.5887216 1.121178 0 1 0 1
2.935612 2.803908 1.605239 0.5078404 0 1 0 1
0.4826248 0.8058219 0.5611976 0.8195696 0 1 0 1
0.8657826 1.821775 1.060413 1.010025 2 1 0 1
1.777081 1.080849 1.170487 0.6790454 0 0 0 1
2.195738 1.816682 2.321684 1.694291 2 0 0 1
-0.1745659 -0.2512488 0.5594355 0.9926596 2 0 0 2
2.247313 0.5995962 0.1826271 0.8718426 0 1 0 0
0.1183194 -0.007680531 0.04233954 0.1244313 2 0 0 1
-0.2192631 1.508974 1.551809 0.7632385 2 0 2 1
0.1877447 1.450479 1.995227 2.245777 2 1 0 1
0.4739308 0.8170999 2.017911 2.807857 0 1 0 1
0.7130606 0.7005112 1.971058 1.914368 2 0 0 1
2.361828 1.150334 0.9439201 1.283271 0 1 0 1
1.503746 0.3973989 -0.5802012 0.676097 2 0 2 1
1.247243 0.7556403 0.9749146 1.527709 2 0 0 1
3.500472 4.354601 5.229591 4.723222 2 0 2 2
2.667458 3.276687 4.50354 4.783621 2 0 2 2
5.851405 5.625169 4.5709 3.129991 2 0 2 2
3.414203 3.809991 4.867877 5.741295 0 1 2 2
4.455807 4.692057 5.007295 4.577163 0 1 2 2
3.710829 3.294122 3.115489 4.700692 0 1 2 2
4.485113 4.142811 3.701383 4.051158 2 0 2 2
3.868057 4.698616 4.250722 3.986583 0 1 2 1
3.473386 3.630341 4.27867 3.02546 2 0 2 2
3.211241 3.096414 4.061486 4.582659 2 0 2 2
4.868637 4.838558 4.11243 4.064103 0 1 2 2
3.495012 4.79134 4.876536 4.740006 0 1 1 2
5.172859 4.844579 3.800301 4.069207 0 0 1 1
3.401344 3.81384 4.169292 4.137442 0 2 2 2
4.203759 4.33435 3.744286 4.714559 2 0 2 2
2.679372 2.376882 3.176378 3.558904 2 0 2 2
3.779417 4.725094 3.648635 3.253211 1 0 2 1
3.880424 3.521181 3.483567 4.081942 2 0 1 2
3.319201 4.79768 3.557283 2.976424 2 0 2 2
3.961783 4.512977 4.310561 3.863112 0 1 2 2
5.032423 5.237591 4.804487 4.053595 0 1 2 2
3.608336 4.563676 4.55414 4.373448 1 0 2 2
3.441578 3.67244 3.285877 3.904341 0 1 2 0
4.589818 2.777791 2.147847 3.485875 0 1 2 2
3.768301 3.575157 4.519325 5.463501 0 1 2 2
3.36089 3.107481 3.772785 3.91896 2 0 2 2
3.917604 3.801415 3.233998 3.789829 0 1 2 2
4.211122 4.071697 4.552445 4.83009 0 1 2 2
2.528425 3.118441 4.267132 4.256819 2 0 2 2
3.127351 3.146777 3.772307 4.252677 2 1 2 2
4.396375 3.700944 3.282614 3.182633 2 0 0 2
4.499365 3.644033 2.431136 3.443352 2 0 2 2
3.553169 3.604651 3.602067 3.60714 0 1 0 2
4.729673 4.889428 5.050849 4.578017 1 1 2 2
3.367496 3.475317 3.671729 5.304188 2 0 2 2
4.449814 3.854221 2.673918 3.080331 0 1 2 2
2.978297 2.883489 2.092157 2.658298 2 1 2 2
4.705164 5.353808 5.175672 3.891663 0 1 2 2
5.115057 5.26281 4.120315 3.013771 0 1 2 2
4.248559 4.324037 4.094898 3.946897 0 1 2 2
2.722544 3.293273 4.137543 4.215534 0 1 2 2
3.64256 4.106889 3.91186 3.665359 2 0 2 2
4.399109 3.594388 2.941218 2.618316 2 0 2 2
3.754415 3.870094 3.248582 3.608315 0 1 0 0
2.945072 3.307415 3.663889 2.568797 2 0 2 2
3.115149 3.969504 5.205143 4.222557 2 0 2 2
4.545207 4.079767 3.982173 3.491147 0 1 2 1
4.142001 2.958598 3.61748 4.423919 0 1 2 1
3.532732 4.528012 4.249827 4.729422 2 0 2 2
4.674337 3.713593 4.059 4.867035 1 0 2 2
1 0
1 0
1 0
1 0
1 0
1 0
1 0
1 0
1 0
1 0
1 0
1 0
1 0
1 0
1 0
1 0
1 0
1 0
1 0
1 0
1 0
1 0
1 0
1 0
1 0
1 0
1 0
1 0
1 0
1 0
1 0
1 0
1 0
1 0
1 0
1 0
1 0
1 0
1 0
1 0
1 0
1 0
1 0
1 0
1 0
1 0
1 0
1 0
1 0
1 0
1 0
1 0
1 0
1 0
1 0
1 0
1 0
1 0
1 0
1 0
1 0
1 0
1 0
1 0
1 0
1 0
1 0
1 0
1 0
1 0
1 0
1 0
1 0
1 0
1 0
1 0
1 0
1 0
1 0
1 0
1 0
1 0
1 0
1 0
1 0
1 0
1 0
1 0
1 0
1 0
1 0
1 0
1 0
1 0
1 0
1 0
1 0
1 0
1 0
1 0
