0.782673
0.782673
1.0953
1.10866
0.247409
0.762084
0.762084
0.762084
0.773848
0.773848
0.773848
1.12384
1.12384
0.460884
0.460884
0.187105
0.187105
0.187105
0.336126
0.336126
0.542188
0.542188
0.542188
0.694328
0.694328
0.694328
0.642538
0.642538
0.789433
0.789433
0.41677
0.41677
0.41677
0.41677
0.231528
0.231528
0.231528
0.350316
0.350316
0.506659
0.506659
0.733887
0.616645
0.616645
0.266737
0.253055
0.253055
0.253055
0.253055
0.253055
0.253055
0.542134
0.542134
0.497305
0.497305
0.497305
0.497305
0.497305
0.497305
0.629046
0.629046
0.629046
0.635864
0.635864
0.635864
1.72546
1.28934
0.968953
0.458807
0.458807
0.458807
0.337666
0.337666
0.337666
0.518856
0.215351
0.680583
0.488986
0.518189
0.518189
0.385272
0.244973
0.244973
0.244973
0.116478
0.116478
0.116478
0.116478
0.116478
0.116478
0.0306627
0.0306627
0.26109
0.26109
0.26109
0.26109
0.26109
0.228385
0.225488
0.191843
0.191843
0.191843
0.165689
0.21502
0.42207
0.691791
0.0907336
0.252839
0.283849
0.545323
0.545323
1.33629
0.498283
0.498283
0.498283
0.498283
0.692848
0.692848
0.197524
0.579527
0.579527
0.579527
0.579527
0.578776
1.07083
1.07083
1.07083
1.07046
1.07046
1.01409
1.01409
1.01409
0.335337
0.335337
0.335337
0.335337
0.335337
0.335337
0.335337
0.670593
0.670593
0.62159
0.62159
0.62159
0.221029
0.221029
0.221029
0.221029
0.221029
0.245037
0.245037
0.222005
0.20557
0.691785
0.691785
0.691785
0.862396
0.862396
0.71813
0.71813
1.44997
1.26423
1.61632
1.37705
0.928062
0.566269
0.566269
0.566269
0.566269
0.668827
0.707547
0.35663
0.128478
0.128478
0.128478
0.128478
0.178105
0.349971
0.419874
0.419874
0.419874
0.419874
0.419874
0.419874
0.419874
0.419874
0.419874
0.419874
0.419874
0.448514
0.328014
0.85761
0.85761
0.766054
0.766054
0.766054
0.766054
0.766054
0.214154
0.214154
0.214154
0.214154
0.214154
0.214154
0.214154
0.214154
0.371049
0.46195
0.46195
0.157672
0.157672
0.157672
0.157672
0.157672
0.157672
0.157672
0.157672
0.157672
0.157672
0.157672
0.077956
0.0591936
0.0591936
0.0591936
0.0591936
0.253078
0.253078
0.253078
0.253078
0.253078
0.253078
0.253078
0.339386
0.339386
0.339386
0.549525
0.381098
1.03668
0.672399
1.01261
0.664651
0.664651
0.516101
0.516101
0.31969
0.711647
0.312018
0.312018
0.312018
0.197412
0.271932
0.189571
0.166629
0.317505
0.510902
0.510902
0.510902
0.671684
0.527532
0.527532
0.527532
0.527532
0.480934
0.407369
0.407369
0.407369
0.407369
0.219568
0.998581
0.998581
0.589366
1.18103
1.18103
1.18103
1.18103
1.0776
1.27397
1.27397
1.15711
1.39127
1.48213
1.48213
1.1052
0.989255
0.989255
0.989255
0.248086
0.248086
0.248086
0.248086
0.351542
0.351542
0.192192
0.192192
0.268348
0.268348
0.268348
0.268348
0.201942
0.201942
0.220716
0.49403
0.49403
0.974029
0.974029
0.988823
0.988823
0.323588
0.239125
0.239125
0.341901
0.563917
0.563917
0.110348
0.645691
0.596009
0.949202
0.949202
0.949202
0.949202
1.02945
0.804206
0.656995
0.360806
0.331932
0.331932
0.0841423
0.0841423
0.0841423
0.0841423
0.0841423
0.0841423
1.12775
1.12775
0.831556
0.831556
0.959545
0.440516
0.440516
0.272966
0.975026
0.975026
0.975026
0.975026
0.975026
0.620732
0.620732
0.620732
0.620732
0.620732
0.620732
0.582865
0.582865
0.582865
0.388747
0.388747
0.388747
0.337539
0.337539
0.337539
0.337539
1.02923
0.31577
0.610299
0.600605
0.785548
0.52111
0.52111
0.496631
0.627652
0.627652
0.627652
0.309987
0.309987
0.309987
0.309987
0.309987
0.0983113
0.0983113
0.0983113
0.921011
0.921011
0.921011
0.694677
0.694677
0.694677
0.934738
0.778216
0.778216
0.778216
1.21452
1.21452
0.517374
0.517374
0.517374
0.517374
0.734581
0.300439
0.300439
0.172459
0.172459
0.172459
0.172459
0.172459
0.172459
0.237529
0.237529
0.237529
0.237529
0.237529
0.925406
0.437475
0.325182
0.245059
0.669659
0.669659
0.669659
0.669659
0.754465
0.754465
0.754465
0.754465
0.638192
0.638192
0.23135
0.23135
0.62469
0.461865
0.579282
0.579282
0.579282
0.579282
0.233875
0.233875
0.653454
0.653454
0.642941
0.642941
0.642941
0.642941
0.642941
0.659469
0.596895
0.596895
0.596895
0.578294
0.363618
0.312928
0.312928
0.312928
0.65647
0.65647
0.618651
0.618651
0.549384
0.549384
0.549384
0.503527
0.146823
0.482642
0.383496
0.383496
0.211225
0.211225
0.211225
0.356186
0.343088
0.343088
0.722626
0.722626
0.319455
0.338312
0.486375
0.971935
1.04143
1.04143
1.04143
1.04143
1.04143
1.04143
1.04143
0.561524
0.561524
0.561524
0.561524
0.565722
0.565722
0.486076
0.486076
0.486076
0.486076
0.486076
0.486076
0.590814
0.590814
0.590814
0.590814
0.590814
0.570978
0.570978
0.916755
0.916755
0.3758
0.609509
0.609509
0.609509
0.609509
0.346022
0.112917
0.112917
0.112917
0.0306169
0.0306169
0.0306169
0.0306169
0.0306169
0.0306169
0.0306169
0.0306169
0.0306169
0.0306169
0.143479
0.275633
0.433707
0.433707
0.235806
0.708758
0.708758
0.700819
0.700819
0.840927
0.840927
0.840927
0.840927
0.432807
0.326157
0.747637
0.747637
1.28309
1.28309
1.28309
0.886206
0.779269
0.356152
0.356152
0.356152
0.285263
0.686418
0.279813
0.279813
0.279813
0.279813
0.30327
0.30327
0.542847
0.542847
0.840027
0.840027
0.840027
0.840027
0.881897
0.881897
0.480144
0.449255
0.469905
0.761215
0.761215
0.78271
0.491716
0.194035
0.302129
0.302129
0.376929
0.376929
0.376929
0.376929
0.376929
0.376929
1.16071
1.46687
1.58466
1.26251
1.35641
1.40933
1.40933
1.04636
1.04636
0.858693
1.18009
1.62038
1.16513
0.400755
0.402145
0.542974
0.542974
0.169364
0.169364
0.169364
0.169364
0.169364
0.169364
0.169364
0.169364
0.169364
0.169364
0.346139
0.346139
0.328714
0.328714
0.516243
0.478296
0.478296
0.732178
0.732178
0.732178
0.732178
0.682333
0.682333
0.844434
0.844434
0.844434
0.496739
0.682804
0.682804
0.682804
0.682804
0.96047
0.96047
0.594115
0.594115
0.594115
0.594115
1.10782
1.10782
0.491114
0.482534
0.64452
0.64452
1.1278
1.1278
0.948174
0.948174
0.733494
1.14362
0.482642
0.514656
0.514656
0.613391
0.613391
0.254597
0.254597
0.142827
0.0468183
0.0468183
0.0468183
0.184708
0.184708
0.244754
0.244754
0.262879
0.222042
0.344835
0.344835
0.344835
0.344835
0.797707
0.505018
0.505018
0.505018
0.366982
0.366982
0.366982
0.869963
0.512693
0.402532
0.70884
0.70884
0.59625
0.59625
0.735203
0.753342
0.669465
0.52315
0.595011
0.602531
0.602531
0.491438
0.491438
0.617136
0.64593
0.748939
0.803825
0.803825
0.803825
0.803825
0.565878
0.565878
0.565878
0.565878
0.565878
0.565878
1.3557
1.62971
1.62971
1.62971
1.42537
1.01539
0.636243
0.370944
0.370944
0.370944
0.370944
0.303679
0.303679
0.630015
0.399227
0.393911
0.804367
0.804367
0.370441
0.370441
0.916147
0.916147
0.916147
0.916147
0.800914
0.800914
0.800914
1.22414
0.227656
0.227656
0.227656
0.151691
0.151691
0.151691
0.26746
0.26746
0.43182
0.828538
0.501968
0.382821
0.337505
0.337505
0.537843
0.537843
0.835328
1.21805
1.21805
1.00759
1.00759
0.682099
0.682099
0.682099
0.682099
0.682099
0.576912
0.576912
0.576912
0.45851
0.484737
0.484737
0.484737
0.484737
0.7251
0.62059
1.98161
1.98161
1.70578
1.71379
1.71379
1.37768
1.13535
0.245925
0.245925
0.397275
0.341443
0.341443
0.341443
0.341443
0.341443
0.341443
0.341443
0.466379
0.466379
0.466379
0.273721
0.273721
0.165881
0.39563
0.39563
0.39563
0.565403
0.565403
0.565403
0.794365
0.454832
0.454832
0.454832
0.0538333
0.0538333
0.0538333
0.0538333
0.0538333
0.218305
0.131018
0.131018
0.131018
1.34071
0.269106
0.269106
0.344043
0.225137
0.73342
0.943925
0.187076
0.157759
0.157759
0.157759
0.157759
0.157759
0.700167
1.367
1.2139
1.43089
1.39418
1.6042
0.502318
0.337725
0.298363
0.303435
0.274482
0.253156
0.253156
0.253156
0.253156
0.253156
0.253156
0.507657
0.507657
0.507657
0.507657
0.378406
0.378406
0.229584
0.229584
0.497218
0.497218
0.56272
0.813028
0.385822
0.385822
1.03264
1.03264
0.304244
0.304244
0.603011
0.603011
0.991592
0.991592
0.991592
0.991592
0.692038
0.692038
0.692038
0.597822
0.597822
0.597822
0.597822
0.597822
0.412415
0.412415
0.412415
1.63211
1.56472
1.59828
1.59828
1.63899
1.23424
1.23325
0.200151
0.200151
0.899661
0.999523
0.999523
0.999523
0.582214
0.582214
0.582214
0.582214
1.06703
1.06703
1.06703
1.00557
1.00557
0.746349
0.746349
0.238968
0.238968
0.238968
0.687248
0.687248
0.53413
0.920393
0.920393
0.920393
0.920393
0.716417
0.716417
0.74605
0.260948
0.435649
0.384433
0.937054
0.437859
0.728302
0.728302
1.40211
1.40211
1.40211
0.532987
0.865099
0.58879
0.58879
0.58879
0.190673
0.169688
0.59956
0.245669
0.523247
0.523247
0.523247
0.670012
0.366199
0.366199
1.3457
1.48082
1.48082
0.426597
0.244496
0.244496
0.244496
0.244496
0.821656
0.821656
0.821656
0.637701
0.377931
0.377931
0.872243
0.872243
0.872243
0.872243
0.872243
0.872243
1.3933
1.26784
0.217357
0.217357
1.5739
1.34042
0.563492
0.200894
0.200894
0.200894
0.399444
0.399444
0.399444
0.657233
0.450753
0.436223
0.436223
0.257976
0.257976
0.257976
0.257976
0.53698
0.53698
0.53698
0.53698
0.869049
0.869049
0.869049
0.869049
0.737293
0.737293
0.401922
0.288877
0.288877
0.0533159
0.199556
0.143597
0.849584
0.849584
0.849584
0.849584
0.849584
0.849584
0.849584
0.849584
0.849584
0.480968
0.480968
0.480968
0.480968
0.480968
0.480968
0.480968
0.337977
0.151099
0.151099
0.290068
0.290068
0.290068
0.290068
0.290068
0.477037
0.477037
0.151505
0.241637
0.241637
0.179738
0.179738
0.179738
0.0832832
0.0832832
0.350454
0.666472
0.666472
0.666472
0.666472
0.615597
0.615597
0.243512
0.243512
0.358846
0.555192
0.555192
0.555192
0.295098
0.295098
0.295098
0.877856
0.877856
0.877856
0.764496
0.646681
0.646681
0.824928
0.824928
0.824928
0.891345
0.891345
1.02279
1.02279
0.0983243
0.0983243
0.0983243
0.0983243
0.222701
0.254889
0.254889
0.254889
0.254889
0.356727
1.19352
1.19352
1.19352
1.19352
1.19224
1.89344
0.986608
0.986608
1.1966
1.1966
1.22146
1.22146
1.11457
1.11457
1.11457
1.11457
0.320951
0.543413
0.543413
0.530593
0.676751
0.676751
0.676751
0.676751
0.676751
1.20119
0.318241
0.318241
0.318241
0.318241
0.318241
0.296277
0.229562
0.726715
0.586302
0.586302
0.586302
0.586302
0.586302
0.414056
0.414056
0.414056
0.414056
0.414056
0.414056
0.607568
0.52509
0.52509
0.52509
0.52509
0.271754
0.271754
0.271754
0.310477
0.310477
0.310477
0.555677
0.555677
0.59229
0.59229
0.59229
0.59229
0.59229
0.670653
0.723036
0.682413
0.682413
0.682413
0.483285
0.162034
0.162034
0.162034
0.162034
0.162034
0.162034
0.133744
0.133744
0.133744
0.133744
0.133744
0.561931
0.18286
0.18286
0.534581
0.534581
0.534581
0.678243
0.678243
0.678243
0.678243
0.654519
0.652708
0.342079
0.0614272
0.280258
0.280258
0.564748
0.417886
0.417886
0.514172
0.514172
0.514172
0.514172
0.729496
0.729496
0.729496
0.391019
0.103975
0.614435
0.53966
0.520783
0.520783
0.520783
0.520783
0.520783
0.520783
0.520783
0.520783
0.520783
0.520783
0.520783
0.520783
0.520783
0.596203
0.913525
1.34322
1.34322
1.61937
1.61937
0.91936
0.91936
0.91936
0.91936
0.709883
0.709883
0.709883
0.666453
0.398724
0.398724
0.398724
0.329058
0.329058
0.329058
0.705585
0.931362
0.931362
0.931362
0.937683
0.937683
0.937683
0.587632
1.16474
1.16474
1.16474
0.919154
0.919154
0.225574
0.563767
0.563767
0.563767
0.563767
0.276134
0.276134
0.558075
0.341343
0.8115
0.8115
0.8115
0.8115
0.322954
0.322954
0.322954
0.322954
0.582132
0.582132
0.582132
0.582132
0.32705
0.398601
0.398601
0.0727522
0.0727522
0.970615
0.970615
0.214615
0.214615
0.842266
0.842266
0.842266
0.842266
0.362688
0.362688
0.362688
0.362688
0.362688
0.362688
0.289117
1.29652
0.630627
0.287259
0.287259
0.287259
0.307442
0.402686
0.123071
0.123071
0.123071
0.3254
0.3254
0.365406
0.637271
1.29487
1.29487
1.29487
1.11436
0.295308
0.295308
0.295308
0.295308
0.295308
0.295308
0.295308
0.38184
0.38184
0.38184
0.38184
0.249598
0.249598
1.06386
0.149102
0.149102
0.971797
0.971797
0.262618
0.262618
0.262618
0.262618
0.262618
0.876623
0.876623
0.426952
0.426952
0.240921
0.240921
0.240921
0.240921
0.240921
0.240921
0.240921
0.240921
0.240921
0.405243
0.743082
0.261676
0.261676
0.261676
0.261676
0.261676
0.332622
0.332622
0.332622
0.446876
0.520981
0.520981
0.114092
0.114092
0.26574
0.115035
0.30994
0.625743
1.0875
1.0875
0.382475
0.264746
0.413803
0.413803
0.480098
0.480098
0.412791
0.212927
0.212927
0.642724
0.801307
0.640818
0.640818
0.321875
0.53583
0.207196
0.207196
0.207196
0.207196
0.281055
0.281055
0.578937
0.578937
0.578937
0.149351
0.149351
0.149351
0.169447
0.169447
0.169447
0.169447
0.169447
0.169447
0.169447
0.169447
0.917281
0.800384
0.800384
0.882687
0.882687
0.882687
0.882687
0.882687
0.882687
0.690482
0.690482
0.579668
0.579668
0.130399
0.865209
1.12776
1.12776
1.37258
0.938015
0.0637083
0.222926
0.328288
0.328288
0.506005
0.421796
0.421796
0.710285
0.710285
0.710285
1.42961
1.29504
1.29504
1.29504
0.102165
0.102165
0.233313
0.367263
0.332951
0.332951
0.515238
0.52034
0.52034
1.10827
1.10827
0.155063
0.155063
0.155063
0.155063
0.155063
0.155063
0.155063
0.155063
0.155063
0.772355
0.809062
0.809062
0.809062
0.809062
0.809062
0.809062
0.809062
0.649568
0.649568
0.609148
0.480001
0.480001
0.641347
0.641347
0.784071
1.05357
1.05357
1.05357
1.05357
1.05357
0.490546
0.490546
0.490546
0.490546
0.269265
0.74044
0.74044
0.74044
0.74044
0.74044
0.74044
0.74044
0.74044
0.74044
0.74044
0.525119
0.525119
0.882806
1.0624
0.182247
0.534677
0.534677
0.534677
0.534677
0.689731
0.689731
0.689731
0.625682
0.625682
0.490394
0.135739
0.94013
0.899954
0.899954
0.624913
0.706698
0.706698
0.706698
0.706698
0.726101
0.272854
0.272854
0.753447
0.753447
0.753447
0.753447
1.46509
0.314553
0.500452
0.295656
0.445551
0.445551
0.445551
0.445551
0.445551
0.445551
1.0346
0.44037
0.44037
0.44037
0.44037
0.340959
0.340959
0.340959
0.340959
0.340959
0.822046
0.767061
1.09182
1.09182
0.33733
0.33733
1.00199
0.729981
0.328443
0.328443
0.328443
0.315411
0.315411
0.63061
0.63061
0.63061
0.63061
0.63061
0.63061
0.337955
0.337955
0.337955
0.337955
0.337955
0.337955
0.337955
0.337955
0.337955
0.337955
0.337955
0.337955
0.337955
0.337955
0.337955
0.337955
0.337955
0.337955
0.337955
0.337955
0.337955
0.337955
0.418805
0.418805
0.759035
0.759035
0.759035
0.759035
0.298508
0.298508
0.731688
0.347248
0.154557
0.154557
0.8565
0.8565
0.8565
0.8565
0.44473
0.44473
0.44473
0.492489
0.492489
0.492489
0.206573
0.314181
0.373854
0.373854
0.373854
0.373854
0.373854
0.373854
0.373854
0.373854
0.373854
0.373854
0.373854
0.884922
0.77057
0.77057
0.77057
0.77057
0.77057
0.77057
1.00953
1.03369
1.36584
1.42958
0.444882
0.444882
0.47923
0.47923
0.47923
0.732771
0.573629
0.521373
0.0914401
0.0914401
0.0914401
0.355738
0.361306
0.361306
0.669543
0.669543
0.933846
1.09944
0.674492
0.581032
0.581032
0.473674
1.0386
1.0386
0.877035
0.892553
0.892553
0.892553
1.0833
1.0833
0.479561
0.479561
0.479561
0.538449
0.274591
0.429679
0.359022
0.359022
0.46276
0.46276
0.46276
0.980028
1.35072
0.689902
1.1455
1.1439
0.672239
0.771106
0.771106
0.771106
0.480097
0.213733
0.370415
0.413954
0.586672
0.586672
0.449207
0.0924905
0.0924905
0.0924905
0.368602
0.54705
0.54705
0.54705
0.82033
0.82033
0.205189
0.205189
0.205189
0.68957
0.813925
0.529385
0.529385
0.529385
0.529385
0.529385
0.529385
0.529385
0.529385
0.529385
0.529385
0.529385
0.529385
0.39588
0.39588
0.39588
0.843782
1.07414
0.964928
0.964928
0.964928
1.39939
1.39939
0.802853
0.802853
0.802853
0.802853
0.802853
0.802853
0.851183
0.93097
0.690567
0.692512
0.878141
0.713215
0.610391
0.610391
0.197744
0.193154
0.193154
0.800194
0.800194
0.800194
0.862917
0.862917
0.862917
0.997878
0.61351
0.439213
0.439213
0.439213
0.439213
0.44231
0.44231
1.07092
0.217857
0.301487
0.758978
0.556823
0.556823
0.280603
0.280603
0.280603
0.847104
0.796162
0.796162
0.3996
0.610696
0.610696
0.610696
0.610696
0.318958
0.318958
0.210984
0.709638
0.709638
0.802865
0.873476
0.873476
0.873476
0.873476
0.873476
0.947505
0.824614
0.693291
0.54951
0.54951
0.54951
0.54951
0.201964
0.201964
0.201964
0.201964
0.917595
0.917595
0.382601
0.382601
0.382601
0.532052
0.532052
0.531321
0.531321
0.531321
0.531321
0.839514
0.341444
0.795204
0.567874
0.567874
0.567874
0.520084
0.256238
0.256238
0.461071
0.461071
0.229931
0.229931
0.153615
0.153615
0.523126
0.523126
0.523126
0.523126
0.239253
0.614772
0.23076
0.23076
0.684825
0.564769
0.564769
0.0931644
0.0931644
0.611233
0.611233
0.612891
0.612891
0.612891
0.702601
0.702601
0.702601
0.60786
0.517153
0.517153
0.517153
0.817111
0.817111
0.817111
0.0912609
0.0912609
0.76968
0.76968
0.76968
0.379472
0.264124
0.264124
0.264124
0.257498
0.257498
0.257498
0.486383
0.486383
0.486383
0.486383
0.787653
0.632509
0.165862
0.165862
0.165862
0.165862
0.165862
0.165862
0.165862
0.165862
1.15045
1.15045
0.597641
0.597641
0.597641
0.597641
0.785391
0.785391
0.785391
0.577409
0.577409
0.577303
0.479211
0.479211
0.479211
0.420921
0.338557
0.338557
0.338557
0.421639
0.315344
0.994911
0.955961
0.955961
0.622423
1.02766
1.55123
1.4736
1.4736
0.799565
0.362644
0.362644
0.362644
0.148873
0.148873
0.148873
0.207251
0.207251
0.207251
0.207251
0.654681
0.397895
0.464379
0.464379
0.505989
0.307451
0.312632
0.312632
0.339103
0.339103
0.339103
0.339103
0.339103
0.339103
0.339103
0.870463
1.05604
1.0662
1.0662
0.213774
0.213774
0.213774
0.341275
0.341275
0.341275
0.341275
0.341275
0.341275
0.341275
0.341275
0.341275
0.341275
0.804263
0.700838
0.700838
0.412335
0.458647
0.628996
0.628996
0.990688
0.990688
0.385294
0.856085
0.358923
0.358923
0.414421
0.414421
0.414421
0.422279
0.422279
0.422279
0.384004
0.384004
0.384004
0.595207
1.08983
1.08983
1.36484
1.36484
1.36484
1.55949
1.55949
1.55949
1.55949
1.61066
0.948365
0.948365
0.447163
0.447163
0.447163
0.447163
0.447163
0.447163
0.605978
0.605978
0.2742
0.2742
0.2742
0.709784
0.709784
0.401235
0.401235
0.401235
0.401235
0.401235
0.401235
0.401235
0.401235
0.592778
0.403195
0.403195
0.403195
0.403195
0.403195
0.617166
0.128582
0.128582
0.128582
0.476561
0.476561
0.476561
0.476561
0.892411
0.804504
0.804504
0.459218
0.459218
0.459218
0.885983
0.804108
1.14853
0.711699
0.711699
0.760062
0.683545
0.683545
0.683545
0.903241
0.903241
0.903241
0.903241
0.903241
0.292914
0.292914
0.493048
0.493048
0.493048
0.599402
0.373912
0.373912
0.373912
0.316693
0.537483
0.537483
0.537483
0.537483
0.537483
0.537483
0.537483
0.537483
0.537483
0.311191
0.311191
0.311191
0.311191
0.183793
0.183793
0.183793
0.781735
1.43752
0.90249
0.90249
0.90249
0.90249
0.423142
0.423142
0.423142
0.423142
0.423142
0.423142
0.2062
0.649497
0.649497
0.649497
0.339009
0.339009
0.339009
0.339009
0.339009
0.339009
0.23521
0.594545
0.594545
0.594545
0.317739
0.317739
0.317739
0.317739
0.580352
0.580352
0.580352
0.580352
0.580352
0.504476
0.504476
0.504476
0.341461
0.341461
0.341461
0.194167
0.194167
0.577141
0.577141
0.577141
0.577141
0.577141
0.577141
0.322158
0.322158
0.322158
0.266099
0.266099
0.266099
0.266099
0.798096
0.798096
0.628227
0.628227
0.628227
0.791499
0.791499
0.791499
0.791499
0.791499
0.791499
0.883425
0.751078
0.751078
0.751078
0.0793959
0.477699
0.477699
0.477699
0.357135
0.357135
0.357135
0.357135
0.0759663
0.0759663
0.155522
0.155522
0.155522
0.155522
0.155522
0.155522
0.155522
0.155522
0.748839
0.437719
0.437719
0.263342
0.089328
0.089328
0.089328
0.089328
0.089328
0.440486
0.440486
0.440486
0.440486
0.440486
0.432432
0.768044
0.768044
0.923135
0.537211
0.511335
0.511335
0.411001
0.544404
0.544404
0.544404
0.305218
0.305218
0.406538
0.406538
0.406538
0.830121
0.830121
1.10114
1.10114
1.10114
0.159136
0.159136
0.921224
0.921224
0.921224
0.399164
0.399164
0.726733
0.592351
0.592351
0.592351
0.369587
0.190826
0.190826
0.190826
0.190826
0.190826
0.154675
0.824452
0.824452
0.824452
0.824452
0.824452
0.824452
0.872218
0.872218
0.218855
0.218855
0.218855
0.218855
0.218855
0.815002
0.815002
0.815002
0.815002
0.815002
0.847351
0.847351
0.847351
0.529479
0.529479
0.892399
0.892399
0.953182
0.672397
0.649154
0.497966
0.497966
0.497966
0.405389
0.414464
0.414464
0.25865
0.511016
0.511016
0.511016
0.343755
0.343755
0.343755
0.343755
0.459167
0.459167
0.388378
0.717549
0.631995
0.631995
0.631995
0.631995
0.631995
0.631995
0.631995
0.631995
0.258082
0.258082
0.258082
0.258082
0.258082
0.258082
0.964121
0.29266
0.426773
0.426773
0.426773
0.426773
0.426773
0.426773
0.616873
0.580237
0.580237
0.580237
0.580237
0.580237
0.728771
0.707937
0.707937
0.707937
0.707937
0.610683
0.263725
0.263725
0.256301
0.256301
0.10731
0.10731
0.10731
0.10731
0.10731
0.139808
0.481891
0.481891
0.671324
0.671324
0.671324
0.671324
0.671324
0.671324
0.671324
1.01389
1.18114
1.06345
1.16114
0.417847
0.417847
0.452918
0.452918
0.452918
0.358332
0.474051
0.677563
0.265511
0.265511
0.265511
0.265511
0.440724
0.4402
0.211524
0.211524
0.591841
0.211182
0.211182
0.998345
0.998345
0.998345
0.998345
0.998345
0.985307
0.985307
0.915633
0.915633
0.915633
0.843908
0.843908
0.843908
1.13356
1.18338
0.634552
0.634552
0.634552
0.634552
0.745534
0.782437
0.782437
0.782437
0.872874
0.79368
0.79368
0.571851
0.571851
0.457158
0.530058
0.530058
0.530058
0.530058
0.530058
0.530058
0.254683
0.254683
0.330581
0.330581
0.330581
0.330581
0.330581
0.76814
0.359926
0.189564
0.189564
0.189564
0.189564
0.189564
0.189564
0.189564
0.189564
0.189564
0.189564
0.189564
0.579372
0.106397
0.401185
0.401185
0.401185
1.82751
1.82751
1.82751
1.69319
1.6494
1.84003
1.25937
0.434059
0.299374
0.985231
0.985231
1.0048
0.89849
0.89849
0.89849
0.568435
0.568435
0.568435
0.890224
0.750075
0.750075
0.231594
0.231594
0.231594
0.220946
0.220946
0.220946
0.220946
0.220946
0.220946
0.220946
0.354497
0.354497
0.354497
0.354497
1.44115
1.54573
1.04889
1.04889
0.759109
0.759109
0.452114
0.452114
0.577893
0.464837
0.464837
0.464837
0.464837
0.464837
0.464837
0.464837
0.464837
0.464837
0.464837
0.739578
0.739578
0.421423
0.31254
0.734076
0.734076
0.734076
0.479552
0.110276
0.282009
0.502301
1.29466
1.36546
1.36546
0.331323
0.331323
0.428313
0.428313
0.428313
0.725027
0.540964
0.75584
0.75584
0.111836
0.111836
0.21472
0.21472
0.21472
0.324194
0.324194
0.865647
1.23698
1.23698
1.23698
1.23698
1.16262
1.16262
1.36074
1.36074
1.12792
1.47678
1.54226
1.54226
1.64425
1.64425
1.63071
1.63071
1.63071
1.63071
1.69218
1.33081
1.33081
1.33081
1.33081
1.24593
1.24593
1.24593
1.24593
1.03407
1.03407
0.761282
0.797613
0.868641
0.868641
0.868641
1.61261
1.63258
1.63258
1.95328
1.61181
1.82703
1.17878
1.93423
1.93423
1.63664
1.47635
0.202303
0.816907
0.816907
0.256761
0.74242
0.74242
0.74242
0.468062
0.468062
0.732351
1.51964
1.51964
1.51964
1.77817
1.72866
0.828528
0.627032
0.627032
0.627032
0.627032
0.627032
0.627032
0.12478
0.44175
0.737595
0.911579
0.911579
0.911579
0.881184
0.939166
0.71145
0.71145
0.71145
0.709963
0.709963
0.709963
0.709963
0.709963
0.709963
0.268948
0.103914
0.103914
0.103914
0.269203
0.269203
0.657472
0.633711
0.817259
0.817259
0.817259
0.531804
0.294922
0.294922
0.519118
0.519118
0.0926607
0.0926607
0.0926607
0.0926607
0.0926607
0.395464
0.395464
0.638946
1.15912
0.739275
0.355998
0.457031
0.397962
0.398829
0.398829
0.398829
0.398829
0.398829
0.204571
0.454652
0.760764
0.760764
0.760764
0.760764
0.760764
0.774042
0.774042
0.504202
0.504202
0.504202
0.504202
0.57803
0.380255
0.380255
0.380255
0.380255
0.380255
0.380255
0.380255
0.380255
0.380255
0.421818
0.412631
0.412631
0.412631
1.29909
1.01722
0.499144
0.499144
0.499144
0.499144
0.499144
0.499144
0.499144
0.72816
0.825702
0.825702
0.463494
0.463494
0.463494
0.258347
0.258347
0.258347
0.244718
0.244718
0.244718
0.244718
0.244718
0.244718
0.450162
1.4155
1.4155
1.4155
0.476313
0.476313
0.476313
0.400877
0.21104
0.470273
0.470273
0.470273
0.170633
0.170633
0.170633
0.625116
0.625116
0.176597
0.176597
0.700473
0.700473
0.526579
0.487165
0.37946
0.37946
0.37946
0.37946
0.929421
0.929421
0.929421
0.929421
1.30393
1.30393
1.22472
0.585903
0.772251
0.772251
0.772251
0.772251
0.809155
1.22428
0.508874
0.508874
0.508874
0.508874
0.508874
0.508874
0.430366
0.430366
0.430366
0.430366
0.430366
0.356555
0.356555
0.347345
0.347345
0.365537
0.365537
0.233147
0.233147
0.233147
0.233147
0.233147
0.188994
0.188994
0.188994
0.188994
0.910866
0.561045
0.561045
0.561045
0.982997
0.982997
0.982997
0.982997
0.98765
0.98765
0.98765
0.432631
0.432631
0.432631
0.415391
0.256111
0.256111
0.496535
0.496535
0.496535
0.496535
0.496535
0.496535
0.496535
0.489048
0.489048
0.678661
0.678661
0.678661
1.07227
1.07227
1.07227
1.07227
1.07227
0.963967
0.293926
0.293926
0.293926
0.293926
0.293926
0.293926
0.293926
0.419079
0.290419
0.455491
0.455491
0.455491
0.918553
0.918553
0.335748
0.288102
0.406859
0.956897
0.956897
0.356067
0.477854
0.499165
0.842549
0.842549
0.842549
0.402995
0.402995
0.402995
0.345489
0.462424
0.462424
0.285735
0.285735
0.285043
0.169263
0.588843
0.588843
0.588843
0.588843
0.941603
1.04378
0.637347
0.637347
0.451353
0.451353
0.451353
0.491605
0.491605
0.491605
0.588397
0.678138
0.678138
0.678138
0.678138
0.678138
0.264899
0.250325
1.36591
0.939112
0.939112
0.965588
0.965588
0.462361
0.462361
0.462361
0.244048
0.580783
0.580783
0.580783
0.129474
0.759895
0.759895
0.759895
0.450387
0.450387
0.450387
0.450387
0.450387
0.450387
0.450387
0.496183
0.134506
0.134506
0.177526
0.177526
0.177526
0.177526
0.177526
0.432601
0.432601
0.432601
0.308379
0.229079
0.229079
0.229079
0.229079
0.229079
0.229079
0.229079
0.31454
0.31454
0.206026
0.206026
0.206026
0.206026
0.418881
1.02073
1.02073
0.570978
0.570978
0.570978
0.570978
0.570978
0.222198
0.222198
0.222198
0.222198
0.170708
0.170708
0.166416
0.165032
0.341179
0.341179
0.341179
0.786757
0.786757
0.99682
0.990024
1.03708
1.08146
0.558187
0.558187
0.549636
0.549636
0.734535
0.506219
0.506219
0.506219
0.506219
0.549177
0.211813
0.30443
0.267316
0.267316
0.267316
0.625208
0.596366
0.596366
0.596366
0.596366
0.596366
0.716645
0.291973
0.291973
0.209184
0.209184
0.472422
0.409811
0.409811
0.409811
0.409811
0.359489
0.359489
0.359489
0.347085
0.347085
0.347085
0.347085
0.347085
0.347085
0.425153
0.425153
0.425153
0.425153
0.409697
0.409697
0.246495
0.246495
0.246495
0.246495
0.449086
0.449086
0.785053
0.62462
0.399848
0.175847
0.175847
0.174212
0.174212
0.174212
0.174212
0.313012
1.20704
1.20704
1.20704
1.20704
1.36203
0.400354
1.58649
0.732669
0.387543
0.387543
0.387543
0.501666
0.501666
0.501666
0.381138
0.381138
0.381138
0.608089
0.608089
0.608089
0.608089
0.590928
0.301333
0.592849
0.315055
0.315055
0.813085
1.56526
1.56526
0.325879
0.325879
0.325879
0.721283
0.721283
0.721283
0.653541
0.653541
0.653541
0.673067
1.20226
0.0751308
0.0751308
0.0751308
0.0835358
0.0835358
0.146892
0.152932
0.152932
0.152932
0.704138
1.37324
1.37324
0.696734
1.1587
1.1587
0.902768
1.16641
1.1759
1.1759
1.14105
1.14105
1.14105
1.14105
1.14105
0.486413
0.486413
0.486413
0.486413
0.486413
0.486413
0.486413
0.723277
0.723277
0.723277
0.723277
0.159963
0.397408
0.397408
0.397408
0.397408
0.579098
0.756165
0.717313
0.709964
0.524028
0.450101
0.450101
0.450101
0.523635
0.523635
0.586881
0.586881
0.237423
0.237423
0.237423
0.237423
0.237423
0.12739
0.12739
0.12739
0.12739
0.247143
0.247143
0.609937
0.824912
0.824912
0.445564
0.57309
0.690199
0.690199
0.690199
0.384801
0.300165
0.24186
0.24186
0.24186
0.24186
0.795011
0.739752
0.739752
0.739752
0.696126
0.696126
0.833029
0.679338
0.686811
0.303867
0.460481
0.460481
0.395382
0.132466
0.184808
0.208213
0.208213
0.114377
0.114377
0.114377
0.114377
0.638262
0.638262
0.336527
0.336527
0.336527
0.38952
0.788635
1.0894
0.743715
0.878647
0.726099
0.726099
0.902227
0.0629864
0.0629864
0.656792
0.656792
0.656792
0.188728
0.874187
0.874187
0.709976
0.28119
0.28119
0.28119
0.28119
0.28119
0.28119
0.28119
0.28119
0.28119
0.141521
0.227327
0.407851
0.407851
0.407851
0.407851
0.407851
0.407851
0.407851
0.407851
0.407851
0.407851
0.407851
0.407851
0.407851
0.874759
0.359314
0.241709
0.241709
0.139689
0.621868
0.621868
0.120002
0.120002
0.448379
0.392384
0.392384
0.392384
0.392384
0.22579
0.282442
0.282442
0.282442
0.282442
0.282442
0.295502
0.295502
0.517093
0.478581
0.636134
0.636134
0.636134
0.489775
0.338434
0.610707
0.610707
0.175468
0.175468
0.240262
0.240262
0.240262
0.372995
0.372995
0.439397
0.439397
0.439397
0.242268
0.242268
0.242268
0.242268
0.242268
0.480747
0.236977
1.2435
1.2435
1.2435
1.2435
1.2435
1.2435
0.146994
1.12293
0.914725
0.914725
0.914725
0.594721
0.758099
0.758099
0.632061
0.632061
0.632061
0.966583
0.6819
0.221162
0.221162
0.221162
0.796581
0.796581
0.796581
0.331538
0.486571
0.486571
0.488976
0.488976
0.488976
0.62035
0.639352
0.21469
0.858605
1.22847
1.22847
0.517583
0.517583
0.517583
0.517583
0.517583
0.517583
0.517583
0.177193
0.177193
0.210167
0.210167
0.580094
0.580094
0.580094
0.580094
0.649687
0.649687
0.266748
0.266748
1.19479
1.21447
0.494226
0.125479
0.103949
0.103949
0.252048
0.678472
0.678472
0.678472
0.678472
0.638125
0.722127
0.722127
0.722127
0.185801
0.185801
0.185801
0.185801
0.185801
0.185801
0.185801
0.236233
0.236233
0.236233
0.236233
0.12128
0.0793965
0.0793965
0.548365
0.495597
0.452579
0.452579
0.452579
0.236319
0.236319
0.236319
0.236319
0.319511
0.195758
0.440654
0.440654
0.723671
0.723671
0.723671
0.452881
0.452881
0.365758
0.365758
0.365758
0.707418
0.707418
0.707418
0.575403
0.565673
0.565673
0.565673
0.565673
0.565673
0.565673
0.565673
0.565673
0.640412
0.640412
0.448411
0.152996
0.152996
0.53801
0.138221
0.694532
0.518958
0.490198
0.490198
0.534489
0.580865
0.990111
0.990111
0.990111
0.990111
0.32516
0.551871
0.551871
0.551871
0.334472
0.334472
0.334472
0.334472
0.569768
0.0817796
0.424822
0.424822
0.424822
0.47502
0.357974
0.357974
0.357974
0.357974
0.667346
0.667346
0.651389
0.651389
0.222532
0.222532
0.222532
0.222532
0.115054
0.526788
0.351596
0.351596
0.356961
0.416042
0.416042
0.416042
0.877131
0.555917
0.555917
0.741966
0.275193
0.275193
0.36129
0.36129
0.594582
0.327067
0.35141
0.173146
0.173146
0.173146
0.871792
0.731133
0.463258
0.492089
0.492089
0.11838
0.11838
0.117725
0.117725
0.716392
0.61683
0.582037
0.337711
0.337711
0.337711
0.367841
0.305549
0.341267
0.264428
0.326867
0.326867
0.605059
0.605059
0.900841
0.442815
0.442815
0.333705
0.679631
1.63856
1.63856
1.63856
1.63856
1.63856
0.467331
0.467331
0.467331
0.467331
0.965706
0.965706
0.965706
0.684703
0.851192
0.851192
1.00132
0.801001
1.29969
0.45804
0.45804
0.45804
0.45804
0.509905
0.414181
0.414181
0.509349
0.509349
0.581144
0.581144
0.581144
0.298007
0.654224
0.654224
0.654224
0.801063
0.801063
0.801063
0.543863
0.543863
0.543863
0.543863
0.543863
0.68716
0.68716
0.68716
0.643093
0.813914
0.661153
0.661153
0.661153
0.661153
0.661153
0.661153
0.661153
0.498571
0.498571
0.498571
0.725917
0.725917
0.726343
0.152743
0.173125
0.173125
0.173125
0.780554
0.780554
1.03192
1.03192
0.272979
0.272979
0.316246
0.316246
0.296214
0.102484
0.361817
0.361817
0.361817
0.508113
0.442833
0.563857
0.500816
0.500816
1.1325
0.214058
0.214058
0.821312
0.821312
1.32825
1.32825
1.32825
0.542863
0.542863
0.411494
0.411494
0.411494
0.289556
0.289556
0.289556
0.289556
0.43265
0.43265
0.708001
0.45169
0.45169
0.45169
0.455031
0.455031
0.455031
0.455031
0.455031
0.455031
0.455031
0.491007
0.491007
0.491007
0.491007
0.491007
0.22324
0.22324
0.749647
0.749647
0.437699
0.437699
0.527041
0.124189
0.548434
0.548434
0.691986
0.691986
0.997028
0.997028
0.822859
0.822859
0.822859
0.822859
0.822859
0.822859
0.146315
0.146315
0.146315
0.146315
0.146315
0.280251
0.280251
0.373631
0.373631
0.373631
0.373631
0.466746
0.466746
0.466746
0.466746
0.466746
0.366327
0.366327
1.21369
0.326383
0.431087
1.16089
1.16089
0.628185
0.254367
0.254367
0.254367
0.254367
0.187524
0.187524
0.187524
0.187524
0.0897349
0.0897349
0.0897349
0.0897349
0.0897349
0.0897349
0.283356
0.283356
0.283356
0.329455
0.329455
0.329455
1.11104
0.326921
0.326921
0.892254
0.892254
0.942775
0.942775
0.942775
0.367313
0.406364
1.26019
0.720661
0.439705
0.439705
0.447035
0.447035
0.764526
0.753011
0.135678
0.275641
0.275641
0.358066
0.431804
0.431804
0.329856
0.583497
0.978516
0.978516
0.978516
0.978516
0.978516
0.978516
0.978516
0.978516
0.978516
0.978516
0.761138
0.308865
0.308865
0.308865
0.308865
0.308865
0.308865
0.308865
0.308865
0.473658
0.473658
0.473658
0.473658
0.135748
0.135748
0.135748
0.135748
0.709892
0.231182
0.585428
0.585428
0.369835
0.377421
0.377421
0.377421
0.255337
0.24104
0.24104
0.293623
0.293623
0.293623
0.293623
0.556525
0.556525
0.556525
0.556525
0.22566
0.22566
0.268791
0.268791
0.647028
0.647028
0.647028
0.636875
1.4115
1.4115
1.4115
1.36221
0.735849
0.735849
1.13318
1.13318
1.13318
1.13318
1.19436
1.19436
0.312894
0.312894
0.526548
1.24476
0.440764
0.440764
0.440764
0.440764
0.440764
0.440764
0.440764
0.300337
0.300337
0.300337
0.300337
0.300337
0.382928
0.382928
0.316041
0.316041
0.790216
0.795035
0.795035
0.795035
0.535626
0.535626
0.535626
0.880738
0.880738
0.861762
0.534621
0.722247
0.722247
0.36769
0.21298
0.21298
0.21298
0.511023
0.511023
0.511023
0.511023
0.511023
0.511023
0.511023
0.251776
0.179635
0.59023
0.987212
0.159526
0.272597
0.740244
0.740244
0.740244
0.740244
0.740244
0.416418
0.416418
0.416418
0.785408
1.02909
1.02909
1.02909
0.331611
0.331611
0.360117
0.360117
0.360117
0.666448
0.7378
0.250103
0.250103
0.250103
0.250103
0.250103
0.250103
0.250103
0.250103
0.250103
0.250103
0.250103
0.228764
0.76696
0.103783
0.103783
0.103783
0.305379
0.305379
0.305379
0.539929
0.539929
0.539929
0.539929
0.382017
0.382017
0.382017
0.382017
0.21607
0.374282
0.374282
0.374282
0.374282
0.374282
0.353677
0.353677
0.429414
0.349523
0.528174
0.437466
0.437466
0.437466
0.437466
0.318051
0.318051
0.318051
0.318051
0.318051
0.318051
0.318051
0.877641
0.877641
0.877641
0.877641
0.76913
1.06344
1.06344
0.282687
0.282687
0.522001
0.396078
0.396078
0.396078
0.481586
0.387242
0.498466
0.498466
0.47678
0.950604
1.03397
1.03397
1.03397
1.03397
1.03397
1.03397
0.840961
0.840961
0.840961
0.879622
0.879622
0.879622
0.879622
0.53307
0.53307
0.53307
0.53307
0.53307
0.588793
0.588793
0.588793
0.588793
0.356955
0.740814
0.467448
0.467448
0.354491
0.167861
0.592274
0.592274
0.460654
0.460654
0.573105
0.849992
0.605089
0.189253
0.4921
0.346185
0.346185
0.346185
0.346185
0.346185
0.346185
0.346185
0.346185
0.346185
0.346185
0.71217
0.71217
0.303209
0.0882406
0.0882406
0.328914
0.328914
0.328914
0.328914
0.316297
0.928782
0.383356
0.269953
0.351324
0.351324
0.351324
0.351324
1.01447
0.767503
0.767503
0.767503
0.767503
0.551456
0.551456
0.398752
0.474168
0.474168
0.474168
0.493572
0.493572
0.493572
0.493572
0.493572
0.493572
0.493572
0.493572
0.309673
0.309673
0.309673
0.309673
0.212966
0.212966
0.34838
0.34838
0.34838
0.34838
0.34838
0.34838
0.34838
0.605183
1.02464
1.02464
1.02464
1.02464
1.02464
0.26847
0.26847
0.880404
0.880404
0.681951
0.574715
0.574715
0.574715
0.108332
0.108332
0.57985
0.57985
0.57985
0.57985
0.637711
0.637711
0.781313
0.781313
0.506281
0.506281
0.506281
0.506281
0.506281
0.506281
0.506281
0.411102
0.411102
0.411102
0.411102
1.60028
1.60028
0.839499
0.75125
0.268617
0.268617
0.268617
0.268617
0.268617
0.268617
0.268617
0.268617
0.872975
1.33938
1.33938
1.33938
0.401259
0.639949
0.639949
0.639949
0.639949
1.13553
0.862902
0.862902
0.862902
0.862902
0.862902
0.862902
0.862902
0.575976
0.575976
0.575976
0.575976
0.241033
0.241033
0.241033
0.280904
0.365611
0.365611
0.365611
0.401664
0.250398
0.534465
0.534465
0.534465
0.740214
1.0569
1.48736
0.943919
0.943919
0.943919
0.906738
0.906738
0.801239
0.125907
0.125907
0.62002
0.62002
0.103275
0.0422603
0.300344
0.300344
0.290857
0.594835
0.165413
0.165413
0.165413
0.165413
0.165413
0.165413
0.165413
0.165413
0.165413
0.24092
0.430276
0.430276
0.820691
0.820691
0.820691
0.820691
1.40016
1.11694
0.0696691
0.0696691
0.763412
0.763412
0.871411
0.843088
0.843088
0.843088
0.54499
0.856963
0.930834
0.194383
0.578638
0.578638
0.578638
0.489433
0.910031
0.910031
0.18616
0.18616
0.18616
0.18616
0.18616
0.18616
0.18616
0.18616
0.18616
0.524479
1.156
1.156
1.156
1.156
0.0666441
0.0666441
0.0666441
0.110896
0.614702
0.572612
0.603904
0.603904
0.603904
0.603904
0.631369
0.631369
0.293513
0.293513
0.321928
0.321928
0.321928
1.27472
1.27472
1.27472
1.27472
0.731641
0.713493
1.1827
0.93919
0.284319
0.597128
0.597128
0.402328
0.460084
0.460084
0.460084
0.180638
0.272484
0.160239
0.160239
0.160239
0.361509
0.533098
0.533098
0.673536
0.617187
0.389567
0.389567
0.389567
0.837371
0.466663
0.534707
0.409638
0.618365
0.618365
0.618365
0.220335
0.59993
0.291734
0.291734
0.291734
0.291734
0.546988
0.546988
0.516993
0.516993
0.358207
0.358207
0.358207
0.358207
0.899773
1.1923
1.1923
1.1923
1.19917
1.19917
1.19917
1.19917
1.35788
1.35788
0.411493
0.411493
0.411493
0.411493
0.411493
0.411493
0.832318
1.33724
1.22949
0.659168
0.659168
0.676429
0.739821
0.739821
0.611633
0.611633
0.611633
0.611633
0.611633
0.168892
0.168892
0.168892
0.58037
0.58037
0.58037
0.58037
0.58037
0.58037
0.58037
0.58037
0.241951
0.241951
0.482924
0.829813
0.516421
0.516421
0.990717
1.04401
1.04401
1.34894
1.34894
1.34894
0.764173
0.882127
0.762522
0.195902
0.195902
0.195902
0.195902
0.195902
0.507487
0.507487
0.507487
0.507487
0.507487
0.507487
1.33887
1.33887
1.33887
0.779405
0.54177
0.413455
0.377898
0.686024
0.686024
0.595672
0.595672
0.378635
0.378635
0.378635
0.378635
0.378635
0.378635
0.378635
0.378635
0.378635
0.378635
0.515773
0.515773
0.515773
0.159004
0.159004
0.159004
1.52049
1.44028
1.45164
0.631178
0.631178
1.33877
0.744141
0.744141
0.744141
1.06108
1.03425
1.03425
1.51131
1.31846
0.479413
0.716582
0.488103
0.488103
0.488103
0.488352
0.561829
0.464626
0.407738
0.407738
0.407738
0.407738
0.719777
0.719777
0.719777
0.719777
0.719777
0.607528
0.526815
0.526815
0.806306
0.806306
0.816489
0.771681
0.691618
0.691618
0.425157
0.583965
0.583965
0.583965
0.581972
0.519392
0.519392
0.462605
0.462605
0.462605
0.462605
0.462605
0.462605
0.462605
0.462605
0.478916
0.478916
0.478916
0.478916
0.478916
0.478916
0.478916
0.478916
0.499656
1.55234
1.55234
1.55234
1.47081
1.47081
1.47081
1.05569
0.943637
0.943637
0.943637
0.900416
0.900416
0.900416
0.900416
0.900416
0.740001
0.740001
0.708546
0.181532
0.181532
0.181532
0.181532
0.134737
0.134737
0.134737
0.134737
0.134737
0.134737
0.134737
0.134737
0.134737
0.618832
0.618832
0.610724
0.610724
0.610724
0.610724
0.610724
0.610724
0.610724
0.610724
0.610083
0.767081
0.767081
0.767081
0.767081
0.767081
0.767081
0.518259
0.518259
0.518259
0.42357
0.745061
0.745061
0.249303
0.377728
0.401497
0.401497
0.401497
0.306563
0.603165
0.566661
0.566661
0.186688
0.186688
0.186688
0.152866
0.152866
0.152866
0.152866
0.152866
0.152866
0.152866
0.152866
0.0620175
0.0620175
0.0620175
0.0620175
0.0620175
0.0620175
0.0620175
0.258932
0.258932
0.258932
0.37211
0.37211
0.593401
0.593401
0.593401
0.872737
0.497724
0.497724
0.497724
0.497724
0.497724
0.497724
0.497724
0.824477
0.824477
0.824477
0.824477
0.824477
0.934213
0.30735
0.132873
0.132873
0.164832
0.655465
0.354249
0.354249
0.354249
1.0308
0.275975
0.332678
0.332678
0.837317
0.838944
0.838944
0.780151
0.780151
0.780151
0.780151
0.780151
0.780151
0.780151
0.780151
0.780151
0.604276
0.604276
0.604276
0.477645
0.674807
0.674807
0.674807
0.285084
0.285084
0.285084
0.285084
0.285084
0.285084
0.141275
0.141275
0.379208
0.302401
0.191969
0.191969
0.191969
0.166506
0.166506
0.166506
0.53217
0.53217
0.53217
0.508587
0.494711
0.379235
0.379235
0.379235
0.379235
0.379235
0.143961
0.611558
0.494182
0.0947605
0.0947605
0.376905
0.376905
0.376905
0.474102
0.7691
0.483366
0.483366
0.353927
0.353927
0.353927
0.353927
0.353927
0.353927
0.353927
0.35497
0.35497
0.35497
0.35497
0.35497
0.156229
0.789006
0.789006
0.492077
0.401822
0.514389
0.514389
0.514389
0.514389
0.514389
0.583886
0.49084
0.572189
0.572189
0.572189
0.572189
0.226048
0.226048
0.226048
0.226048
0.386472
0.386472
0.386472
0.402397
0.23306
0.23306
0.23306
0.566443
0.121716
0.17681
0.17681
0.17681
0.17681
0.17681
0.17681
0.17681
0.17681
0.17681
0.577611
0.206405
0.320962
0.320962
0.320962
0.320962
0.246226
0.246226
0.134443
0.83272
0.570064
0.139689
0.167854
0.816216
0.3688
0.3688
0.189995
0.189995
0.3315
0.564953
0.564953
0.564953
0.564953
0.927692
0.696246
0.696246
1.10574
0.871001
0.871001
0.871001
0.355631
0.711993
0.96675
0.96675
1.14245
1.30137
1.20513
1.20513
1.20513
0.428685
0.428685
0.428685
0.428685
0.604391
0.788335
0.779161
0.779161
0.751986
0.574685
0.574685
0.574685
0.418378
0.28627
0.28627
0.28627
0.576561
0.576561
0.576561
0.576561
0.576561
0.576561
0.576561
0.576561
0.37835
0.37835
0.37835
0.37835
0.313523
0.313523
0.293724
0.293724
0.293724
0.293724
0.293724
0.293724
0.920533
0.607297
0.553534
0.861622
0.92072
0.488696
0.488696
0.488696
0.488696
0.492429
0.400729
0.465177
0.465177
0.566167
0.566167
0.566167
0.28487
0.28487
0.28487
0.28487
0.28487
0.28487
0.442864
0.442864
0.442864
0.442864
0.442864
0.13016
0.13016
0.354089
0.610583
0.610583
1.04166
1.57757
1.57757
0.617963
0.347653
0.347653
0.347653
0.347653
0.347653
0.26617
0.780072
0.780072
0.365948
0.365948
0.365948
0.845832
0.857353
0.379909
0.352111
0.352111
0.352111
0.352111
0.352111
0.71732
0.71732
0.513945
0.41626
0.41626
0.41626
0.0894843
0.0910623
0.670156
0.257136
0.257136
0.257136
0.257136
0.645953
0.301872
0.301872
0.301872
0.32926
0.284487
0.793757
0.163622
0.844166
0.330301
0.330301
0.330301
0.330301
0.330301
0.389156
0.389156
0.389156
0.553975
0.553975
0.553975
0.432848
0.503061
0.898932
0.526146
0.526146
0.526146
1.32153
0.401684
0.401684
0.401684
0.401684
0.614402
0.41975
0.41975
0.41975
0.41975
0.41975
0.41975
0.58228
0.280317
0.280317
0.937784
0.937784
0.937784
0.937784
0.765027
0.765027
1.05065
0.45445
0.740111
0.740111
0.740111
0.79431
1.11359
1.11359
0.774617
0.807129
0.807129
0.807129
0.807129
0.676983
0.676983
0.676983
0.219099
0.219099
0.219099
0.609697
0.609697
0.609697
0.495938
0.400027
0.400027
0.573125
0.703777
0.703777
0.703777
0.703777
0.703777
0.703777
0.703777
0.557662
0.557662
0.557662
0.557662
0.557662
0.557662
0.513372
0.326572
0.326572
0.639042
0.27725
0.384809
0.340674
0.969226
0.969226
0.779133
0.779133
0.779133
0.678804
0.817661
0.792509
0.792509
0.651931
0.651931
0.629355
0.434229
0.717903
0.433174
0.534785
0.350333
0.147955
0.801921
0.801921
0.801921
0.283958
0.0902976
0.0902976
1.22604
1.22604
0.561053
0.561053
0.414396
0.338301
0.338301
0.276344
0.276344
0.276344
0.229052
0.301333
0.301333
0.700669
0.700669
0.700669
0.700669
0.411037
0.411037
0.411037
0.411037
0.349861
0.349861
0.407764
0.407764
0.374732
0.107516
0.107516
0.107516
0.172991
0.172991
0.716182
0.716182
0.647609
0.647609
0.990189
1.48481
1.48481
1.1017
1.1017
1.64123
0.672218
1.021
1.53609
0.926627
0.926627
0.926627
1.16471
0.621172
0.645733
0.645733
0.513593
0.513593
0.272857
0.45981
0.284679
0.284679
0.330759
0.690067
0.690067
0.54241
0.54241
0.54241
0.54241
0.54241
1.03826
1.03826
1.03826
1.03826
0.845424
0.24999
0.806417
0.39785
0.39785
0.703722
0.471777
0.860681
0.844357
0.695577
0.387273
0.547806
0.67005
0.67005
0.33124
0.33124
0.33124
0.33124
0.33124
0.33124
0.302554
0.476549
0.412536
0.412536
0.412536
0.412536
0.950137
0.950137
0.927244
0.927244
0.927244
0.169273
0.17936
1.14719
0.430164
0.430164
0.430164
0.430164
0.430164
0.430164
0.430164
0.430164
0.608009
0.742022
0.801289
0.801289
0.801289
0.586427
0.586427
0.351545
0.34769
0.34769
0.34769
0.34769
0.165248
0.605382
0.835503
0.440094
0.440094
0.440094
0.976627
0.976627
0.278533
0.278533
0.423447
0.177273
0.177273
0.177273
0.177273
0.177273
0.177273
1.60025
1.60025
0.603495
0.633786
0.633786
0.633786
0.633786
0.633786
0.633786
0.626831
0.310664
0.504663
1.18804
0.895007
1.3162
1.52849
0.578943
0.300688
0.563093
0.404645
0.404645
0.742498
0.742498
0.742498
0.635545
0.635545
0.635545
0.831533
0.390806
0.765359
0.354505
0.354505
0.354505
0.354505
0.424565
0.424565
0.395515
0.395515
0.395515
0.27806
0.27806
0.104073
0.104073
0.104073
0.104073
0.104073
1.19771
1.19771
1.19771
0.680839
0.814877
0.8726
0.8726
0.8726
0.640531
0.640531
0.640531
1.04169
1.05507
0.857883
0.857883
0.857883
0.857883
0.857883
0.857883
0.317289
0.21472
0.21472
0.21472
0.21472
0.21472
0.21472
0.21472
1.05222
0.565889
0.354813
0.354813
0.354813
0.354813
0.205293
0.205293
0.205293
0.687402
0.687402
0.687402
0.687402
0.687402
0.742568
0.742568
0.711293
0.711293
0.295816
0.387747
0.909843
0.909843
0.278149
0.278149
0.547339
0.547339
0.514261
0.514261
0.674367
0.637917
0.637917
0.724547
0.503289
0.503289
0.554698
0.554698
0.307429
0.787757
0.787757
0.787757
0.787757
0.57919
0.689579
0.689579
0.689579
0.482061
0.492118
0.492118
0.492118
0.492118
0.492118
0.434981
0.434981
0.434981
0.282738
0.282738
0.282738
0.282738
0.282738
0.282738
0.370665
0.855756
0.323729
0.268297
0.618354
0.896099
0.542341
0.542341
0.542341
0.300993
0.300993
0.300993
0.231074
0.539359
0.539359
0.539359
0.539359
0.539359
0.539359
0.539359
0.539359
0.539359
0.379871
0.379871
0.64805
0.64805
0.64805
0.650738
0.650738
0.580944
0.236621
0.236621
0.362813
0.953352
0.953352
0.953352
0.953352
0.953352
0.953352
0.893046
0.414719
0.414719
0.414719
0.414719
0.145122
0.145122
0.145122
0.145122
0.145122
0.145122
0.361043
0.0893316
0.0893316
0.0893316
0.0893316
0.0893316
0.376484
0.376484
0.397445
0.397445
0.179241
0.179241
0.253925
0.401376
0.387669
0.40957
0.911497
0.503397
0.201768
0.201768
0.280056
0.280056
0.446769
0.446769
0.515074
0.0435055
0.0435055
0.0646034
0.636311
0.507332
0.375576
0.375576
0.375576
0.375576
0.375576
0.375576
0.375576
0.375576
0.375576
0.243835
0.243835
0.361086
0.308833
0.602359
0.602359
0.602359
0.602359
0.602359
0.602359
0.602359
0.602359
0.488846
0.502187
0.502187
0.500949
0.518821
0.486846
0.486846
0.486846
0.486846
0.486846
0.548955
0.576817
0.261494
0.261494
0.261494
0.56591
0.56591
0.56591
0.56591
0.56591
0.56591
0.306483
0.364084
0.237829
0.237829
1.04273
0.970431
0.623359
0.623359
0.623359
0.623359
0.359333
0.359333
0.359333
0.359333
0.445449
0.445449
0.688143
0.688143
0.223957
0.0987148
0.0987148
0.0987148
0.193055
0.193055
0.148383
0.180977
0.150267
0.150267
0.150267
0.150267
0.150267
0.150267
0.0749878
0.0749878
0.0749878
0.767196
0.767196
0.969435
0.712412
0.712412
0.712412
0.781912
0.37843
0.37843
0.37843
0.561187
0.561187
0.561187
0.760469
0.943322
0.943322
0.490976
0.459444
0.490677
0.490677
0.299363
0.174004
0.543184
0.550148
0.465324
0.465324
0.465324
0.465324
0.539961
0.539961
0.539961
0.539961
0.473638
0.473638
0.473638
0.473638
0.473638
0.456015
0.456015
0.456015
0.456015
0.478271
0.82164
0.592472
0.592472
0.592472
0.757725
0.757725
0.5589
0.5589
0.584075
0.455122
0.455122
0.468674
0.468674
0.468674
0.654168
0.654168
0.659261
1.14751
1.14751
1.14751
1.14751
1.14751
1.14751
1.14751
0.25339
0.25339
0.0521441
0.0521441
0.58705
0.481148
0.463713
0.463713
0.288759
0.288759
0.0909039
0.0909039
0.0909039
0.0909039
0.391314
0.274916
0.274916
0.274916
0.825816
0.392988
0.878486
0.878486
0.878486
0.173281
0.173281
0.173281
0.173281
0.173281
0.142874
0.476275
0.249728
0.249728
0.249728
0.44081
0.44081
0.44081
0.44081
0.44081
0.44081
0.44081
0.44081
0.44081
0.44081
0.370088
0.370088
0.370088
0.370088
0.907274
0.980022
1.21855
1.21855
1.21855
1.21855
1.21855
0.931443
0.931443
0.931443
0.626611
0.428846
0.428846
0.766274
0.766274
0.766274
0.205443
0.120738
0.120738
0.229541
0.229541
0.229541
0.195949
0.0623123
1.08812
1.08812
1.08812
0.568649
0.568649
0.568649
0.436581
0.436581
0.436581
0.396
0.396
0.396
0.396
0.961129
0.73003
0.73003
0.773591
0.773591
0.773591
0.773591
0.773591
0.773591
0.773591
0.773591
0.272991
0.191046
0.281985
0.222844
0.222844
0.468676
0.543944
0.863465
0.863465
0.863465
0.991193
1.04694
0.338347
0.338347
0.759347
0.759347
0.759347
0.496803
0.275521
0.275521
0.275521
0.403402
0.403402
0.403402
0.403402
0.403402
0.403402
0.677145
0.419063
0.419063
0.932829
0.932829
0.932829
0.932829
0.932829
0.461352
0.461352
0.723903
0.723903
0.928833
0.928833
0.928833
0.871156
1.14344
1.14344
1.03181
1.03181
1.01219
0.811574
1.08507
0.3256
0.3256
0.512285
0.512285
0.512285
0.512285
1.20913
0.380098
0.380098
0.380098
0.380098
0.392031
0.48513
0.652605
0.652605
0.652605
0.652605
0.402059
0.402059
0.45775
0.45775
0.45775
0.45775
0.45775
0.468098
0.468098
0.468098
0.468098
1.1857
1.31894
1.31894
1.59903
1.59903
1.59903
1.1195
0.877243
0.877243
0.877243
0.717696
0.717696
0.717696
0.645196
0.882247
0.33608
0.370968
0.314568
0.314568
0.314568
0.351428
0.609349
0.609349
0.321061
0.321061
0.994263
0.657056
0.697739
0.969535
0.818746
0.834402
0.834402
0.834402
0.834402
0.429269
0.429269
0.429269
1.06658
1.07182
0.706493
0.308191
0.308191
0.308191
0.308191
0.380141
0.380141
0.380141
0.451952
0.451952
0.451952
0.451952
0.451952
0.451952
0.451952
0.723019
0.723019
0.723019
0.622706
0.622706
0.622706
0.622706
0.622706
0.622706
0.622706
0.764528
0.764528
0.275913
0.375556
0.375556
0.375556
0.363956
0.201575
0.414944
0.711506
0.711506
0.711506
0.54908
0.333916
0.333916
0.333916
0.432637
0.418871
0.418871
0.308463
0.214083
0.214083
0.214083
0.214083
0.748946
0.748946
0.748946
0.748946
0.189456
1.46778
0.939413
0.365318
0.365318
0.959617
0.959617
0.959617
1.00909
0.606727
0.519414
0.519414
0.174366
0.174366
0.259675
0.259675
0.319013
0.319013
0.13302
0.13302
1.04069
1.04069
1.04069
0.988232
0.920312
0.920312
0.920312
0.920312
0.21234
0.21234
0.21234
0.21234
0.125133
0.349755
0.349755
0.642289
0.561728
0.561728
0.219677
0.219677
0.219677
0.988656
0.988656
0.988656
0.988656
1.01328
0.197311
0.197311
0.197311
0.197311
0.197311
0.197311
0.197311
0.630331
0.630331
0.0972504
0.666683
0.666683
0.666683
0.37682
0.335592
0.335592
0.300142
0.309041
0.109609
0.338758
0.473481
0.463547
0.463547
0.322189
0.279108
0.279108
0.279108
0.165822
0.345026
0.345026
0.743425
0.743425
0.743425
0.743425
0.743425
0.743425
0.743425
0.793534
0.275677
0.323462
0.323462
0.323462
0.323462
0.354492
0.447704
0.842885
0.842885
0.197178
0.197178
0.197178
0.284378
0.284378
0.266937
0.909362
0.768916
0.768916
0.768916
0.768916
0.588994
0.409094
0.409094
0.409094
0.409094
0.608586
0.559908
0.851254
0.542511
0.542511
0.542511
0.542511
0.542511
0.542511
0.542511
0.9479
0.9479
1.09546
0.368869
0.368869
0.253697
0.860466
0.860466
0.860466
2.17549
0.718017
0.718017
0.718017
0.718017
0.718017
0.175034
0.305047
0.305047
0.416217
0.416217
0.416217
0.238207
0.238207
0.238207
0.256389
0.256389
0.256389
0.304287
0.746993
0.746993
0.746993
0.883756
0.889381
0.684798
0.684798
0.684798
0.560244
0.553773
1.00051
0.895504
0.895504
0.895504
0.895504
0.64678
0.64678
0.64678
1.3666
1.3666
1.3666
1.42612
1.42612
0.940119
1.25583
1.25583
0.389705
0.823007
0.823007
0.309497
0.309497
0.309497
0.309497
0.377913
0.377913
0.377913
0.377913
0.377913
0.377913
0.377913
0.377913
0.377913
0.864158
0.864158
0.864158
0.179875
0.179875
0.179875
0.119931
0.763125
0.483245
0.483245
0.221447
0.584012
0.584012
0.584012
0.433359
0.433359
0.965862
0.883453
0.883453
0.937474
1.02716
0.563396
0.430062
0.215389
0.215389
0.337415
0.265278
0.157937
0.195355
0.195355
0.681607
0.681607
0.681607
0.681607
0.4295
0.4295
0.4295
1.11608
1.11608
1.11608
1.13191
0.377933
0.462023
0.462023
0.518854
0.518854
0.518854
0.493817
0.493817
0.493817
0.493817
0.493817
0.493817
0.493817
0.493817
0.493817
1.09697
1.09697
0.591538
0.591538
0.591538
0.568511
0.42366
0.42366
0.368531
0.368531
0.368531
0.368531
0.74844
0.74844
0.74844
0.74844
0.618388
0.618388
0.618388
0.618388
0.618388
0.618388
0.483736
0.483736
0.701778
0.377731
0.377731
0.718545
0.597498
0.867449
0.867449
0.308538
0.308538
0.308538
0.506077
0.175494
0.175494
0.674804
0.674804
0.674804
0.658086
1.30092
1.30092
0.462191
0.167697
0.167697
0.167697
0.393245
0.393245
0.378829
0.411748
0.457571
0.377525
0.448161
0.448161
0.448161
0.564912
0.564912
0.564912
0.564912
0.564912
0.594892
0.594892
0.201307
0.201307
0.201307
0.201307
0.244881
0.244881
0.39117
0.45245
0.45245
0.45245
0.45245
0.26076
0.11301
0.11301
0.11301
0.11301
0.11301
0.11301
0.11301
0.11301
0.11301
0.18106
0.18106
0.18106
0.18106
0.18106
0.164651
0.405743
0.0896871
0.0896871
0.0896871
0.667307
0.667307
0.667307
0.834111
0.834111
0.942402
0.942402
0.707786
0.707786
0.707786
0.707786
0.707786
0.707786
0.707786
0.707786
0.707786
0.707786
0.707786
0.707786
0.707786
0.367893
0.367893
0.367893
0.367893
0.198291
0.285941
0.285941
0.285941
0.285941
0.279873
0.364196
0.479367
0.479367
0.479367
0.479367
0.889714
0.889714
0.725155
0.679701
0.679701
0.679701
0.537889
0.537889
0.537889
0.537889
1.02398
0.443959
0.468545
0.317598
0.317598
0.528126
0.528126
0.461004
0.977409
0.329848
0.329848
0.329848
0.329848
0.376598
0.376598
0.376598
0.623295
0.623295
0.623295
0.623295
0.623295
0.728229
0.728229
1.09501
1.09501
0.783498
0.801867
0.801867
0.928443
0.363219
0.363219
0.630819
0.329937
0.329937
0.261481
0.244931
0.289005
0.289005
0.289005
0.119929
0.343294
0.343294
0.343294
0.343294
0.801207
0.801207
0.404311
0.404311
0.404311
0.342838
0.842505
0.613562
0.343861
0.343861
0.343861
0.343861
0.828994
0.828994
0.828994
0.828994
0.828994
0.828994
0.828994
1.10219
0.464869
0.464869
0.245162
0.372799
0.372799
0.491381
0.491381
0.491381
0.212086
0.212086
0.212086
0.212086
0.157296
0.157296
0.594743
0.583243
0.215487
0.427378
0.427378
0.427378
0.427378
0.427378
0.326445
0.488557
0.488557
0.432418
0.432418
0.432418
0.793055
0.505043
0.911433
0.998421
0.998421
0.998421
0.664298
0.664298
0.664298
0.59163
0.59163
0.658292
0.658292
0.658292
0.658292
0.355742
0.355742
0.230765
0.200531
0.571462
0.273329
0.273329
0.284112
0.284112
0.284112
0.284112
0.284112
0.261598
0.261598
0.261598
0.385649
0.385649
0.561641
0.561641
0.579282
0.579282
0.579282
0.579282
0.579282
0.846705
0.846705
0.162313
0.162313
0.162313
0.162313
0.220636
0.220636
0.642453
0.546082
0.546082
0.514494
0.514494
0.826226
0.600322
0.600322
0.600322
0.711184
0.711184
0.711184
0.711184
0.759937
0.759937
0.569217
0.569217
0.364086
0.364086
0.364086
0.364086
0.171584
0.171584
0.171584
0.171584
0.171584
0.458511
0.452866
1.65722
1.76406
1.46208
1.46208
1.46208
0.117892
0.475796
0.475796
0.475498
0.475498
0.475498
0.475498
0.475498
0.475498
0.475498
0.475498
0.475498
0.475498
0.496082
0.496082
1.01387
1.01387
0.713374
0.773659
0.997397
0.521995
0.521995
0.521995
0.521995
0.521995
0.784422
0.706351
0.706351
0.706351
0.589032
0.264586
0.264586
0.264586
0.866494
0.866494
0.726489
0.726489
0.994342
0.994342
0.994342
0.994342
0.994342
0.841505
1.16983
1.16983
1.16983
1.16983
0.615984
0.615984
0.774246
0.813022
0.551897
0.577471
0.577471
0.725761
0.124442
0.124442
0.124442
0.0605061
0.0605061
0.536879
0.920631
0.920631
0.920631
0.920631
0.920631
0.120046
0.120046
0.120046
1.7495
1.7495
1.7495
1.43603
1.43603
1.43603
1.40946
1.40946
1.40113
1.40113
2.08002
1.87212
1.65515
1.65515
1.48351
1.48351
1.44441
1.44441
1.44441
1.8495
1.63893
1.63893
1.63893
1.42114
1.42114
1.42114
0.639952
0.248066
0.307608
0.933813
0.933813
0.676272
0.486846
0.486846
0.486846
0.437282
0.437282
0.437282
0.437282
0.437282
0.595389
0.595389
0.595389
0.595389
0.595389
0.595389
0.595389
0.595389
0.320625
0.320625
0.320625
0.446372
0.446372
0.446372
0.947537
0.372684
0.603798
0.111604
0.762492
0.782902
0.782902
0.673615
0.625706
0.625706
0.625706
1.08258
0.999138
0.892355
0.892355
0.886824
0.886824
1.2078
1.2078
1.36486
0.635946
0.67608
0.67608
0.483255
0.483255
0.483255
0.483255
0.483255
0.483255
0.255855
0.255855
0.161954
0.161954
0.161954
0.309576
0.309576
0.264288
1.07139
1.36015
1.99552
1.83584
1.83584
2.94574
2.94574
2.94574
1.95837
0.886069
0.886069
0.41128
0.247376
0.247376
0.54108
1.21208
1.21208
1.21208
0.964734
0.803604
1.13349
0.890094
0.890094
0.641383
0.352609
0.352609
0.352609
0.352609
0.352609
0.0640638
0.0640638
0.231985
0.231985
0.677414
0.736619
0.617662
0.617662
0.79134
0.356739
0.356739
0.356739
0.356739
0.3944
0.3944
0.3944
0.3944
0.665989
0.665989
0.203678
0.415195
0.368048
0.368048
0.160343
1.33223
0.553551
0.553551
0.553551
0.553551
0.982311
0.982311
0.871304
0.871304
0.917226
1.53254
1.53254
1.12108
0.177114
0.184958
0.324479
0.324479
0.324479
0.325892
1.12182
1.12182
1.12182
1.12182
0.598935
0.598935
0.598935
0.430228
1.18487
1.18487
0.61086
0.61086
0.61086
0.61086
0.590738
0.590738
0.590738
0.590738
0.974945
0.78492
0.539338
0.539338
0.539338
0.539338
0.539338
0.659536
0.659536
0.424591
0.424591
0.310201
0.310201
0.310201
0.310201
0.242078
0.242078
0.784871
0.798109
0.916672
0.998112
0.927275
0.927275
0.927275
0.704264
0.704264
0.741406
0.684949
0.684949
0.684949
0.684949
0.684949
0.684949
0.652973
0.250158
0.250158
0.133642
0.133642
0.133642
0.133642
0.133642
0.133642
0.133642
0.133642
0.133642
0.250282
0.250282
0.250282
0.249023
0.249023
0.249023
0.243594
0.770856
0.770856
0.770856
0.770856
0.770856
0.770856
0.770856
1.83965
1.83965
1.83965
0.887709
1.09463
1.09463
1.13807
0.794604
0.794604
0.536946
0.857496
0.747905
0.99573
0.99573
0.99573
0.616369
0.616369
0.616369
0.616369
0.616369
0.971654
1.30056
1.30056
1.27053
1.88277
1.88277
0.430917
0.184601
0.184601
0.184601
0.12366
0.317832
0.317832
0.544677
0.26891
0.532448
0.532448
0.532448
0.532448
0.532448
0.532448
0.532448
0.532448
0.532448
0.532448
0.163633
0.382745
0.264896
0.860603
0.860603
0.859426
0.859426
0.287298
1.47754
1.47754
1.1754
1.1754
0.367578
0.367578
0.858099
0.271039
0.271039
0.271039
0.271039
0.271039
0.271039
0.271039
0.271039
0.271039
0.516948
0.799853
0.604012
0.604012
0.604012
0.57943
0.57943
0.57943
0.57943
0.57943
0.57943
0.57943
0.341853
0.341853
0.24149
0.24149
0.24149
0.24149
0.24149
0.24149
0.24149
0.24149
0.24149
0.24149
0.24149
0.305171
0.305171
0.305171
0.635865
0.636421
0.636421
1.41907
1.06358
1.53616
1.53616
1.48259
1.48259
1.65749
1.55903
1.55903
1.55903
1.1465
1.38445
1.88753
1.11583
1.11583
0.779384
0.779384
0.327893
0.382229
0.257907
0.257907
0.257907
0.766144
0.29315
0.29315
0.478993
0.478993
0.983236
1.16648
1.16648
1.16648
0.696383
0.696383
0.884738
0.884738
0.884738
0.745614
0.745614
1.47937
1.47937
1.47937
1.47937
1.16566
1.16566
1.21393
0.708927
0.230032
0.230032
0.230032
0.230032
0.230032
0.230032
0.205241
0.24188
0.24188
0.24188
0.871076
0.871076
0.417821
0.417821
0.871113
0.422174
0.422174
0.20965
0.20965
0.20965
0.487225
0.487225
0.487225
0.565219
0.565219
0.565219
0.565219
0.352728
0.352728
0.352728
0.680621
0.118872
0.118872
0.118872
0.851234
0.851234
0.851234
1.39359
1.04441
0.719125
0.719125
0.719125
0.719125
0.719125
0.743997
0.139035
0.139035
0.139035
0.139035
0.126178
0.126178
0.126178
0.126178
0.560807
0.537901
0.537901
0.0583167
0.0583167
0.320521
0.256131
0.787496
0.787496
0.589699
0.589699
0.589699
0.592847
0.292971
0.292971
0.292971
0.292971
0.339579
0.339579
0.339579
0.530914
0.387021
0.679786
0.679786
0.679786
0.679786
0.679786
0.683156
0.683156
0.683156
0.677553
0.677553
0.677553
0.677553
0.677553
0.553374
1.11673
1.12819
1.12819
0.291097
0.158389
0.158389
0.158389
0.158389
0.158389
0.158389
0.158389
0.171551
0.171551
0.735057
0.579372
1.1213
0.110705
0.110705
0.110705
0.110705
0.110705
0.211463
0.211463
0.211463
0.211463
0.211463
0.211463
0.211463
0.255823
0.255823
0.255823
0.255823
0.255823
0.255823
0.255823
0.255823
0.255823
0.255823
0.585899
0.585899
0.585899
0.585899
0.431406
0.431406
0.431406
0.431406
0.431406
0.102426
1.01724
0.952422
0.827875
0.827875
0.827875
0.430612
0.430612
0.430612
0.430612
0.342806
0.249578
0.249578
0.294029
0.279825
0.480658
0.480658
0.480658
0.100564
0.100564
0.100564
0.120827
0.398458
0.398458
0.398458
0.398458
0.398458
0.398458
0.398458
0.398458
0.398458
0.398458
0.398458
0.629077
0.629077
0.672816
0.672816
0.681529
0.681529
0.681529
0.681529
0.681529
0.681529
0.681529
0.681529
0.648758
0.648758
0.779224
0.779224
0.779224
0.779224
0.779224
0.779224
0.779224
0.779224
0.779224
0.779224
0.202964
0.505649
0.505649
0.505649
0.184455
1.02924
1.02924
1.02924
1.02924
0.261441
0.261441
0.542451
0.542451
0.542451
0.1818
0.1818
0.372049
0.392715
0.392715
0.392715
0.400264
0.400264
0.400264
0.400264
0.400264
0.400264
0.400264
1.16491
1.17534
1.44183
1.07669
1.07669
1.07669
0.193345
0.193345
0.193345
0.0980996
0.551105
0.551105
0.266217
0.266217
0.120656
0.120656
0.120656
0.231825
0.472879
0.426189
0.426189
0.501669
0.253517
0.253517
0.253517
0.253517
0.253517
0.253517
0.253517
0.253517
0.253517
0.395267
0.504772
0.504772
0.473059
0.405227
0.405227
0.405227
0.405227
0.152222
0.152222
0.115204
0.525928
0.525928
0.525928
0.348474
0.390223
0.630805
0.630805
0.193746
0.609373
0.609373
0.609373
0.609373
0.229814
0.98404
0.461792
0.618586
0.626627
0.724773
0.83129
0.920264
0.920264
0.920264
0.633288
0.966105
0.551095
0.276712
0.276712
0.869042
1.32792
1.32792
1.6528
1.39789
1.50478
1.50478
1.12038
1.12038
1.19014
0.508599
0.321485
0.485849
0.865951
0.459329
0.459329
0.311749
0.311749
0.311749
0.311749
0.161268
0.161268
0.161268
0.161268
0.161268
0.161268
0.161268
0.3138
0.382151
0.382151
0.382151
0.382151
0.307775
0.320862
0.320862
0.320862
0.402412
0.402412
0.402412
0.402412
0.402412
0.80163
0.695945
0.835788
0.835788
0.835788
0.835788
0.835788
0.835788
0.406466
0.406466
0.406466
0.406466
0.406466
0.0948182
0.0948182
0.0948182
0.0948182
0.0948182
0.768125
0.768125
0.702147
0.493827
0.446089
0.446089
0.446089
0.446089
0.446089
0.446089
0.446089
0.446089
0.446089
0.446089
0.652343
0.652343
0.652343
0.377818
0.290993
0.379218
0.57639
0.521614
0.521614
0.521614
0.244123
0.244123
0.244123
0.244123
0.244123
0.41266
0.259203
0.259203
0.259203
0.259203
0.259203
0.259203
0.997522
1.14255
0.663719
1.41488
1.46152
1.46152
1.17309
0.707387
0.707387
0.707387
0.543323
0.294569
0.294569
0.43484
0.43339
0.821355
1.17249
1.3322
1.3322
1.37913
1.29459
0.893505
0.540377
0.540377
0.683658
0.683658
0.707248
0.707248
0.855463
0.855463
0.855463
0.929394
0.929394
0.929394
0.929394
0.929394
0.929394
0.929394
0.477281
0.477281
0.252732
0.252732
0.252732
0.145377
0.145377
0.637524
0.637524
0.637524
0.258221
0.258221
0.258221
0.258221
0.643689
0.643689
0.643689
0.492908
0.8285
0.8285
0.395413
0.744421
0.628377
0.628377
0.57563
0.176123
0.111377
0.28096
0.28096
0.737542
0.957602
0.781252
0.538872
0.538872
0.538872
0.538872
0.538872
0.407005
0.407005
0.407005
0.162737
0.664949
0.664949
0.650853
0.48924
0.48924
0.215113
0.215113
0.215113
0.215113
0.215113
0.215113
0.215113
0.770223
0.569825
0.696652
0.696652
0.696652
0.607084
0.607084
1.14903
1.00415
0.764207
0.671799
0.671799
0.671799
0.671799
0.671799
0.671799
0.671799
0.536011
0.498208
0.35625
0.35625
0.35625
0.545686
0.545686
0.545686
0.663934
0.241985
0.241985
0.54034
0.803952
0.434936
0.349632
0.349632
0.349632
0.349632
0.530319
1.03377
1.10819
0.329429
0.329429
0.329429
0.329429
0.329429
0.13708
0.46725
0.536455
0.536455
0.819338
0.819338
0.639654
0.45582
0.267292
0.661958
0.661958
0.661958
0.661958
0.910757
0.674989
0.14772
0.14772
0.245787
0.106132
0.106132
0.106132
0.106132
0.106132
0.106132
0.106132
0.106132
0.383654
0.383654
0.383654
0.383654
0.383654
0.620745
0.620745
0.869105
0.869105
1.04089
0.439381
0.4756
0.4756
0.20539
0.20539
0.631672
0.418027
0.418027
0.640724
0.640724
0.631431
0.552723
0.552723
0.552723
0.552723
0.347249
0.178229
0.178229
0.278676
0.442868
0.442868
0.568493
0.713204
0.713204
0.713204
0.713204
0.713204
0.713204
0.610441
0.207907
0.207907
1.06442
1.06442
1.06442
1.06442
1.06442
1.06826
0.475118
0.475118
0.475118
1.36891
0.85738
0.85738
0.114534
0.125783
0.125783
0.125783
0.872252
0.872252
0.872252
0.872252
0.872252
0.872252
0.872252
0.624462
0.397756
0.397756
0.397756
0.397756
0.397756
0.242298
0.561048
0.561048
0.561048
0.561048
0.620783
0.620783
0.404231
0.203423
0.988695
0.988695
0.988695
0.265593
0.265593
0.307474
1.61843
1.61843
1.61843
2.02263
1.8796
1.00606
1.00606
1.00606
1.00606
1.00606
1.71588
1.71588
1.71588
1.71588
1.71588
1.71588
1.71588
1.33388
1.33388
1.33388
1.33388
0.362818
0.362818
0.382509
0.515949
0.172475
0.116153
0.116153
0.230483
0.230483
0.230483
0.230483
0.230483
0.947903
0.947903
0.947903
1.53202
1.2837
1.59511
1.59511
0.134207
0.569444
0.707341
0.591396
0.591396
0.591396
0.591396
0.591396
0.591396
0.475738
0.475738
0.475738
0.351967
0.351967
0.351967
0.351967
0.18334
0.18334
0.168136
0.168136
0.168136
0.538511
0.538511
0.538511
0.301068
0.301068
0.301068
0.301068
0.725157
0.725157
0.725157
0.600938
0.600938
0.48748
0.124184
0.124184
0.426407
0.236814
0.236814
0.236814
0.466148
0.466148
0.466148
0.466148
0.479001
0.479001
0.479001
0.358167
0.17393
0.17393
0.0647357
0.402263
0.402263
0.402263
0.402263
0.402263
0.217964
0.217964
0.217964
0.217964
0.217964
0.217964
0.217964
0.292378
0.292378
0.367234
0.367234
0.367234
0.529633
0.487358
0.598878
1.1625
1.1625
0.706707
0.374034
0.29196
0.29196
0.29196
0.531663
0.531663
0.531663
0.531663
0.531663
0.726912
0.726912
0.439043
0.439043
0.439043
0.439043
0.439043
0.439043
0.624967
0.624967
1.04109
0.94748
1.53304
1.57938
1.57938
1.38135
0.500151
0.500151
0.756992
0.497421
0.497421
0.497421
0.903814
0.59963
0.59963
0.738175
0.738175
0.699322
0.699322
0.40141
0.40141
0.40141
0.40141
0.40141
0.81916
0.81916
0.300002
0.300002
0.300002
0.300002
0.300002
0.300002
0.494893
0.39758
0.39758
0.676845
0.676845
0.676845
0.206871
1.16102
1.09834
1.09834
1.09834
1.09834
0.334593
0.780674
0.780674
0.780674
1.05034
1.05034
0.605164
0.605164
0.352881
0.570051
0.755298
0.57508
0.57508
0.57508
0.581588
0.198571
0.198571
0.198571
0.198571
0.198571
0.293163
0.293163
0.293163
0.293163
0.293163
0.293163
0.293163
0.917952
1.13664
1.13664
0.880722
0.880722
0.880722
1.01136
1.01136
0.397854
0.397854
0.79304
0.79304
0.91325
0.91325
0.91325
1.15394
1.15394
0.854612
0.834223
0.584853
0.47097
0.47097
0.47097
0.550263
0.0879285
0.152251
0.670587
0.670587
0.670587
0.670587
0.511879
0.511879
0.345234
1.35425
1.35425
1.05533
0.306117
0.306117
0.48786
0.48786
0.440761
0.497587
0.579449
0.56316
0.56316
1.27337
1.26966
0.877894
0.842449
0.842449
0.842449
0.462876
0.462876
0.462876
0.813905
0.813905
0.813905
0.813905
0.813905
0.813905
0.813905
0.813905
0.813905
0.778869
1.35983
1.26353
1.26353
0.864302
0.594872
0.594872
0.594872
0.594872
0.241824
0.241824
0.241824
0.241824
0.241824
0.241824
0.241824
0.241824
1.2801
1.2801
1.16413
1.31329
1.4129
0.346949
0.346949
0.346949
0.567755
0.567755
0.567755
0.41664
0.664664
0.203969
0.203969
0.203969
0.203969
0.203969
0.203969
0.533412
0.987721
0.74962
0.444618
0.444618
0.684846
0.369993
0.369993
0.369993
0.369993
0.369993
0.369993
0.369993
0.751595
0.133838
0.133838
0.184471
0.184471
0.184471
0.616913
0.794912
0.794912
0.794912
0.794912
1.49285
0.703582
0.703582
0.703582
0.612191
0.612191
0.612191
0.161268
0.544339
0.544339
0.544339
0.14575
0.741377
0.442241
0.442241
0.386117
0.386117
0.386117
0.386117
0.654392
0.548404
0.548404
0.817804
0.482124
0.502897
0.521582
0.521582
0.521582
0.521582
0.474745
0.474745
0.294407
0.294407
0.294407
0.36846
0.36846
0.36846
0.36846
0.36846
0.744741
0.744741
0.744741
0.626465
0.626465
0.626465
0.677257
0.677257
0.677257
0.131332
0.131332
0.671077
0.439013
0.439013
0.439013
0.215853
0.215853
0.215853
0.215853
0.347918
0.347918
0.347918
0.753046
1.02547
1.10301
1.10553
0.898801
0.898801
0.117861
0.117861
0.117861
1.16252
1.20913
0.515092
0.519569
0.519569
0.519569
0.519569
0.519569
0.519569
0.195844
0.195844
0.410453
0.410453
0.491605
0.957114
0.957114
0.957114
0.89933
0.58243
0.478893
0.478893
0.478893
0.91339
0.360525
0.446503
0.446503
0.446503
0.446503
0.446503
0.437307
0.572278
0.572278
0.572278
0.54053
0.54053
0.54053
0.519167
0.432813
0.432813
0.432813
0.432813
0.432813
0.432813
0.728741
0.728741
0.728741
0.498752
0.498752
0.498752
0.498752
0.498752
0.498752
0.519165
0.519165
0.683166
0.541669
0.541669
0.541669
0.603062
0.308955
0.320409
0.320409
0.559264
0.559264
0.311186
0.27055
0.27055
0.27055
0.27055
0.27055
0.27055
0.27055
0.280801
0.280801
0.280801
0.473197
0.856368
0.856368
0.856368
0.856368
0.856368
0.351633
0.351633
0.351633
0.351633
0.535021
0.373125
0.373125
0.373125
0.373125
0.373125
0.373125
0.373125
0.373125
0.373125
0.373125
0.373125
0.242609
0.242609
0.354078
0.259302
0.259302
0.259302
0.988693
0.223121
0.223121
0.223121
0.551768
0.682287
1.26242
1.31343
1.31343
1.31343
1.31343
0.800038
0.327853
0.189194
0.189194
0.700305
0.54721
0.474971
0.191064
0.690937
0.690937
0.409423
0.409423
0.562595
0.562595
0.562595
0.347498
0.347498
0.643322
0.387517
0.387517
0.387517
0.205056
0.694075
0.564409
0.564409
0.564409
0.286156
0.286156
0.286156
0.279348
0.279348
0.279348
0.279348
0.279348
0.258311
0.258311
0.258311
0.258311
0.258311
0.258311
0.258311
0.486929
0.486929
0.455791
0.217545
0.217545
0.0675603
0.0675603
0.580837
0.526334
1.7057
1.5266
1.5266
1.0545
1.33
1.33
1.33597
1.33597
0.66463
0.66463
0.66463
0.66463
1.29385
1.30218
1.30218
0.114978
0.217963
0.217963
0.488595
1.03228
1.55847
1.42649
0.141573
0.779531
0.779531
0.779531
0.397468
0.397468
0.192132
0.192132
0.62473
0.62473
0.62473
0.62581
0.967226
0.967226
1.29843
0.534235
0.534235
0.534235
0.534235
0.534235
0.534235
0.534235
0.370766
0.370766
0.370766
0.370766
0.370766
0.370766
0.370766
0.515678
0.456443
0.166204
0.145496
0.705842
0.277383
0.277383
0.244553
0.244553
0.244553
0.695084
0.522182
0.402554
0.273663
0.13738
0.321739
0.321739
0.347662
0.391243
0.560852
0.560852
0.201014
0.45366
0.45366
0.45366
0.40582
0.352546
0.777984
0.777984
1.01719
1.01719
1.22083
0.809887
0.568474
0.568474
0.568474
0.370107
0.370107
0.596902
0.810595
1.21078
0.783862
0.933749
0.503906
0.503906
0.503906
0.503906
0.503906
0.230734
0.230734
0.915588
0.339164
0.339164
0.339164
0.339164
0.302582
0.302582
0.302582
0.302582
0.302582
0.302582
0.302582
0.302582
0.302582
0.239151
0.568465
0.568465
0.484513
0.484513
0.484513
0.484513
0.484513
0.484513
0.484513
0.484513
0.463293
0.463293
0.463293
0.807222
0.807222
1.25966
1.25966
1.34161
0.495096
0.495096
0.495096
0.495096
0.495096
0.164323
0.156749
0.156749
0.156749
0.0917932
0.0917932
0.0917932
0.0917932
1.25295
1.38919
0.337236
0.122052
0.122052
0.122052
0.150414
0.680834
0.680834
0.680834
0.680834
0.680834
0.680834
0.680834
1.40297
1.40297
1.40297
1.40297
1.40297
1.40297
1.20335
1.20335
1.20335
0.606869
0.606869
0.251229
0.206784
0.536265
0.405427
0.405427
0.405427
0.405427
1.33
1.33
0.763861
0.763861
0.763861
0.763861
0.204546
0.204546
0.204546
0.204546
0.195476
0.195476
0.195476
0.195476
0.195476
0.93019
0.811008
0.811008
0.811008
0.811008
0.218054
0.898678
0.898678
0.345644
0.195326
0.396648
0.396648
0.396648
0.396648
0.396648
0.506358
0.345542
0.345542
0.345542
0.500051
0.500051
0.500051
0.500051
0.500051
0.500051
0.500051
0.802764
0.932493
1.49689
1.5568
1.5568
1.77908
0.686998
0.710105
0.739613
0.101664
0.101664
0.585899
0.585899
0.585899
0.660643
1.92209
1.16267
0.777842
0.387962
0.20779
0.20779
0.890404
0.903543
0.569036
0.439292
0.439292
0.554341
0.554341
0.491836
0.387311
0.452936
0.452936
1.22242
1.22242
0.519774
0.519774
0.794674
0.220199
0.270718
0.538749
0.320737
0.320737
0.371501
0.250458
0.305027
0.240089
0.240089
0.240089
0.240089
0.240089
0.240089
0.240089
0.240089
0.15553
0.16436
1.63991
0.463873
0.79092
0.79092
0.741575
0.987126
0.494457
0.494457
0.49063
0.608414
0.608414
0.608414
0.608414
0.608414
0.230528
0.230528
0.326416
0.531334
0.531334
0.531334
0.531334
0.531334
0.189473
0.189473
0.692442
0.991615
1.25764
1.23837
1.04291
1.34479
0.956602
0.249852
0.249852
0.604829
0.461105
0.461105
0.461105
0.461105
0.825412
0.439475
0.517898
0.793335
0.793335
0.793335
0.793335
0.793335
0.801799
0.801799
0.246071
0.246071
0.374213
0.374213
0.374213
1.27596
0.553665
0.553665
0.553665
0.553665
0.553665
0.553665
0.822679
0.822679
0.822679
0.771272
0.771272
0.771272
0.771272
0.740763
0.308652
0.308652
0.72245
0.221345
0.160618
0.160618
0.218834
0.382418
0.382418
0.382418
0.382418
0.382418
0.382418
0.382418
0.485803
0.485803
0.485803
0.228633
0.228633
0.228633
0.228633
0.228633
0.42722
0.42722
0.284875
0.284875
0.278416
0.443263
0.151805
0.325565
0.325565
0.325565
0.325565
0.325565
0.364038
0.364038
0.364038
0.608568
0.608568
0.905588
0.905588
0.627435
0.382803
1.2339
1.28698
1.38728
1.38728
0.695843
0.695843
0.695843
0.695843
0.211142
0.211142
0.211142
0.269244
0.269244
0.269244
0.527489
0.527489
0.527489
0.527489
0.527489
0.654458
0.654458
0.260117
0.260117
0.260117
0.435333
0.435333
0.435333
0.435333
0.435333
0.435333
0.526475
0.526475
0.518575
0.518575
0.518575
0.518575
0.518575
0.518575
0.518575
0.394142
0.394142
0.394142
0.305239
0.406087
0.73987
0.255441
0.255441
0.255441
0.255441
0.255441
1.43889
1.36136
1.36136
0.951686
1.0268
1.52517
0.684641
0.684641
0.684641
0.684641
0.684641
0.684641
0.684641
0.441145
0.441145
0.10774
0.10774
0.10774
0.10774
0.548236
0.548236
0.924581
0.924581
0.924581
0.924581
0.332816
0.332816
0.332816
0.332816
0.458027
0.458027
0.458027
0.458027
0.458027
0.458027
0.313656
0.313656
0.313656
0.313656
0.277511
0.270485
0.270485
0.270485
0.414135
0.414135
0.414135
0.358222
0.25976
0.25976
0.25976
0.431333
0.238731
0.261768
0.261768
0.261768
0.366687
0.366687
0.538235
0.538235
0.538235
0.538235
0.538235
0.50779
0.50779
0.50779
0.330865
0.330865
0.330865
0.330865
0.393979
0.393979
0.63001
0.63001
0.63001
0.70346
0.70346
0.70346
0.45447
0.436288
0.436288
0.436288
0.436288
0.263738
0.263738
0.170779
0.170779
0.170779
0.170779
0.170779
0.170779
0.170779
0.346173
0.41981
0.41981
0.41981
0.41981
0.41981
0.41981
0.52488
0.52488
0.52488
0.52488
0.264442
0.264442
0.264442
0.264442
0.925761
0.537438
0.466615
0.466615
0.942575
0.942575
0.942575
0.553967
0.553967
0.553967
0.788741
0.788741
0.88472
0.659261
0.659261
0.128223
0.183412
1.06065
1.39176
1.79521
0.966686
0.374992
0.516812
0.260456
0.260456
0.59071
0.31443
0.31443
0.7898
0.269314
0.459336
0.459336
0.459336
0.459336
0.459336
0.459336
0.28154
0.28154
0.28154
0.28154
0.28154
0.15451
0.278732
0.278732
0.278732
0.385633
0.575894
0.575894
1.13159
1.13159
0.884371
1.20233
1.30155
0.211799
0.211799
0.211799
0.153736
0.153736
0.153736
0.964299
0.676699
0.33533
0.33533
0.33533
0.267243
0.488945
0.825045
0.825045
0.371905
0.371905
0.371905
0.371905
0.371905
0.371905
0.371905
0.371905
0.371905
0.371905
0.514014
1.02201
0.212336
0.842871
2.08403
1.62409
1.92419
1.92419
1.92419
1.92419
1.92419
1.92419
1.92419
1.58452
1.13775
1.13775
1.00067
1.00067
0.9846
0.265326
0.111428
0.118624
0.560993
0.914762
0.147934
0.147934
0.519892
0.348182
0.348182
0.288991
0.288991
0.288991
0.288991
0.827411
0.350196
0.350196
0.535066
1.09708
1.09708
1.00686
1.00686
0.810616
0.509344
0.628832
0.255863
0.426775
0.426775
0.480179
0.480179
0.480179
0.595796
0.595796
0.595796
0.425929
0.425929
0.425929
0.425929
0.425929
0.425929
0.328067
0.840247
0.654755
0.54889
0.774775
0.703427
0.703427
0.673281
0.673281
0.613229
0.613229
0.522472
0.522472
0.499799
0.499799
0.499799
0.499799
0.499799
0.297883
0.468149
0.468149
0.468149
0.468149
0.468149
0.468149
0.468149
0.393722
0.393722
0.519074
0.128946
0.128946
0.282588
0.282588
0.282588
0.282588
0.212179
0.212179
0.212179
0.212179
0.212179
0.212179
0.212179
0.212179
0.530498
0.530498
0.469732
0.469732
0.469732
0.469732
0.469732
0.469732
0.469732
0.469732
0.785969
0.785969
0.596391
0.596391
0.596391
0.681621
0.681621
0.681621
0.681621
0.304333
0.304333
0.304333
0.304333
0.304333
0.387866
0.27151
0.27151
0.27151
0.27151
0.27151
0.27151
0.27151
0.27151
0.27151
0.570093
0.88299
0.790255
0.790255
0.790255
0.790255
1.008
1.008
0.788526
0.788526
0.788526
0.90449
1.03408
1.03408
0.583322
0.316901
0.0469919
0.0469919
0.162286
0.0679129
0.0679129
0.0679129
0.0679129
0.0679129
0.0679129
0.18583
0.747139
1.23591
1.23591
0.655064
0.655064
0.655064
0.730833
0.730833
0.730833
0.730833
0.136746
0.136746
0.136746
0.136746
0.136746
0.760479
0.760479
0.674425
0.660522
0.660522
0.276804
0.276804
0.276804
0.276804
0.276804
0.276804
0.0962665
0.0962665
0.656205
0.656205
0.656205
0.656205
0.656205
0.656205
0.475819
0.475819
0.595302
0.560684
0.560684
0.560684
0.611634
0.611634
0.611634
0.388517
0.388517
0.388517
1.02356
0.761248
0.723537
0.723537
0.723537
0.723537
0.719732
0.925926
0.925926
0.925926
0.925926
0.135961
0.398508
0.398508
0.398508
0.256584
0.256584
0.256584
0.256584
0.287398
0.287398
0.287398
0.287398
0.452284
0.452284
0.452284
1.01781
1.01781
1.01781
1.70648
1.71104
1.71104
1.71104
0.826907
0.672612
0.666171
0.163468
0.159032
0.159032
1.06265
0.0886845
0.0886845
0.0886845
0.0886845
0.0886845
0.358636
0.109548
0.109548
0.109548
0.109548
0.109548
0.109548
0.109548
0.109548
0.109548
0.109548
0.109548
0.109548
0.109548
1.08961
1.08961
1.08961
0.781953
1.32923
1.09772
0.400695
0.279695
0.425201
0.472724
0.472724
0.59773
0.59773
0.613008
0.40527
0.726808
1.0579
0.959341
0.584781
0.584781
0.161329
0.161329
0.161329
0.161329
0.161329
0.161329
0.161329
0.161329
0.161329
0.413613
0.169705
0.180188
0.242001
0.242001
0.205707
0.205707
0.166458
0.436911
0.436911
0.501508
0.300446
0.300446
0.300446
0.191952
0.191952
0.191952
0.191952
0.191952
0.191952
0.191952
0.191952
0.191952
0.137258
0.510332
0.510332
0.510332
0.510332
0.510332
0.510332
0.510332
0.510332
0.510332
0.510332
0.510332
0.510332
0.510332
0.49339
0.511735
0.511735
0.511735
0.511735
0.511735
0.511735
0.511735
0.20024
0.590654
0.590654
0.399057
0.377825
0.377825
0.377825
0.283638
0.283638
0.842377
0.842377
0.842377
0.842377
0.842377
0.842377
0.834088
0.834088
0.27123
0.27123
0.27123
0.27123
0.259387
0.415944
0.415944
0.688902
0.359014
0.189186
1.341
1.341
1.44735
0.49306
0.49306
0.49306
0.314482
0.272101
0.272101
0.398878
0.398878
0.398878
0.386776
0.345118
0.549912
0.320522
0.320522
0.13963
0.13963
0.13963
0.13963
0.13963
0.375784
0.375784
0.375784
0.375784
0.375784
0.308576
0.421656
0.628492
0.628492
0.628492
1.77317
1.44838
0.782134
0.782134
0.782134
0.782134
0.782134
0.953856
0.953856
0.953856
1.29054
1.29054
0.52977
0.52977
0.372036
0.372036
0.372036
0.372036
0.300504
0.300504
0.300504
0.300504
0.300504
0.300504
0.300504
0.300504
0.540953
0.540953
0.540953
0.540953
0.540953
0.540953
0.540953
0.540953
0.540953
0.253303
0.325172
0.325172
0.475694
0.475694
0.308391
0.308391
0.308391
0.308391
0.308391
0.499638
0.433554
0.433554
0.433554
0.433554
0.433554
0.225917
0.225917
0.225917
0.623415
0.623415
0.324462
0.324462
0.805825
0.805825
0.205933
0.205933
0.699782
0.699782
0.741883
0.741883
0.741883
0.375207
0.375207
0.375207
1.30177
1.4729
1.4729
1.47352
1.47352
0.977432
0.977432
0.613697
0.795494
0.731889
0.731889
0.650543
0.650543
0.650543
0.707247
0.707247
0.307531
0.307531
0.307531
0.307531
0.879847
0.819606
0.819606
0.745568
0.497269
0.497269
0.497269
0.493029
1.08078
0.661635
0.661635
0.661635
0.661635
0.661635
0.661635
0.351531
0.351531
0.351531
0.351531
0.351531
0.351531
0.380012
0.380012
0.977048
0.763219
0.641318
0.149911
0.260977
0.552363
0.552363
0.552363
0.552363
0.352917
0.352917
0.352917
0.144441
0.144441
0.144441
0.144441
0.144441
0.144441
0.144441
1.13989
1.13989
1.13989
1.13989
0.542795
0.542795
0.542795
0.542795
0.542795
0.417097
0.417097
0.417097
0.464428
0.84062
0.325572
0.325572
0.370273
0.588535
0.588535
0.468555
0.625702
0.625702
0.710614
0.29791
0.29791
0.29791
0.29791
0.932517
0.909603
0.909603
0.909603
0.473127
0.473127
0.473127
0.473127
0.473127
0.473127
0.473127
0.236681
0.236681
0.236681
0.183192
0.224906
0.224906
0.190548
0.190548
0.190548
0.190548
0.324692
0.324692
1.03476
1.03476
0.938396
1.40907
1.40907
1.40907
1.40907
1.46639
1.46639
1.429
1.59416
1.68543
0.105966
0.105966
0.321347
0.192251
0.192251
0.192251
0.1961
0.1961
0.10274
1.29893
1.12114
0.508594
0.508594
0.19941
0.19941
0.19941
0.19941
0.19941
0.809342
0.809342
0.509981
0.263549
0.263549
0.263549
0.18114
0.881278
1.08694
0.657753
0.657753
0.657753
0.657753
0.29798
0.29798
0.29798
0.830395
0.830395
0.799099
0.574653
1.32629
0.309507
0.144958
0.236905
0.236905
0.380286
0.531545
1.05871
1.19604
0.616816
0.71058
0.71058
0.71058
0.71058
0.419933
0.419933
0.667893
0.446333
0.29037
0.29037
0.29037
0.29037
1.09275
0.441941
0.151765
0.465877
0.442231
0.442231
0.442231
0.442231
0.642255
0.244581
0.244581
0.244581
0.348879
0.348879
0.348879
0.348879
0.880305
0.731173
0.731173
0.294625
0.294625
0.141332
0.141332
0.141332
0.452819
0.776063
0.776063
1.31852
0.398981
0.398981
0.398981
1.25
1.25
1.25
0.233011
0.20625
0.20625
0.20625
0.20625
0.20625
0.242585
0.525646
0.586527
0.417756
0.448666
0.448666
0.448666
0.448666
0.448666
0.448666
0.448666
0.0396333
0.0396333
0.0396333
0.0396333
0.0784559
0.316915
0.115685
0.713529
0.888571
0.888571
0.888571
0.75319
0.847869
0.482929
0.482929
0.482929
0.552747
0.552747
0.75255
1.08976
1.35647
1.35647
1.18999
0.567118
0.567118
0.567118
0.567118
0.567118
0.567118
0.567118
0.567118
0.633145
0.633145
0.633145
1.13283
0.567462
0.567462
0.431771
0.630089
0.205952
0.205952
0.205952
0.205952
0.205952
0.205952
0.205952
0.205952
0.214749
0.214749
0.214749
0.101172
0.101172
0.101172
0.176962
0.176962
0.623763
0.568073
0.568073
0.568073
0.568073
0.568073
0.568073
0.501382
0.501382
0.593195
0.155454
0.155454
0.155454
0.155454
0.140511
0.140511
0.103623
0.312726
0.312726
0.312726
0.437223
0.437223
0.589995
1.29163
0.448431
0.448431
0.425252
0.425252
0.425252
0.566399
0.739001
0.739001
0.969015
0.969015
1.16047
1.12681
1.35638
1.62604
1.28907
1.28907
1.28755
0.531522
0.373378
0.373378
0.032235
0.214185
0.733886
0.733886
0.733886
0.816675
0.771587
0.771587
0.987691
0.987691
0.987691
0.987691
0.987691
0.810137
0.705884
0.705884
0.747911
0.747911
0.803356
0.803356
0.641135
0.748023
0.748023
0.748023
1.01233
0.98197
0.98197
0.98197
0.98197
0.98197
0.98197
0.98197
0.98197
1.06964
0.889073
0.889073
0.889073
0.889073
0.889073
0.889073
0.889073
0.961138
0.775349
0.775349
0.460015
0.400736
0.492988
0.492988
0.492988
0.607043
0.607043
0.607043
0.607043
0.607043
0.316473
0.867472
1.30225
1.45996
1.45996
1.45996
0.643905
0.442695
0.442695
0.442695
0.442695
0.442695
0.222893
0.222893
0.222893
0.222893
0.0909052
0.374417
0.374417
0.374417
0.374417
0.374417
0.374417
0.374417
0.374417
0.764552
0.880005
0.709776
0.709776
0.709776
0.709776
0.709776
0.709776
0.556449
0.733566
0.733566
0.733566
0.733566
0.733566
0.206059
0.267956
0.267956
0.267956
0.267956
0.267956
0.414125
0.414125
0.414125
0.414125
0.685373
0.0729157
0.0729157
0.0729157
0.495304
0.495304
0.495304
0.495304
0.454886
0.454322
0.505811
0.505811
0.200453
0.200453
0.200453
0.200453
0.200453
1.33298
0.130623
0.130623
0.19005
0.19005
0.19005
0.19005
0.19005
0.19005
0.19005
0.19005
0.19005
0.19005
0.916923
0.916923
0.907775
0.907775
0.83184
0.83184
0.83184
0.83184
0.83184
0.765901
0.765901
1.01088
0.481782
0.481782
0.255543
0.255543
0.255543
0.342347
0.342347
0.342347
0.940926
0.582765
0.582765
0.182255
0.0975856
0.0975856
0.0975856
0.0577271
0.0577271
0.0577271
0.296399
0.549719
0.519122
0.519122
0.519122
0.519122
0.585613
0.61024
0.327602
0.327602
0.164799
0.164799
0.586926
0.586926
0.586926
0.690086
0.690086
0.520815
0.520815
0.234048
0.234048
0.170548
0.513544
0.513544
0.513544
0.513544
0.513544
0.857662
0.525431
0.691203
0.691203
0.363126
0.403187
1.163
0.978012
0.896932
0.548292
0.548292
0.780309
0.615444
0.289865
0.666041
0.666041
0.407389
0.407389
0.407389
0.666789
0.666789
0.666789
0.328891
0.328891
0.427359
0.427359
0.249438
0.249438
0.249438
0.650607
0.487093
0.315669
0.340125
0.340125
0.193451
0.193451
0.193451
0.93041
0.93041
0.88449
1.00301
1.00301
1.00301
0.860442
0.265279
1.17742
0.874974
0.874974
0.874974
1.0962
1.0962
0.387362
0.0884287
0.0884287
0.0884287
0.0884287
0.0884287
0.0884287
0.170623
0.435971
0.435971
0.253947
0.417241
0.417241
0.605629
0.605629
0.605629
0.660341
0.392186
0.350539
0.312435
0.266033
0.266033
0.233572
0.233572
0.233572
0.365284
0.365284
0.546238
0.546238
0.710121
0.195784
0.195784
0.195784
0.195784
0.195784
0.195784
0.195784
0.553039
0.553039
0.553039
0.553039
0.553039
0.553039
0.449888
0.449888
0.710825
0.710825
0.755565
0.517115
0.159523
0.159523
0.159523
0.159523
0.159523
0.159523
0.159523
0.159523
0.393441
0.393441
0.393441
0.393441
0.607665
0.607665
0.607665
0.607665
0.607665
0.629418
0.515702
0.515702
0.515702
0.393069
0.393069
0.393069
0.393069
1.16239
1.66505
1.77585
0.964077
0.427351
0.427351
0.427351
0.427351
0.82472
0.451261
0.451261
0.451261
0.481626
1.00105
0.791728
0.791728
0.791728
0.791728
0.735397
0.796254
0.468472
0.49392
0.49392
0.49392
0.49392
0.480792
0.519461
0.0926669
0.0926669
0.0926669
0.375302
0.375302
0.466311
0.528147
0.528147
0.863169
0.863169
0.863169
1.9432
2.2715
0.456426
0.456426
0.456426
0.456426
0.456426
0.456426
0.456426
0.374305
0.374305
0.374305
0.374305
0.374305
0.374305
0.116082
0.116082
0.601456
0.601456
0.601456
0.601456
0.232688
0.232688
0.232688
0.232688
0.239652
0.239652
0.239652
0.239652
1.32936
1.32936
0.19565
0.19565
0.19565
0.318403
0.318403
0.261713
0.738079
0.78813
0.495189
0.458667
0.487107
0.487107
0.487107
0.487107
0.487107
0.487107
0.314459
0.472081
0.472081
0.288083
0.288083
0.288083
0.355606
0.736518
1.03497
1.03497
1.03497
1.03497
0.852409
0.335981
0.335981
0.33375
0.94499
0.94499
0.94499
0.94499
0.94499
0.94499
0.3282
0.342041
0.714535
0.714535
0.714535
0.263736
0.263736
0.818622
1.01094
1.01094
1.01094
1.1077
1.1077
0.772852
0.768432
0.105395
0.105395
0.319489
0.356018
0.349099
0.349099
0.349099
0.349099
0.349099
0.349099
0.887294
0.887294
0.887294
0.887294
0.887294
0.887294
0.887294
0.887294
0.3747
0.351461
0.351461
0.689082
0.82688
0.82688
0.399571
0.44542
0.446218
0.52764
0.52764
0.52764
0.068529
0.068529
0.068529
0.0829334
0.0829334
0.335278
0.352528
0.352528
0.352528
0.465744
0.465744
0.750994
0.803089
0.803089
0.628859
0.628859
0.628859
0.997876
0.997876
0.357618
0.282471
0.282471
0.282471
0.225759
0.225759
0.225759
0.225759
0.225759
0.225759
0.865945
0.865945
0.823578
0.823578
0.87015
0.359496
1.22288
1.02846
1.02846
1.02846
1.50283
1.50283
0.602692
0.602692
0.173383
0.173383
0.123578
0.341688
0.267388
0.461734
0.461734
0.461734
0.577684
0.577684
0.577684
0.577684
0.577684
0.281814
0.643157
0.157113
0.157113
0.157113
0.549249
0.549249
0.398116
0.398116
0.398116
0.360553
0.360553
0.187669
0.187669
0.187669
0.187669
0.187669
0.187669
0.187669
0.187669
0.187669
0.665356
0.665356
0.394235
0.394235
0.593869
1.56266
0.922533
0.922533
0.922533
0.950033
0.945701
0.945701
0.56798
0.869797
0.633227
0.633227
0.776462
0.591221
0.591221
0.654494
0.654494
0.507543
0.507543
0.507543
0.600906
0.504167
0.334715
0.519734
0.519734
0.519734
0.712341
0.712341
0.300668
0.300668
0.300668
0.300668
0.300668
0.300668
0.300668
0.300668
0.300668
0.438824
0.438824
0.438824
0.438824
0.438824
0.606494
0.639431
0.805064
0.805064
0.805064
0.177446
0.270348
0.270348
0.270348
0.270348
0.270348
0.270348
0.0856521
0.218482
0.218482
0.152386
0.152386
0.152386
0.152386
0.945995
1.39202
1.39202
1.39202
0.483102
0.716573
0.169904
0.169904
0.169904
0.312411
0.312411
0.150549
0.150549
0.150549
0.153775
0.153775
0.153775
0.153775
0.153775
0.153775
0.153775
0.220579
0.220579
0.259967
0.347782
0.595388
0.595388
0.595388
0.45353
0.45353
0.45353
0.774626
0.774626
0.981992
0.981992
0.821735
0.821735
0.821735
0.821735
0.821735
0.821735
0.821735
0.756009
0.146963
0.218317
0.218317
0.218317
0.218317
0.514542
0.0360187
0.0360187
0.393232
0.393232
0.490135
0.490135
0.735729
0.735729
0.519022
0.761881
0.761881
0.884584
0.884584
0.73935
0.566159
0.566159
0.566159
0.473887
0.473887
1.32266
1.04223
1.79209
1.34126
0.964782
0.868157
0.868157
0.868157
0.892039
0.614279
0.730022
0.847778
0.605966
0.605966
0.605966
0.479738
0.479738
0.479738
0.479738
0.417907
0.262123
0.262123
0.505237
0.505237
0.505237
0.505237
0.986358
0.986358
0.986358
0.986358
0.986358
0.986358
1.15837
1.15837
1.78966
1.21976
1.21976
1.21976
1.21976
1.21976
0.896752
1.26269
1.26269
1.6883
1.6883
0.86616
0.723526
0.63193
0.63193
1.07834
1.07834
0.894858
0.894858
0.894858
0.894858
0.894858
1.42228
1.3704
0.695123
0.695123
0.695123
0.695123
0.695123
0.351722
0.351722
0.33529
0.519511
0.519511
0.534038
0.534038
1.37833
1.37833
0.94754
0.94754
0.94754
0.94754
0.346179
0.926952
1.19442
1.19442
1.19442
1.19442
1.19442
1.15338
0.581579
0.581579
0.581579
0.893518
0.893518
0.25646
0.139158
0.596765
0.771982
0.233267
0.415917
0.415917
0.158437
0.158437
0.158437
0.409233
0.703644
0.703644
0.703644
0.814749
0.515512
0.515512
0.515512
0.56312
0.56312
0.56312
0.56312
0.267972
0.267972
0.267972
0.582149
1.10967
0.878363
0.513573
0.513573
0.513573
0.82864
0.82864
0.82864
1.42392
1.85132
1.85132
1.56698
0.955212
1.16497
0.746573
0.272106
0.272106
0.272106
0.608555
0.762494
0.762494
0.762494
0.762494
0.762494
0.455235
0.269528
0.376948
0.558875
0.123012
0.123012
0.123012
0.123012
0.123012
0.123012
0.123012
0.123012
0.123012
0.200448
0.200448
0.200448
0.200448
0.200448
0.200448
0.200448
0.200448
0.200448
0.200448
0.241374
0.241374
0.241374
0.424846
0.424846
0.424846
0.424846
0.424846
0.347158
0.675057
0.675057
0.675057
0.592779
0.549407
0.549407
0.549407
0.549407
0.332201
0.332201
0.704536
0.704536
1.18118
0.917841
0.917841
0.240226
0.240226
0.308975
0.442208
0.442208
0.442208
0.43553
0.43553
0.299334
0.299334
0.299334
0.310241
0.310241
0.310241
0.310241
0.533049
0.533049
0.463901
0.463901
0.463901
0.463901
0.463901
0.463901
0.463901
0.941364
0.752397
0.465392
0.465392
0.465392
0.465392
0.309526
0.309526
0.309526
0.309526
0.469558
0.400712
0.974439
0.446903
0.446903
0.446903
0.446903
0.251506
0.297432
0.297432
1.32117
0.780199
0.825707
