0.329368 0.45508 0.459274 0.503829 0.408271 0.405794 0.407633 0.45429
0.32875 0.454111 0.45896 0.503829 0.408091 0.405794 0.407449 0.45394
0.32834 0.454111 0.45933 0.503829 0.408352 0.405551 0.407449 0.45394
0.326708 0.453146 0.45933 0.503829 0.408951 0.405551 0.406715 0.45394
0.326505 0.453146 0.45933 0.503829 0.408772 0.405713 0.406715 0.45394
0.325697 0.453146 0.45933 0.503829 0.408852 0.405713 0.406532 0.453486
0.324691 0.452186 0.45933 0.503829 0.408892 0.405713 0.406566 0.453486
0.324091 0.452186 0.459072 0.503829 0.409151 0.405713 0.406517 0.453445
0.323493 0.452186 0.459441 0.503829 0.40919 0.405874 0.40665 0.453445
0.322699 0.45123 0.459809 0.503829 0.409399 0.405874 0.406867 0.453445
0.322107 0.45123 0.459809 0.503829 0.409607 0.406035 0.407042 0.453445
0.322107 0.45123 0.459809 0.503829 0.409518 0.406035 0.407175 0.453712
0.321713 0.45123 0.460544 0.504204 0.409815 0.406035 0.407308 0.453712
0.320927 0.45123 0.460231 0.504204 0.410022 0.406196 0.407167 0.453712
0.320732 0.450279 0.460231 0.504204 0.410061 0.406196 0.406985 0.453712
0.320146 0.450279 0.459918 0.504204 0.409882 0.406196 0.406935 0.453569
0.319369 0.450279 0.459918 0.504204 0.409565 0.405955 0.407151 0.453569
0.318788 0.449332 0.459973 0.504204 0.409298 0.405955 0.407366 0.453732
0.317441 0.449332 0.460393 0.504204 0.408677 0.405514 0.40749 0.453732
0.316867 0.448389 0.460081 0.504204 0.408411 0.405514 0.407663 0.453732
0.316677 0.448389 0.460081 0.504204 0.408322 0.405514 0.407572 0.453794
0.316296 0.448389 0.460081 0.504204 0.407792 0.405074 0.407877 0.453794
0.315159 0.448389 0.459459 0.503878 0.407351 0.405074 0.40805 0.453794
0.31497 0.44745 0.459149 0.503878 0.407263 0.405074 0.407959 0.453794
0.31403 0.44745 0.459149 0.503878 0.407127 0.404735 0.407868 0.453794
0.31403 0.44745 0.459149 0.503878 0.407127 0.404735 0.407778 0.453855
0.313095 0.446515 0.459149 0.503878 0.406688 0.404735 0.407687 0.453855
0.311981 0.446515 0.45853 0.503878 0.40625 0.404296 0.407054 0.453855
0.311243 0.445585 0.45853 0.503878 0.4059 0.404296 0.406874 0.453407
0.309776 0.445585 0.458642 0.503878 0.405376 0.403858 0.405973 0.452959
0.309594 0.445585 0.458389 0.503553 0.405289 0.403858 0.405925 0.452959
0.309412 0.444659 0.458082 0.503553 0.405289 0.403858 0.406319 0.452959
0.309048 0.444659 0.457162 0.503553 0.40533 0.403858 0.406181 0.45302
0.308143 0.444659 0.457525 0.503553 0.405365 0.403818 0.406787 0.45302
0.307782 0.444659 0.457525 0.503553 0.40562 0.403818 0.406828 0.453284
0.307602 0.443736 0.457525 0.503553 0.40562 0.403818 0.406959 0.453284
0.306527 0.443736 0.457582 0.503553 0.405353 0.403778 0.407741 0.453284
0.306395 0.443027 0.457582 0.503553 0.405481 0.403778 0.408002 0.453284
0.306442 0.443027 0.457276 0.503553 0.405394 0.403778 0.407912 0.453749
0.307246 0.443027 0.456667 0.502998 0.405047 0.403778 0.407773 0.453749
0.306536 0.443027 0.456362 0.502998 0.405001 0.403778 0.408333 0.453911
0.306536 0.443027 0.456362 0.502998 0.404915 0.403541 0.408463 0.453911
0.306536 0.443027 0.455814 0.502998 0.405117 0.4036 0.408713 0.453911
0.306358 0.442736 0.455814 0.502998 0.405198 0.4036 0.408623 0.453911
0.306759 0.442736 0.455814 0.502998 0.405198 0.4036 0.408753 0.454072
0.306759 0.442736 0.455511 0.502998 0.405319 0.403659 0.408614 0.454072
0.306759 0.442736 0.455511 0.502998 0.405273 0.403659 0.408952 0.454132
0.307559 0.442736 0.455209 0.502998 0.405055 0.403659 0.40915 0.454193
0.307559 0.442736 0.454606 0.502998 0.404883 0.403423 0.409408 0.454193
0.307559 0.442736 0.454967 0.502447 0.404711 0.403423 0.409229 0.454193
0.307958 0.442736 0.455328 0.502447 0.404237 0.403088 0.409219 0.454193
0.307958 0.442736 0.455328 0.502447 0.404404 0.403088 0.409348 0.454253
0.307958 0.442736 0.455387 0.502447 0.40444 0.403147 0.409199 0.454253
0.307958 0.442736 0.455387 0.502447 0.404354 0.403147 0.409111 0.454113
0.307781 0.442736 0.455387 0.502447 0.404219 0.40301 0.408618 0.454113
0.307781 0.442736 0.455387 0.502447 0.404596 0.40301 0.408658 0.453873
0.307604 0.442736 0.455446 0.502447 0.404632 0.403166 0.408512 0.453873
0.307604 0.442736 0.455446 0.502447 0.404546 0.403166 0.408423 0.453733
0.308223 0.442736 0.455263 0.502584 0.404501 0.403166 0.408198 0.453733
0.308223 0.442736 0.455621 0.502584 0.404372 0.403166 0.40819 0.453593
0.308223 0.442736 0.45568 0.502584 0.404202 0.402932 0.408102 0.453593
0.308621 0.443274 0.455796 0.502584 0.403943 0.402932 0.40826 0.453593
0.308621 0.443274 0.455796 0.502584 0.403858 0.402932 0.408387 0.453653
0.308621 0.443274 0.455796 0.502584 0.403774 0.402697 0.408514 0.453653
0.308663 0.443274 0.455853 0.502584 0.404393 0.402951 0.408417 0.453653
0.308663 0.443274 0.455556 0.50272 0.404309 0.402951 0.408417 0.453653
0.308663 0.443274 0.455258 0.50272 0.40414 0.402951 0.408155 0.453514
0.309101 0.443274 0.455258 0.50272 0.403758 0.40262 0.408058 0.453514
0.309101 0.443274 0.455258 0.50272 0.403589 0.40262 0.408137 0.453474
0.309101 0.443274 0.455258 0.50272 0.403958 0.402678 0.408469 0.453474
0.309497 0.443274 0.455258 0.50272 0.403998 0.402678 0.408333 0.453534
0.309714 0.443397 0.454961 0.50272 0.403954 0.402678 0.408285 0.453534
0.309932 0.443397 0.455671 0.50272 0.40395 0.402639 0.408577 0.453534
0.309402 0.443397 0.45638 0.50272 0.403614 0.402639 0.408529 0.453593
0.309226 0.443397 0.455787 0.50272 0.403112 0.402213 0.408346 0.453593
0.309226 0.443397 0.455195 0.50263 0.403192 0.402213 0.408385 0.453593
0.309091 0.442905 0.454899 0.50263 0.403316 0.402213 0.408385 0.453593
0.308915 0.442905 0.454899 0.50263 0.403232 0.402213 0.408511 0.453553
0.309132 0.442905 0.456367 0.50263 0.402899 0.402077 0.408753 0.453553
0.31091 0.442905 0.456367 0.50263 0.402565 0.402077 0.40913 0.45381
0.310734 0.443232 0.456367 0.50263 0.402482 0.402077 0.40913 0.45381
0.310559 0.443232 0.455778 0.50263 0.402066 0.401652 0.408734 0.45381
0.310559 0.443232 0.455778 0.50263 0.4019 0.401652 0.408686 0.453574
0.310811 0.443232 0.455484 0.502765 0.40132 0.401652 0.408504 0.453574
0.311024 0.443232 0.455484 0.502765 0.401443 0.401324 0.408543 0.453574
0.311024 0.443232 0.455484 0.502765 0.401443 0.401324 0.408457 0.453436
0.311024 0.443232 0.454897 0.502765 0.40144 0.401286 0.408189 0.453436
0.311024 0.443232 0.455248 0.502765 0.401398 0.401286 0.408228 0.453299
0.310849 0.443232 0.455071 0.502765 0.401643 0.401343 0.407884 0.453299
0.310849 0.443232 0.455769 0.5029 0.401643 0.401343 0.407884 0.453299
0.310674 0.442947 0.456174 0.5029 0.401806 0.401343 0.40754 0.453299
0.310674 0.442947 0.455882 0.5029 0.402051 0.401343 0.407368 0.452867
0.311448 0.442947 0.45623 0.5029 0.402254 0.401593 0.407275 0.452867
0.311273 0.442947 0.456577 0.5029 0.402254 0.401593 0.407563 0.452926
0.310924 0.442947 0.455414 0.50281 0.401678 0.401593 0.407718 0.452926
0.310924 0.442947 0.455414 0.50281 0.4018 0.401593 0.407757 0.452985
0.310924 0.442947 0.455817 0.50281 0.401636 0.401267 0.407671 0.452985
0.312291 0.443271 0.45564 0.50281 0.401592 0.401267 0.407663 0.452985
0.312291 0.443271 0.45564 0.50281 0.401429 0.401133 0.407787 0.452985
0.312326 0.443271 0.45564 0.50281 0.401469 0.401133 0.40795 0.453043
0.312918 0.443271 0.455351 0.50281 0.401426 0.401095 0.40798 0.453043
0.312918 0.443271 0.455063 0.502721 0.401791 0.401095 0.408227 0.453043
0.312918 0.443271 0.455063 0.502721 0.401709 0.401095 0.408142 0.453102
0.312778 0.44319 0.454488 0.502721 0.401749 0.401095 0.408048 0.453102
0.312604 0.44319 0.454488 0.502721 0.401993 0.401095 0.407708 0.452868
0.312812 0.44319 0.454488 0.502721 0.402033 0.401343 0.407747 0.452868
0.313606 0.44319 0.454545 0.502721 0.401623 0.401114 0.407277 0.452635
0.313606 0.44319 0.455577 0.502721 0.401417 0.400981 0.407015 0.452635
0.313812 0.443311 0.455577 0.502721 0.401538 0.400981 0.406846 0.452403
0.313671 0.443311 0.455346 0.502854 0.401941 0.400981 0.406632 0.452403
0.313671 0.443311 0.455688 0.502854 0.402222 0.401323 0.406379 0.452403
0.313671 0.443311 0.455688 0.502854 0.402382 0.401323 0.406625 0.452267
0.313499 0.443311 0.45614 0.502854 0.402218 0.401285 0.406573 0.452267
0.313499 0.443311 0.45614 0.502854 0.402338 0.401285 0.406612 0.452229
0.313877 0.443311 0.456481 0.502854 0.403018 0.401626 0.406643 0.452229
0.313704 0.443311 0.456481 0.502854 0.403258 0.401626 0.406804 0.452287
0.313531 0.443311 0.456875 0.503427 0.403498 0.401626 0.407003 0.452287
0.313531 0.443311 0.45659 0.503427 0.403657 0.401626 0.406996 0.452344
0.313531 0.443311 0.456644 0.503427 0.403414 0.401777 0.406578 0.452344
0.313187 0.442831 0.455791 0.503427 0.403291 0.401777 0.406366 0.452017
0.313392 0.442831 0.455224 0.503427 0.403808 0.401929 0.406762 0.452171
0.313392 0.442831 0.455901 0.50312 0.403966 0.401929 0.4068 0.452171
0.314348 0.442831 0.456966 0.50312 0.404481 0.401929 0.406953 0.452229
0.314348 0.442831 0.457302 0.50312 0.4046 0.402268 0.406991 0.452229
0.314176 0.442831 0.457019 0.50312 0.404357 0.402268 0.406531 0.451999
0.314176 0.442831 0.457019 0.50312 0.403992 0.401948 0.406358 0.451999
0.314176 0.442831 0.457019 0.50312 0.40403 0.401948 0.40611 0.451769
0.314004 0.442831 0.458025 0.503905 0.404387 0.401948 0.405862 0.451769
0.314379 0.442831 0.458359 0.503905 0.404582 0.402192 0.405614 0.451769
0.314208 0.44295 0.458359 0.503905 0.404539 0.402192 0.405856 0.451769
0.314208 0.44295 0.458359 0.503905 0.404378 0.402192 0.405894 0.451636
0.315531 0.44295 0.459026 0.503905 0.404771 0.402249 0.405971 0.451636
0.315732 0.44295 0.458462 0.503905 0.405003 0.402249 0.406288 0.451788
0.31556 0.44295 0.458462 0.503905 0.40496 0.402305 0.406288 0.451788
0.316304 0.443466 0.458462 0.503905 0.405078 0.402305 0.406408 0.451788
0.317245 0.443466 0.459459 0.503905 0.405903 0.402305 0.406883 0.452036
0.317615 0.443466 0.458896 0.504253 0.405903 0.402305 0.406718 0.452036
0.317271 0.443466 0.458333 0.504253 0.405743 0.402642 0.406711 0.452036
0.317271 0.443466 0.458333 0.504253 0.405502 0.402642 0.406869 0.451998
0.317469 0.443466 0.457492 0.504253 0.405218 0.402642 0.40746 0.452244
0.317469 0.443466 0.457492 0.504253 0.405138 0.402324 0.40746 0.452244
0.317469 0.443466 0.458537 0.504166 0.405133 0.402324 0.407295 0.452244
0.317838 0.443783 0.458867 0.504166 0.405133 0.402324 0.407049 0.452244
0.319332 0.443783 0.459066 0.504166 0.404734 0.4021 0.40664 0.451828
0.319332 0.443783 0.459394 0.504511 0.404734 0.4021 0.406395 0.451828
0.31916 0.443783 0.459394 0.504511 0.404532 0.4021 0.405823 0.451411
0.318817 0.443901 0.459394 0.504511 0.404532 0.4021 0.405823 0.451411
0.318841 0.443901 0.459819 0.504511 0.404528 0.40197 0.405335 0.451411
0.318841 0.443901 0.459541 0.504511 0.404682 0.40197 0.40501 0.450996
0.318841 0.443901 0.460518 0.504511 0.405305 0.402305 0.404524 0.450996
0.318841 0.443901 0.460518 0.504511 0.405262 0.402305 0.4042 0.450581
0.319206 0.443901 0.460241 0.504854 0.405379 0.402305 0.4042 0.450581
0.320492 0.443901 0.459736 0.504854 0.405882 0.402546 0.403716 0.450581
0.320492 0.443901 0.459736 0.504854 0.405919 0.402546 0.403992 0.450449
0.320321 0.444215 0.459736 0.504854 0.405681 0.402546 0.403831 0.450449
0.320321 0.444215 0.459736 0.504854 0.406262 0.402695 0.403628 0.450449
0.319979 0.444215 0.459736 0.504854 0.406378 0.402695 0.403984 0.450412
0.319467 0.444215 0.459184 0.504854 0.406445 0.40275 0.403976 0.450374
0.319467 0.444215 0.459508 0.504854 0.405732 0.40275 0.403968 0.450337
0.319467 0.444215 0.459233 0.504854 0.405653 0.402343 0.403968 0.450337
0.319467 0.444215 0.459281 0.504555 0.405574 0.402343 0.403888 0.450337
0.318956 0.444215 0.459056 0.504555 0.406226 0.402583 0.403644 0.450337
0.318956 0.444215 0.458781 0.504555 0.406226 0.402583 0.403564 0.450112
0.318787 0.444215 0.460119 0.504895 0.406256 0.402583 0.403481 0.450112
0.319149 0.44355 0.460119 0.504895 0.406256 0.402583 0.403599 0.450112
0.319149 0.44355 0.460119 0.504895 0.406487 0.402583 0.403557 0.450075
0.319149 0.44355 0.460119 0.504895 0.406602 0.402731 0.403557 0.450075
0.31864 0.44355 0.460119 0.504895 0.406977 0.402878 0.403235 0.450075
0.31864 0.44355 0.460119 0.504895 0.406977 0.402878 0.403156 0.449851
0.318495 0.44355 0.460761 0.504895 0.407042 0.402878 0.402362 0.449441
0.318495 0.44355 0.461081 0.504895 0.407157 0.402933 0.402362 0.449441
0.318326 0.44355 0.461401 0.504895 0.407186 0.402933 0.401768 0.449124
0.318326 0.44355 0.461401 0.504895 0.407336 0.402988 0.401374 0.449124
0.318326 0.44355 0.460947 0.505233 0.407443 0.402988 0.401059 0.449124
0.318326 0.44355 0.460993 0.505233 0.407557 0.402988 0.40098 0.448716
0.318326 0.44355 0.461629 0.505233 0.4079 0.403227 0.400588 0.448716
0.318687 0.44355 0.461629 0.505233 0.407971 0.403227 0.400391 0.4484
0.318687 0.44355 0.461675 0.505233 0.408077 0.403282 0.399961 0.4484
0.318687 0.44355 0.461675 0.505233 0.408646 0.403282 0.399805 0.448085
0.318687 0.44355 0.461992 0.505233 0.409021 0.403702 0.399532 0.448085
0.318519 0.443083 0.46172 0.505233 0.409248 0.403702 0.399688 0.448085
0.318519 0.443083 0.46172 0.505233 0.409248 0.403702 0.39961 0.447956
0.319239 0.443083 0.461448 0.505233 0.409387 0.403849 0.399105 0.447956
0.319239 0.443083 0.461448 0.505233 0.409422 0.403849 0.399027 0.447642
0.319958 0.443083 0.461448 0.505233 0.4093 0.403849 0.399029 0.447605
0.319452 0.443083 0.461448 0.505233 0.409369 0.403812 0.398719 0.447605
0.319452 0.443083 0.461448 0.505233 0.409134 0.403812 0.398256 0.447199
0.319452 0.443083 0.461176 0.50536 0.409056 0.403812 0.398295 0.447199
0.319283 0.443083 0.461268 0.50536 0.409351 0.403776 0.398646 0.447347
0.319474 0.4432 0.460997 0.50536 0.408805 0.403776 0.398107 0.447347
0.320189 0.4432 0.461313 0.50536 0.408805 0.403776 0.398263 0.447126
0.320903 0.4432 0.461313 0.50536 0.408762 0.403467 0.398379 0.447126
0.320735 0.4432 0.461358 0.50536 0.408563 0.403467 0.398266 0.44709
0.322513 0.444088 0.461358 0.50536 0.408443 0.403467 0.398614 0.44709
0.322513 0.444088 0.461358 0.50536 0.408555 0.403339 0.398537 0.44709
0.322513 0.444088 0.460819 0.505276 0.408477 0.403339 0.398307 0.44709
0.322513 0.444088 0.460549 0.505276 0.408477 0.403339 0.398462 0.447144
0.321671 0.444088 0.458988 0.505276 0.408349 0.403213 0.398848 0.447291
0.321503 0.444088 0.459302 0.504775 0.408306 0.403213 0.399002 0.447291
0.321335 0.444088 0.45993 0.504775 0.408523 0.403267 0.398965 0.447291
0.321335 0.444088 0.45993 0.504775 0.408781 0.403267 0.398659 0.447163
0.321875 0.443626 0.459444 0.504775 0.408507 0.403231 0.398049 0.447163
0.321875 0.443626 0.459444 0.504775 0.408507 0.403231 0.398088 0.446853
0.321875 0.443626 0.460382 0.504775 0.408233 0.403231 0.397519 0.446543
0.321875 0.443626 0.460116 0.505107 0.408344 0.403231 0.397292 0.446543
0.322228 0.443626 0.45985 0.505107 0.408491 0.403195 0.397216 0.446543
0.322413 0.443626 0.45985 0.505107 0.408637 0.403195 0.396762 0.446143
0.322413 0.443626 0.45879 0.505107 0.408851 0.403339 0.397224 0.446143
0.322413 0.443626 0.45879 0.505107 0.408697 0.403339 0.397148 0.446289
0.322245 0.443626 0.459413 0.505107 0.409023 0.403393 0.396849 0.446289
0.322245 0.443626 0.459148 0.505107 0.409245 0.403393 0.396964 0.446162
0.322597 0.443626 0.459195 0.504818 0.408971 0.403393 0.397385 0.446162
0.322597 0.443626 0.459195 0.504818 0.409082 0.403393 0.397159 0.446216
0.322597 0.443626 0.459195 0.504818 0.409193 0.403447 0.397084 0.446216
0.32228 0.44355 0.459195 0.504818 0.409338 0.403447 0.396783 0.446216
0.321946 0.44355 0.459506 0.504818 0.409253 0.403447 0.396597 0.445909
0.321946 0.44355 0.459506 0.504818 0.409363 0.403501 0.396447 0.445909
0.322647 0.44355 0.459552 0.504818 0.409388 0.403501 0.396415 0.445782
0.323696 0.44355 0.459599 0.504818 0.409346 0.403465 0.396191 0.445782
0.323711 0.443855 0.459908 0.504818 0.409227 0.403465 0.395892 0.445782
0.323545 0.443855 0.460835 0.504818 0.40915 0.403465 0.395669 0.445386
0.323378 0.443855 0.461143 0.505559 0.409184 0.403465 0.395445 0.445386
0.323378 0.443855 0.461451 0.505559 0.409142 0.403339 0.39541 0.445386
0.323378 0.443855 0.461451 0.505559 0.408913 0.403339 0.395489 0.44526
0.323378 0.443855 0.461451 0.505559 0.40838 0.402946 0.395157 0.44526
0.323378 0.443855 0.461451 0.505559 0.408262 0.402946 0.394934 0.444954
0.323378 0.443855 0.461758 0.505559 0.407993 0.402732 0.394826 0.444954
0.323212 0.443855 0.462151 0.505559 0.408019 0.402732 0.395131 0.445008
0.32356 0.443855 0.462151 0.505559 0.408349 0.402874 0.39517 0.445008
0.324088 0.443855 0.4625 0.506093 0.40856 0.402874 0.395362 0.445008
0.32359 0.443589 0.461975 0.506093 0.408409 0.402874 0.395588 0.445008
0.32359 0.443589 0.461975 0.506093 0.408333 0.402839 0.395588 0.445008
0.32359 0.443589 0.461975 0.506093 0.408333 0.402839 0.395701 0.445241
0.32602 0.444271 0.462018 0.506093 0.407805 0.402839 0.396156 0.445241
0.326364 0.444271 0.462018 0.506093 0.407729 0.402839 0.396082 0.445384
0.326707 0.444271 0.462018 0.506093 0.407579 0.402448 0.395934 0.445384
0.326707 0.444271 0.461234 0.506093 0.407824 0.402448 0.395345 0.444991
0.326707 0.444271 0.461234 0.506093 0.407934 0.40259 0.395345 0.444991
0.326707 0.444271 0.461538 0.506093 0.407366 0.402288 0.394683 0.444991
0.326707 0.444271 0.461538 0.506093 0.407142 0.402288 0.39461 0.444598
0.326541 0.444271 0.461017 0.505603 0.406992 0.402288 0.394463 0.444598
0.327226 0.444271 0.462232 0.505603 0.406618 0.401899 0.394356 0.444598
0.327402 0.444271 0.462015 0.505603 0.406244 0.401899 0.394249 0.444384
0.327411 0.444573 0.462015 0.505603 0.406021 0.401899 0.394473 0.444384
0.328093 0.444573 0.462015 0.505603 0.406055 0.401598 0.3944 0.444384
0.328434 0.444573 0.462921 0.506335 0.406158 0.401598 0.394366 0.444384
0.328434 0.444573 0.462661 0.506335 0.406302 0.401598 0.394259 0.444348
0.328434 0.444573 0.462661 0.506335 0.406227 0.401651 0.394186 0.444348
0.328449 0.444573 0.463305 0.506335 0.406399 0.401704 0.394046 0.444348
0.328283 0.444686 0.463305 0.506335 0.406399 0.401704 0.394046 0.444348
0.328283 0.444686 0.463606 0.506335 0.406615 0.401704 0.394085 0.444224
0.328283 0.444686 0.463687 0.506659 0.406752 0.401845 0.393576 0.444224
0.328283 0.444686 0.464027 0.506659 0.406752 0.401845 0.393542 0.443922
0.327952 0.444686 0.46355 0.506659 0.406415 0.401845 0.394107 0.444153
0.327952 0.444686 0.46355 0.506659 0.406557 0.401722 0.394257 0.444153
0.327952 0.444686 0.464147 0.506659 0.406591 0.401722 0.394485 0.444294
0.327952 0.444686 0.463889 0.50678 0.406551 0.401722 0.394452 0.444294
0.327786 0.444686 0.463374 0.50678 0.406511 0.401722 0.393945 0.443994
0.327621 0.444686 0.463374 0.50678 0.406727 0.401775 0.393656 0.443994
0.327621 0.444686 0.463672 0.50678 0.406573 0.401775 0.393223 0.443605
0.32796 0.444686 0.463455 0.50678 0.406534 0.401652 0.392936 0.443605
0.328298 0.444686 0.463239 0.50678 0.40646 0.401652 0.392687 0.443305
0.328298 0.444686 0.462983 0.506499 0.406386 0.401652 0.392798 0.443305
0.328298 0.444686 0.463616 0.506499 0.406414 0.401652 0.392883 0.443358
0.328298 0.444686 0.463616 0.506499 0.406341 0.401529 0.392812 0.443358
0.328306 0.444686 0.463361 0.506499 0.405606 0.401144 0.392818 0.443358
0.328306 0.444686 0.463991 0.506499 0.405386 0.401144 0.392896 0.443323
0.328306 0.444686 0.464286 0.507019 0.405313 0.401144 0.392825 0.443323
0.328643 0.444611 0.464286 0.507019 0.405313 0.401144 0.392721 0.443323
0.32898 0.444611 0.464031 0.507019 0.40502 0.401144 0.392545 0.443112
0.328987 0.444611 0.464031 0.507019 0.404874 0.40076 0.392371 0.443112
0.328987 0.444611 0.463054 0.507019 0.404217 0.40076 0.392015 0.442814
0.328987 0.444611 0.463054 0.507019 0.404144 0.400376 0.392015 0.442814
0.3295 0.444723 0.463054 0.507019 0.403853 0.400376 0.391517 0.442814
0.329006 0.444723 0.463054 0.507019 0.403888 0.400376 0.391486 0.442516
0.329006 0.444723 0.463054 0.507019 0.403597 0.40008 0.391202 0.442516
0.329676 0.444723 0.463054 0.507019 0.403594 0.40008 0.391501 0.442481
0.329676 0.444723 0.463054 0.507019 0.403232 0.399871 0.39187 0.442481
0.329846 0.444723 0.462295 0.506342 0.403229 0.399871 0.391909 0.442481
0.329846 0.444723 0.461832 0.506342 0.403229 0.399871 0.391877 0.442621
0.329846 0.444723 0.461832 0.506342 0.402867 0.399663 0.392245 0.442621
0.329846 0.444723 0.462125 0.506342 0.402507 0.399663 0.392793 0.443022
0.329846 0.444723 0.462418 0.506342 0.402326 0.399368 0.392979 0.443022
0.329846 0.444723 0.462418 0.506342 0.402467 0.399368 0.393165 0.443162
0.329846 0.444723 0.463587 0.506858 0.402644 0.399368 0.39339 0.443162
0.329846 0.444723 0.463335 0.506858 0.402857 0.399593 0.393319 0.443162
0.329846 0.444723 0.463084 0.506858 0.402964 0.399593 0.393357 0.443214
0.329517 0.444723 0.462371 0.506858 0.403459 0.399593 0.393011 0.443005
0.329517 0.444723 0.462371 0.506858 0.403387 0.399818 0.39294 0.443005
0.329851 0.444648 0.462371 0.506858 0.403387 0.399818 0.392729 0.443005
0.329851 0.444648 0.462371 0.506858 0.403809 0.399818 0.392844 0.442884
0.329851 0.444648 0.462371 0.506858 0.403915 0.400043 0.392953 0.442884
0.330184 0.444648 0.462371 0.506858 0.404335 0.400043 0.3925 0.442676
0.330184 0.444648 0.462371 0.506858 0.404263 0.400181 0.39243 0.442676
0.330189 0.444648 0.462662 0.506858 0.404965 0.400491 0.392188 0.442676
0.331185 0.444648 0.462162 0.506383 0.405175 0.400491 0.392405 0.442676
0.331185 0.444648 0.461663 0.506383 0.405032 0.400491 0.392513 0.442642
0.331516 0.444648 0.461414 0.506383 0.404956 0.400457 0.39259 0.442642
0.331516 0.444648 0.461414 0.506383 0.40541 0.400457 0.392349 0.442521
0.331683 0.44513 0.461165 0.506383 0.40562 0.400457 0.392279 0.442521
0.332014 0.44513 0.461165 0.506383 0.405654 0.400766 0.392387 0.442521
0.332014 0.44513 0.461207 0.506383 0.405329 0.400766 0.392362 0.442486
0.33284 0.44513 0.461207 0.506383 0.405291 0.40056 0.392293 0.442486
0.33284 0.44513 0.461787 0.506383 0.405391 0.40056 0.392199 0.442365
0.333826 0.44513 0.462076 0.506383 0.405282 0.400526 0.392098 0.442365
0.333826 0.44513 0.461828 0.506305 0.405596 0.400526 0.391751 0.442365
0.333826 0.44513 0.462117 0.506305 0.405524 0.400526 0.391681 0.442073
0.334483 0.445979 0.462117 0.506305 0.405486 0.400526 0.391827 0.442073
0.335138 0.445979 0.462158 0.506305 0.405448 0.400577 0.391689 0.442073
0.334973 0.445979 0.462446 0.506305 0.405899 0.400577 0.391343 0.441866
0.334973 0.445979 0.462487 0.506305 0.405965 0.400799 0.391419 0.441866
0.336765 0.446641 0.462775 0.506305 0.40596 0.400799 0.391603 0.441866
0.33709 0.446641 0.462775 0.506305 0.405993 0.400799 0.391534 0.441918
0.337414 0.446641 0.462775 0.506305 0.406305 0.400936 0.391534 0.441918
0.338386 0.446641 0.462814 0.506305 0.406643 0.401073 0.391511 0.441918
0.339033 0.446641 0.462814 0.506305 0.406676 0.401073 0.391373 0.441798
0.338867 0.446641 0.463102 0.506815 0.406883 0.401073 0.391373 0.441798
0.33919 0.446641 0.463389 0.506815 0.406981 0.401209 0.391029 0.441798
0.339024 0.447301 0.463428 0.506815 0.407117 0.401209 0.391029 0.441798
0.339024 0.447301 0.463428 0.506815 0.406969 0.401175 0.391174 0.441798
0.339024 0.447301 0.463428 0.506815 0.406827 0.401175 0.391037 0.441593
0.338521 0.447301 0.463467 0.506815 0.406435 0.400886 0.390625 0.441593
0.338514 0.447301 0.464038 0.506815 0.406364 0.400886 0.390351 0.441216
0.33835 0.446863 0.464894 0.507518 0.406359 0.400886 0.390146 0.441216
0.339467 0.446863 0.464931 0.507518 0.406597 0.400937 0.390329 0.441216
0.340106 0.446863 0.464684 0.507518 0.407009 0.400937 0.390193 0.441097
0.339614 0.447154 0.463945 0.507518 0.407106 0.401157 0.390095 0.441097
0.338624 0.447154 0.463699 0.507518 0.407683 0.401157 0.39021 0.441063
0.338462 0.446537 0.463699 0.507518 0.407683 0.401157 0.39021 0.441063
0.338136 0.446537 0.463983 0.507518 0.407612 0.401377 0.390316 0.441063
0.340191 0.447007 0.464267 0.507518 0.407292 0.401377 0.390393 0.441063
0.340507 0.447007 0.464021 0.507246 0.407395 0.401377 0.390499 0.441063
0.340344 0.447007 0.464021 0.507246 0.407599 0.401343 0.390712 0.441063
0.340659 0.447007 0.463776 0.507246 0.407836 0.401343 0.390925 0.441369
0.340974 0.447007 0.464908 0.507246 0.407759 0.401394 0.391175 0.441369
0.341289 0.447007 0.464737 0.507556 0.407861 0.401394 0.390835 0.441369
0.341289 0.447007 0.464737 0.507556 0.407963 0.401394 0.390941 0.441335
0.341603 0.447007 0.464737 0.507556 0.40809 0.401529 0.390987 0.441335
0.341591 0.447007 0.464774 0.507556 0.407949 0.401529 0.390957 0.441301
0.341905 0.447475 0.46453 0.507556 0.408051 0.401529 0.390957 0.441301
0.343305 0.447475 0.46453 0.507556 0.408076 0.401495 0.391629 0.441301
0.343617 0.447475 0.46453 0.507556 0.408005 0.401495 0.391493 0.441522
0.34455 0.4483 0.465373 0.507556 0.407929 0.401495 0.391123 0.441522
0.34486 0.4483 0.465373 0.507556 0.40789 0.401377 0.391056 0.441522
0.34486 0.4483 0.465128 0.507556 0.40782 0.401377 0.390988 0.441234
0.344844 0.4483 0.465445 0.507865 0.408055 0.401377 0.390514 0.441234
0.344518 0.4483 0.465445 0.507865 0.408359 0.401377 0.390484 0.440946
0.344518 0.4483 0.465445 0.507865 0.40839 0.401596 0.390349 0.440946
0.34434 0.44805 0.465445 0.507865 0.408492 0.401596 0.390147 0.440946
0.344324 0.44805 0.466004 0.507865 0.408694 0.401596 0.38981 0.440574
0.344162 0.44805 0.467431 0.507865 0.408718 0.40173 0.389205 0.440574
0.344 0.44805 0.467431 0.507865 0.408718 0.40173 0.389138 0.440203
0.343838 0.44805 0.467708 0.50875 0.408648 0.40173 0.389071 0.440203
0.343515 0.44805 0.468262 0.50875 0.408703 0.401696 0.388774 0.440203
0.343515 0.44805 0.468262 0.50875 0.408564 0.401696 0.388812 0.440001
0.343192 0.447444 0.468262 0.50875 0.408076 0.401696 0.388516 0.440001
0.343031 0.447444 0.468539 0.50875 0.408007 0.401328 0.388622 0.440001
0.342871 0.447444 0.468571 0.50875 0.407861 0.401328 0.388488 0.439799
0.342871 0.447444 0.468571 0.50875 0.407653 0.401128 0.388421 0.439799
0.342549 0.447444 0.468847 0.50875 0.407609 0.401128 0.388165 0.439597
0.342549 0.447444 0.468361 0.50875 0.40747 0.401011 0.388108 0.439597
0.342549 0.447444 0.468118 0.50875 0.407401 0.401011 0.388014 0.439479
0.342549 0.447444 0.467876 0.508865 0.407332 0.401011 0.388052 0.439479
0.342389 0.447444 0.467459 0.508865 0.407018 0.401011 0.388034 0.439446
0.342389 0.447444 0.467459 0.508865 0.406949 0.400728 0.388034 0.439446
0.342697 0.447444 0.467767 0.508865 0.406261 0.400362 0.388292 0.439446
0.342697 0.447444 0.467767 0.508865 0.406192 0.400362 0.388396 0.43958
0.342697 0.447444 0.467526 0.508788 0.40578 0.400362 0.388406 0.43958
0.343312 0.447444 0.467285 0.508788 0.405912 0.400162 0.38834 0.43958
0.343312 0.447444 0.467285 0.508788 0.405944 0.400162 0.388586 0.43963
0.343458 0.447373 0.467285 0.508788 0.406108 0.400162 0.388728 0.43963
0.343458 0.447373 0.466804 0.508788 0.406071 0.400212 0.388936 0.43963
0.343458 0.447373 0.466804 0.508788 0.406571 0.400212 0.388946 0.439764
0.343458 0.447373 0.467078 0.508788 0.406229 0.400262 0.389332 0.439764
0.343444 0.447373 0.466838 0.508788 0.406161 0.400262 0.389474 0.439981
0.343881 0.447373 0.466393 0.508788 0.405882 0.400063 0.38952 0.439981
0.343881 0.447373 0.466393 0.508788 0.405982 0.400063 0.389661 0.440031
0.343721 0.447303 0.466393 0.508788 0.405977 0.400063 0.389529 0.440031
0.344026 0.447303 0.466393 0.508788 0.40604 0.400113 0.389839 0.440031
0.344026 0.447303 0.466667 0.508522 0.406004 0.400113 0.389942 0.440031
0.343866 0.447303 0.466189 0.508522 0.406203 0.400113 0.390017 0.440164
0.343852 0.447303 0.465711 0.508522 0.406198 0.400162 0.390223 0.440164
0.343533 0.447303 0.465235 0.508522 0.406522 0.400294 0.390166 0.440164
0.343533 0.447303 0.464997 0.508522 0.406485 0.400294 0.390372 0.440297
0.344141 0.447303 0.464523 0.508522 0.406511 0.400261 0.390857 0.440297
0.344141 0.447303 0.464286 0.507688 0.406808 0.400261 0.390857 0.440297
0.343981 0.447232 0.464322 0.507688 0.406907 0.400261 0.390725 0.440429
0.344126 0.447232 0.464159 0.507688 0.407167 0.400557 0.391143 0.440429
0.344126 0.447232 0.464159 0.507688 0.407265 0.400557 0.391246 0.440645
0.344126 0.447232 0.464431 0.507688 0.406822 0.40036 0.391458 0.440645
0.344126 0.447232 0.464431 0.507688 0.406754 0.40036 0.391597 0.440777
0.344126 0.447232 0.464467 0.507802 0.406816 0.40036 0.391801 0.440777
0.344126 0.447232 0.465281 0.507802 0.406478 0.400163 0.391669 0.440777
0.344126 0.447232 0.465823 0.507802 0.406338 0.400163 0.391611 0.440744
0.344126 0.447232 0.466363 0.507802 0.406468 0.40013 0.391414 0.440744
0.343635 0.447232 0.466397 0.507802 0.406426 0.40013 0.391625 0.440711
0.343937 0.447232 0.466667 0.508667 0.406426 0.40013 0.391625 0.440711
0.34424 0.447162 0.466667 0.508667 0.406524 0.40013 0.391727 0.440711
0.34424 0.447162 0.466667 0.508667 0.406457 0.400098 0.391661 0.440711
0.344081 0.447162 0.465961 0.508667 0.406911 0.400098 0.391304 0.440513
0.344081 0.447162 0.465995 0.508667 0.406777 0.400229 0.391079 0.440513
0.344383 0.447162 0.466264 0.508667 0.406808 0.400229 0.390818 0.440233
0.344225 0.447162 0.466566 0.508667 0.406601 0.400114 0.390362 0.440233
0.344225 0.447162 0.466834 0.508779 0.406601 0.400114 0.390362 0.440233
0.344225 0.447162 0.466365 0.508779 0.406827 0.400114 0.390167 0.439871
0.344066 0.447162 0.465431 0.508779 0.406755 0.400163 0.389842 0.439871
0.34421 0.447162 0.4655 0.508331 0.406688 0.400163 0.389814 0.439871
0.34421 0.447162 0.465267 0.508331 0.406883 0.400163 0.389684 0.439592
0.344051 0.447162 0.465302 0.508331 0.406908 0.400212 0.389332 0.439592
0.344051 0.447162 0.465569 0.508331 0.406774 0.400212 0.389369 0.439395
0.344954 0.447267 0.465603 0.508331 0.406769 0.400212 0.388981 0.439395
0.346154 0.447267 0.465603 0.508331 0.406897 0.400179 0.388788 0.439395
0.346154 0.447267 0.465603 0.508331 0.40683 0.400179 0.388723 0.439034
0.346154 0.447267 0.465603 0.508331 0.407019 0.400179 0.388907 0.439083
0.346154 0.447267 0.465603 0.508331 0.407049 0.400228 0.388843 0.439083
0.346136 0.447267 0.465174 0.508257 0.407341 0.400228 0.388687 0.439083
0.346136 0.447267 0.465971 0.508257 0.407074 0.400228 0.38876 0.438969
0.345978 0.447267 0.465971 0.508257 0.406874 0.400115 0.388898 0.438969
0.346277 0.447267 0.46574 0.508257 0.406771 0.400115 0.389274 0.439181
0.346277 0.447267 0.465509 0.508257 0.406699 0.400001 0.389548 0.439181
0.346575 0.44772 0.465774 0.508257 0.406796 0.400001 0.389585 0.439181
0.346575 0.44772 0.465774 0.508257 0.40673 0.400001 0.389621 0.439312
0.346575 0.44772 0.465347 0.508368 0.406597 0.400001 0.389722 0.439312
0.346417 0.44772 0.464921 0.508368 0.406265 0.400001 0.389803 0.439361
0.346417 0.44772 0.464691 0.508368 0.406199 0.399726 0.389775 0.439361
0.346417 0.44772 0.46499 0.508368 0.405537 0.39937 0.389491 0.439165
0.346417 0.44772 0.46499 0.508368 0.405041 0.399095 0.389336 0.439165
0.346417 0.44772 0.464761 0.508368 0.404843 0.399095 0.389508 0.439133
0.346417 0.44772 0.464532 0.508109 0.404843 0.399095 0.389508 0.439133
0.346259 0.44772 0.463847 0.508109 0.404708 0.398902 0.389644 0.439133
0.346084 0.44772 0.463427 0.508109 0.404901 0.398902 0.390016 0.439344
0.346084 0.44772 0.462745 0.507484 0.405191 0.398902 0.389889 0.439344
0.346084 0.44772 0.462745 0.507484 0.40509 0.398902 0.389706 0.439149
0.346084 0.44772 0.462518 0.507484 0.405024 0.399031 0.389806 0.439149
0.346818 0.447651 0.462066 0.507484 0.405278 0.399031 0.389886 0.439198
0.346661 0.447651 0.462066 0.507484 0.40534 0.399159 0.389795 0.439198
0.347235 0.447651 0.462402 0.507484 0.405366 0.399159 0.389577 0.439004
0.347235 0.447651 0.462439 0.507411 0.405366 0.399159 0.389577 0.439004
0.347077 0.447651 0.462999 0.507411 0.40517 0.399047 0.389613 0.439004
0.34692 0.447651 0.463296 0.507411 0.405 0.398934 0.389657 0.439004
0.34692 0.447651 0.463296 0.507411 0.404935 0.398934 0.389593 0.438971
0.347059 0.447582 0.463296 0.507411 0.404804 0.398934 0.389467 0.438971
0.347197 0.447582 0.463296 0.507411 0.404348 0.398582 0.389539 0.438971
0.347335 0.447582 0.463296 0.507411 0.404088 0.398582 0.389935 0.4391
0.347178 0.447582 0.462621 0.50752 0.403698 0.398229 0.390006 0.4391
0.346865 0.447582 0.462173 0.50752 0.403503 0.398229 0.390276 0.439229
0.346709 0.447582 0.461278 0.50752 0.40305 0.397877 0.390509 0.439229
0.346709 0.447582 0.461315 0.50752 0.402629 0.397877 0.390291 0.439197
0.346709 0.447582 0.461315 0.50752 0.402564 0.397605 0.390228 0.439197
0.346847 0.44734 0.461315 0.50752 0.4025 0.397605 0.390228 0.439197
0.346829 0.44734 0.461576 0.50752 0.402464 0.397605 0.389661 0.438844
0.346966 0.44734 0.461353 0.507084 0.402464 0.397605 0.389598 0.438844
0.34726 0.44734 0.461873 0.507084 0.40256 0.397574 0.389472 0.438844
0.346948 0.44734 0.461464 0.507084 0.403069 0.397574 0.389194 0.438571
0.346948 0.44734 0.461464 0.507084 0.403035 0.397781 0.389068 0.438571
0.346637 0.447099 0.461464 0.507084 0.40313 0.397781 0.389068 0.438571
0.347067 0.447099 0.46102 0.507084 0.403733 0.397781 0.388728 0.438298
0.347067 0.447099 0.46102 0.507084 0.403828 0.398147 0.388665 0.438298
0.347067 0.447099 0.46102 0.507084 0.40414 0.398274 0.388907 0.438346
0.346446 0.447099 0.461058 0.507011 0.404326 0.398274 0.388719 0.438346
0.346291 0.447099 0.460836 0.507011 0.404452 0.398401 0.38921 0.438346
0.346137 0.447099 0.460836 0.507011 0.404448 0.398401 0.389246 0.438474
0.346429 0.446859 0.461095 0.507011 0.404384 0.398401 0.389246 0.438474
0.346566 0.446859 0.461871 0.507011 0.404127 0.398211 0.388933 0.438474
0.346566 0.446859 0.461871 0.507011 0.403999 0.398211 0.389103 0.438362
0.346566 0.446859 0.462128 0.507011 0.403678 0.398211 0.38944 0.43849
0.346702 0.446859 0.462128 0.507011 0.403487 0.397862 0.389475 0.43849
0.347865 0.446859 0.462128 0.507011 0.403356 0.397862 0.389457 0.438458
0.348444 0.447474 0.462128 0.507011 0.403292 0.397862 0.389492 0.438458
0.348444 0.447474 0.462128 0.507011 0.403165 0.397672 0.389465 0.438458
0.348444 0.447474 0.462201 0.507481 0.403131 0.397672 0.389341 0.438458
0.34829 0.447474 0.46198 0.507481 0.403098 0.397672 0.389155 0.438267
0.348579 0.447474 0.46198 0.507481 0.40316 0.397641 0.389031 0.438267
0.348559 0.447474 0.462125 0.507481 0.40344 0.397641 0.388694 0.437996
0.348559 0.447474 0.462125 0.507481 0.403312 0.397688 0.388694 0.437996
0.348559 0.447474 0.461905 0.507409 0.403249 0.397688 0.388509 0.437996
0.34825 0.447474 0.462417 0.507409 0.403025 0.397688 0.388394 0.437806
0.34825 0.447474 0.462197 0.507409 0.402992 0.397499 0.388209 0.437806
0.34823 0.447236 0.461977 0.507409 0.403211 0.397499 0.388086 0.437806
0.349094 0.447236 0.46183 0.507409 0.403616 0.397782 0.387839 0.437806
0.349094 0.447236 0.462085 0.507517 0.403616 0.397782 0.387778 0.437457
0.349073 0.447236 0.461866 0.507517 0.403454 0.397672 0.387225 0.437457
0.349073 0.447236 0.461866 0.507517 0.40339 0.397672 0.387163 0.437108
0.349339 0.447507 0.461866 0.507517 0.403201 0.397672 0.386857 0.437108
0.349758 0.447507 0.461866 0.507517 0.403355 0.397672 0.386709 0.436839
0.34989 0.447507 0.461866 0.507517 0.403448 0.397641 0.386525 0.436839
0.34989 0.447507 0.461648 0.507517 0.403413 0.397641 0.386572 0.436728
0.34989 0.447507 0.461903 0.507517 0.403599 0.397688 0.386608 0.436728
0.349868 0.447507 0.461502 0.507517 0.403344 0.397688 0.386278 0.436539
0.349868 0.447507 0.461502 0.507517 0.403438 0.397578 0.386278 0.436539
0.35 0.447609 0.461502 0.507517 0.403717 0.397578 0.386034 0.436539
0.35 0.447609 0.460849 0.507088 0.403903 0.397578 0.385912 0.436539
0.350701 0.447609 0.460632 0.507088 0.403744 0.397703 0.385984 0.43635
0.351245 0.447609 0.460886 0.507088 0.404209 0.397703 0.385535 0.436082
0.351245 0.447609 0.460886 0.507088 0.404361 0.397985 0.385631 0.436082
0.351092 0.447879 0.460886 0.507088 0.404484 0.397985 0.38551 0.436082
0.351658 0.447879 0.460452 0.507088 0.40451 0.398032 0.385521 0.436082
0.351658 0.447879 0.460235 0.507088 0.404695 0.398032 0.385714 0.436129
0.351505 0.447879 0.460056 0.507088 0.404658 0.398079 0.385569 0.436129
0.351351 0.447879 0.460056 0.507088 0.404995 0.398079 0.385423 0.43594
0.351351 0.447879 0.460563 0.507016 0.404932 0.398079 0.385363 0.43594
0.351351 0.447879 0.460384 0.507016 0.404806 0.398126 0.385495 0.43594
0.351198 0.447879 0.460384 0.507016 0.404957 0.398126 0.385603 0.435987
0.351022 0.447879 0.460169 0.507016 0.405263 0.398328 0.385674 0.435987
0.351022 0.447879 0.460169 0.507016 0.405288 0.398328 0.385781 0.436034
0.351022 0.447879 0.460169 0.507016 0.405255 0.398297 0.385661 0.436034
0.351022 0.447879 0.460169 0.507016 0.405652 0.398297 0.386115 0.43616
0.35087 0.447643 0.460169 0.507016 0.405589 0.398297 0.386055 0.43616
0.350999 0.447643 0.460169 0.507016 0.40571 0.398499 0.386162 0.43616
0.351562 0.447643 0.459953 0.507016 0.405585 0.398499 0.385981 0.43605
0.352814 0.448247 0.459775 0.507016 0.405672 0.398499 0.385872 0.43605
0.3535 0.448247 0.459775 0.507016 0.405855 0.398545 0.385848 0.435941
0.3535 0.448247 0.459346 0.50659 0.405793 0.398545 0.385728 0.435941
0.353474 0.448247 0.459131 0.50659 0.40548 0.398545 0.386025 0.435988
0.353474 0.448247 0.459131 0.50659 0.405538 0.398359 0.386191 0.435988
0.353322 0.448247 0.459131 0.50659 0.405443 0.398359 0.386047 0.435956
0.353169 0.448247 0.459131 0.50659 0.405069 0.398096 0.386152 0.435956
0.353169 0.448247 0.459131 0.50659 0.40516 0.398096 0.386378 0.436081
0.353017 0.44818 0.458703 0.50659 0.40531 0.398096 0.386114 0.436081
0.352713 0.44818 0.458489 0.50659 0.405061 0.398065 0.385935 0.435817
0.352713 0.44818 0.458062 0.50659 0.405054 0.398034 0.386265 0.435941
0.352713 0.44818 0.458605 0.506343 0.405418 0.398034 0.386276 0.435941
0.352713 0.44818 0.459108 0.506343 0.405418 0.398034 0.386287 0.43591
0.35327 0.44818 0.458895 0.506343 0.405199 0.398081 0.386511 0.43591
0.35327 0.44818 0.458256 0.506343 0.405042 0.398081 0.386308 0.435879
0.353674 0.44818 0.458044 0.506343 0.404733 0.397819 0.38614 0.435879
0.353674 0.44818 0.458044 0.506343 0.404671 0.397819 0.386022 0.435693
0.353674 0.44818 0.457407 0.50592 0.404392 0.397819 0.385784 0.435693
0.353674 0.44818 0.457407 0.50592 0.404268 0.397557 0.385666 0.435693
0.353674 0.44818 0.457196 0.50592 0.403899 0.397557 0.385429 0.435353
0.353674 0.44818 0.457196 0.50592 0.403957 0.397372 0.385287 0.435353
0.353674 0.44818 0.456642 0.50592 0.403984 0.397372 0.385452 0.435322
0.353674 0.44818 0.456221 0.505498 0.404074 0.397372 0.385393 0.435322
0.353674 0.44818 0.456221 0.505498 0.404255 0.397495 0.385522 0.435322
0.353674 0.44818 0.456262 0.505498 0.403642 0.397158 0.38578 0.435445
0.353674 0.44818 0.456262 0.505498 0.403336 0.397158 0.385649 0.435338
0.353371 0.44818 0.456262 0.505498 0.403333 0.396974 0.38559 0.435338
0.353648 0.44828 0.456342 0.505498 0.40315 0.396974 0.385719 0.435338
0.353648 0.44828 0.456132 0.505498 0.403177 0.396867 0.385788 0.435338
0.353648 0.44828 0.455923 0.505498 0.403206 0.396867 0.385823 0.435384
0.353648 0.44828 0.456422 0.505603 0.403236 0.396867 0.385917 0.435384
0.353496 0.44828 0.456293 0.505603 0.403021 0.39676 0.385952 0.435384
0.353496 0.44828 0.456293 0.505603 0.402958 0.39676 0.385845 0.435353
0.353193 0.44828 0.456293 0.505603 0.402866 0.396653 0.385669 0.435353
0.353193 0.44828 0.456373 0.505603 0.403226 0.396653 0.385714 0.435245
0.353193 0.44828 0.456621 0.505708 0.403165 0.396653 0.385808 0.435245
0.353042 0.44828 0.456869 0.505708 0.403012 0.396699 0.386122 0.435245
0.35274 0.44828 0.456661 0.505708 0.402769 0.396699 0.386191 0.435445
0.35274 0.44828 0.456076 0.505708 0.402406 0.396363 0.386026 0.435445
0.35274 0.44828 0.456076 0.505708 0.402285 0.396363 0.385909 0.435261
0.352589 0.44828 0.456076 0.505708 0.401802 0.396028 0.386013 0.435261
0.353419 0.448048 0.456076 0.505708 0.401199 0.395694 0.385989 0.435261
0.353695 0.448048 0.456076 0.505708 0.401139 0.395694 0.386082 0.435307
0.354247 0.448048 0.456076 0.505708 0.400599 0.39536 0.385732 0.435307
0.354096 0.448048 0.456076 0.505708 0.400299 0.39536 0.385498 0.434971
0.354096 0.448048 0.456076 0.505708 0.4 0.395026 0.385417 0.434971
0.354468 0.448313 0.456076 0.505708 0.399761 0.395026 0.385695 0.434971
0.354592 0.448313 0.456076 0.505708 0.399761 0.395026 0.38552 0.43494
0.354866 0.448313 0.456076 0.505708 0.399701 0.394844 0.385462 0.43494
0.354839 0.448313 0.456571 0.505708 0.399851 0.39489 0.385751 0.43494
0.354839 0.448313 0.456364 0.505638 0.399851 0.39489 0.385751 0.43494
0.354839 0.448313 0.456364 0.505638 0.399851 0.39489 0.385843 0.435062
0.355235 0.448313 0.456364 0.505638 0.399851 0.394859 0.386131 0.435062
0.355235 0.448313 0.456364 0.505638 0.39994 0.394859 0.386165 0.435184
0.355235 0.448313 0.456364 0.505638 0.400149 0.39498 0.386302 0.435184
0.355235 0.448313 0.456364 0.505638 0.400238 0.39498 0.386336 0.43523
0.355085 0.448412 0.455949 0.505638 0.400356 0.39498 0.386312 0.43523
0.354934 0.448412 0.455822 0.505638 0.400445 0.395101 0.386173 0.43523
0.354934 0.448412 0.455822 0.505638 0.400326 0.395101 0.386057 0.435047
0.35488 0.448412 0.455862 0.505638 0.400504 0.395101 0.386377 0.435169
0.35473 0.448412 0.455862 0.505638 0.400593 0.395146 0.386469 0.435169
0.355002 0.448412 0.455656 0.505396 0.400533 0.395146 0.386469 0.435169
0.354852 0.448181 0.455656 0.505396 0.400474 0.395146 0.386411 0.435169
0.354852 0.448181 0.455902 0.505396 0.400592 0.395116 0.385949 0.434911
0.354649 0.448181 0.455079 0.505396 0.400502 0.395116 0.385373 0.434577
0.354649 0.448181 0.455079 0.505396 0.400443 0.395011 0.385316 0.434577
0.354622 0.447952 0.455079 0.505396 0.400266 0.395011 0.385177 0.434577
0.354622 0.447952 0.45512 0.505396 0.400207 0.395011 0.385097 0.434396
0.354622 0.447952 0.45512 0.505396 0.400295 0.394906 0.38528 0.434396
0.354866 0.447952 0.45512 0.505396 0.400736 0.395101 0.385291 0.434396
0.354866 0.447952 0.454914 0.505396 0.400618 0.395101 0.385565 0.434592
0.35442 0.447952 0.454914 0.505396 0.400882 0.395146 0.385702 0.434592
0.35442 0.447952 0.454914 0.505396 0.40097 0.395146 0.385736 0.434638
0.35469 0.447952 0.454955 0.505154 0.401 0.395146 0.385506 0.434638
0.35523 0.44805 0.45475 0.505154 0.400882 0.395146 0.385506 0.434638
0.355351 0.44805 0.454995 0.505154 0.400881 0.395116 0.38546 0.434457
0.355713 0.44805 0.454995 0.505154 0.400704 0.395116 0.38563 0.434502
0.355713 0.44805 0.454995 0.505154 0.400733 0.395011 0.385664 0.434502
0.355417 0.447985 0.454382 0.505154 0.400645 0.395011 0.385822 0.434502
0.355417 0.447985 0.454178 0.505154 0.400527 0.395011 0.385651 0.434472
0.355417 0.447985 0.454709 0.505085 0.400498 0.395011 0.385571 0.434472
0.355417 0.447985 0.454505 0.505085 0.400439 0.394832 0.385571 0.434472
0.355094 0.447985 0.453894 0.505085 0.400292 0.394727 0.385729 0.434472
0.355094 0.447985 0.453894 0.505085 0.400351 0.394727 0.385672 0.434442
0.355334 0.447985 0.45418 0.505085 0.4 0.394549 0.386136 0.434637
0.355334 0.447985 0.454018 0.504845 0.399883 0.394549 0.386407 0.434637
0.355334 0.447985 0.452402 0.504845 0.39965 0.394549 0.386156 0.434607
0.355187 0.447757 0.452 0.504093 0.399533 0.394549 0.38619 0.434607
0.355454 0.447757 0.452 0.504093 0.399563 0.394295 0.386133 0.434607
0.355454 0.447757 0.451799 0.504093 0.399243 0.394295 0.385735 0.434352
0.355454 0.447757 0.451799 0.504093 0.399127 0.394043 0.385622 0.434352
0.356255 0.447757 0.451799 0.504093 0.398924 0.394043 0.385463 0.434172
0.356255 0.447757 0.451799 0.504093 0.398692 0.39379 0.385383 0.434172
0.356255 0.447757 0.452043 0.504093 0.398229 0.39379 0.385484 0.434143
0.357054 0.447757 0.452043 0.504093 0.398113 0.393464 0.385574 0.434143
0.357025 0.44834 0.452328 0.504093 0.397882 0.393464 0.385551 0.434143
0.358086 0.44834 0.452328 0.504093 0.397536 0.393137 0.385472 0.434143
0.357938 0.44834 0.452328 0.504093 0.397479 0.393137 0.385359 0.434038
0.358848 0.448922 0.452128 0.504093 0.397018 0.393137 0.385257 0.434038
0.359111 0.448922 0.452128 0.504093 0.396961 0.392812 0.3852 0.434038
0.358964 0.448922 0.452128 0.504093 0.396846 0.392812 0.385088 0.433859
0.358522 0.448922 0.452128 0.504093 0.396387 0.392486 0.385109 0.433829
0.358197 0.448535 0.451927 0.504093 0.396158 0.392486 0.385446 0.433829
0.357757 0.448535 0.451727 0.504093 0.395872 0.392486 0.385569 0.434023
0.357757 0.448535 0.451527 0.504093 0.395815 0.392161 0.385546 0.434023
0.357757 0.448535 0.45177 0.504024 0.395758 0.392161 0.385546 0.434023
0.357873 0.448535 0.45137 0.504024 0.395416 0.392161 0.385735 0.434067
0.357873 0.448535 0.45137 0.504024 0.395245 0.391837 0.386003 0.434067
0.357989 0.448535 0.451855 0.504024 0.395017 0.391837 0.386192 0.43426
0.358252 0.448535 0.452339 0.504024 0.39482 0.391586 0.38638 0.43426
0.358252 0.448535 0.452339 0.504024 0.394707 0.391586 0.386357 0.434305
0.358252 0.448535 0.452381 0.504024 0.394397 0.391336 0.38611 0.434305
0.358514 0.448535 0.452622 0.504024 0.394427 0.391336 0.385942 0.434053
0.358514 0.448535 0.452423 0.504296 0.394718 0.391336 0.386008 0.434053
0.358514 0.448535 0.452423 0.504296 0.394835 0.391527 0.386252 0.434171
0.358514 0.448535 0.452905 0.504296 0.394842 0.391497 0.386761 0.434171
0.358514 0.448535 0.452905 0.504296 0.394842 0.391497 0.386705 0.434364
0.358367 0.448471 0.452905 0.504296 0.395076 0.391497 0.386748 0.434364
0.358367 0.448471 0.453146 0.504296 0.394993 0.391541 0.386724 0.434334
0.358337 0.448471 0.453626 0.504296 0.394827 0.391541 0.386888 0.434378
0.358045 0.448471 0.453626 0.504296 0.394714 0.391365 0.38692 0.434378
0.358045 0.448471 0.453626 0.504296 0.394489 0.391365 0.386906 0.434349
0.358045 0.448471 0.453427 0.504296 0.394579 0.391263 0.386684 0.434349
0.358567 0.448471 0.454386 0.505075 0.394812 0.391263 0.386893 0.434349
0.358567 0.448471 0.454386 0.505075 0.394928 0.391263 0.387069 0.434393
0.358567 0.448471 0.454386 0.505075 0.395014 0.391453 0.387013 0.434393
0.358682 0.448471 0.454267 0.505075 0.394846 0.391453 0.387518 0.434584
0.358537 0.448407 0.454068 0.505075 0.394789 0.391453 0.387462 0.434584
0.358391 0.448407 0.453671 0.505075 0.394651 0.391453 0.387822 0.434702
0.358391 0.448407 0.453712 0.504839 0.394595 0.391205 0.387854 0.434702
0.358506 0.448407 0.453712 0.504839 0.394542 0.391205 0.388126 0.434819
0.358506 0.448407 0.453712 0.504839 0.394744 0.391248 0.388102 0.434819
0.35836 0.448407 0.453514 0.504839 0.394864 0.391248 0.388286 0.434863
0.35836 0.448407 0.453514 0.504839 0.394752 0.391219 0.388207 0.434863
0.359141 0.448407 0.453554 0.504839 0.394983 0.391219 0.387874 0.434614
0.358704 0.448343 0.453554 0.504839 0.395098 0.391219 0.387819 0.434614
0.358704 0.448343 0.453554 0.504839 0.395184 0.391409 0.387764 0.434614
0.358964 0.448343 0.453595 0.504839 0.395415 0.391409 0.387607 0.434439
0.358674 0.448343 0.453873 0.504839 0.395332 0.391452 0.387584 0.434439
0.359419 0.448343 0.453873 0.504839 0.395365 0.391452 0.387624 0.434409
0.359274 0.448439 0.453676 0.504839 0.395395 0.391452 0.387624 0.434409
0.359274 0.448439 0.453676 0.504839 0.39548 0.391496 0.387624 0.434409
0.359532 0.448439 0.453478 0.504771 0.395483 0.391496 0.387459 0.434409
0.359646 0.448439 0.453125 0.504771 0.395487 0.391467 0.387129 0.434409
0.359646 0.448439 0.452928 0.504771 0.395487 0.391467 0.387074 0.434088
0.359839 0.448534 0.452536 0.504771 0.395604 0.391467 0.387234 0.434132
0.359839 0.448534 0.452536 0.504771 0.395634 0.39151 0.387234 0.434132
0.359551 0.448534 0.453247 0.504704 0.395522 0.39151 0.387179 0.434132
0.359663 0.448534 0.452659 0.504704 0.39547 0.39151 0.387535 0.434249
0.359663 0.448534 0.452659 0.504704 0.395499 0.391409 0.387599 0.434249
0.360689 0.448534 0.451877 0.504704 0.395306 0.391409 0.387836 0.434365
0.360544 0.448534 0.452114 0.504704 0.395365 0.391308 0.387781 0.434365
0.360544 0.448534 0.451919 0.504704 0.395483 0.391308 0.387571 0.434191
0.360544 0.448534 0.451919 0.504704 0.395652 0.391423 0.387516 0.434191
0.3604 0.448629 0.451919 0.504704 0.395737 0.391423 0.387461 0.434191
0.359537 0.448629 0.451724 0.504136 0.395825 0.391423 0.387242 0.434191
0.359394 0.448629 0.45153 0.504136 0.395658 0.391394 0.387274 0.434191
0.359394 0.448629 0.45153 0.504136 0.395827 0.391394 0.387165 0.433944
0.35925 0.448629 0.45153 0.504136 0.395385 0.391221 0.38766 0.433944
0.359506 0.448629 0.45153 0.504136 0.395469 0.391221 0.387606 0.434132
0.359761 0.44825 0.45153 0.504136 0.395414 0.391221 0.387551 0.434132
0.360239 0.44825 0.45153 0.504136 0.395333 0.391221 0.387764 0.434176
0.360239 0.44825 0.45153 0.504136 0.395112 0.391048 0.387709 0.434176
0.360239 0.44825 0.452043 0.504136 0.394895 0.391048 0.38764 0.434074
0.360239 0.44825 0.452043 0.504136 0.394979 0.390947 0.387586 0.434074
0.360095 0.44825 0.45189 0.504136 0.395122 0.390947 0.388219 0.434335
0.359952 0.44825 0.45189 0.504136 0.395265 0.391063 0.388336 0.434335
0.360064 0.44825 0.452125 0.504136 0.395103 0.391063 0.388515 0.43445
0.359921 0.448187 0.452125 0.504136 0.395048 0.391063 0.388547 0.43445
0.359921 0.448187 0.452125 0.504136 0.394993 0.39089 0.388492 0.43445
0.360175 0.448187 0.452125 0.504136 0.394828 0.39089 0.388811 0.434566
0.360175 0.448187 0.451931 0.504236 0.394719 0.39089 0.388897 0.434566
0.360285 0.448187 0.451737 0.504236 0.394583 0.390646 0.388959 0.434566
0.360396 0.448187 0.451737 0.504236 0.394839 0.390646 0.389246 0.434753
0.360507 0.448187 0.451737 0.504236 0.395007 0.390832 0.389447 0.434753
0.361012 0.448187 0.451779 0.504236 0.395149 0.390832 0.389679 0.43494
0.361265 0.448595 0.452248 0.504236 0.395178 0.390832 0.38971 0.43494
0.361265 0.448595 0.451668 0.504236 0.395152 0.390875 0.389771 0.43494
0.361265 0.448595 0.451668 0.504236 0.395043 0.390875 0.389833 0.434984
0.361627 0.448595 0.451475 0.504236 0.395021 0.390775 0.389816 0.434984
0.361627 0.448595 0.451282 0.504004 0.395188 0.390775 0.389847 0.434955
0.361627 0.448595 0.451282 0.504004 0.39522 0.390775 0.390278 0.435142
0.361627 0.448595 0.451282 0.504004 0.395166 0.390818 0.390224 0.435142
0.361451 0.448595 0.451324 0.504004 0.39506 0.390818 0.39043 0.435185
0.361451 0.448595 0.451324 0.504004 0.394897 0.390647 0.390376 0.435185
0.36156 0.448595 0.452026 0.504004 0.395041 0.390689 0.390136 0.435185
0.36156 0.448595 0.452026 0.504004 0.395041 0.390689 0.390305 0.435084
0.361811 0.448689 0.452026 0.504004 0.395041 0.390689 0.390305 0.435084
0.362922 0.448689 0.452259 0.504004 0.395186 0.390732 0.390311 0.435084
0.363529 0.449249 0.452259 0.504004 0.395269 0.390732 0.390426 0.435084
0.364277 0.449249 0.452259 0.504004 0.395326 0.390732 0.390456 0.435127
0.364632 0.449249 0.452259 0.504004 0.395467 0.390846 0.390547 0.435127
0.364881 0.449249 0.452533 0.504004 0.395607 0.390846 0.390331 0.435027
0.364738 0.449249 0.452533 0.504004 0.395336 0.390747 0.390308 0.435027
0.365234 0.449809 0.452533 0.504004 0.395228 0.390747 0.390254 0.435027
0.365055 0.449809 0.452766 0.5046 0.395173 0.390747 0.390039 0.435027
0.364912 0.449809 0.453271 0.5046 0.395119 0.390747 0.390207 0.434927
0.365407 0.449809 0.453503 0.5046 0.395205 0.390647 0.389884 0.434927
0.365265 0.449809 0.453311 0.5046 0.394773 0.390647 0.39022 0.434899
0.365265 0.449809 0.453311 0.5046 0.394665 0.390335 0.390113 0.434899
0.36537 0.449747 0.453311 0.5046 0.394665 0.390335 0.390006 0.434899
0.366848 0.449747 0.453118 0.5046 0.394589 0.390335 0.390096 0.434799
0.367339 0.449747 0.453118 0.5046 0.394672 0.390306 0.390043 0.434799
0.367442 0.450457 0.453118 0.5046 0.394618 0.390306 0.389989 0.434799
0.367299 0.450457 0.453158 0.5046 0.394568 0.390306 0.390522 0.434984
0.367545 0.450457 0.452966 0.504699 0.394816 0.390349 0.390552 0.434984
0.367118 0.450457 0.452966 0.504699 0.394766 0.390349 0.390535 0.434956
0.367852 0.450457 0.452391 0.504699 0.394959 0.390391 0.390535 0.434956
0.367954 0.45055 0.452391 0.504699 0.394905 0.390391 0.390481 0.434956
0.367954 0.45055 0.451667 0.504699 0.394558 0.390151 0.390053 0.434956
0.367954 0.45055 0.451477 0.504139 0.39464 0.390151 0.390053 0.434956
0.367954 0.45055 0.451708 0.504139 0.394587 0.390151 0.39 0.434643
0.368299 0.45055 0.451599 0.504139 0.39459 0.390151 0.389603 0.434401
0.368543 0.45055 0.45164 0.504139 0.394565 0.390123 0.38939 0.434401
0.368502 0.45055 0.45164 0.504139 0.394404 0.390123 0.389208 0.43416
0.368502 0.45055 0.451261 0.504074 0.394433 0.390123 0.389154 0.43416
0.368462 0.450642 0.450882 0.504074 0.394219 0.390123 0.389245 0.43416
0.368704 0.450642 0.450882 0.504074 0.394166 0.389883 0.389192 0.43416
0.368805 0.450642 0.451342 0.504074 0.394112 0.389883 0.389222 0.434132
0.369148 0.450642 0.451883 0.504335 0.393685 0.389883 0.389313 0.434132
0.369148 0.450642 0.451883 0.504335 0.393631 0.389573 0.389396 0.434132
0.36939 0.450642 0.451883 0.504335 0.39366 0.389573 0.38951 0.434245
0.369732 0.45104 0.452112 0.504335 0.393771 0.389573 0.389381 0.434245
0.369973 0.45104 0.452799 0.504335 0.394017 0.389573 0.389524 0.434217
0.369973 0.45104 0.452799 0.504335 0.394181 0.389826 0.389471 0.434217
0.370214 0.45104 0.45246 0.504335 0.394349 0.389826 0.390082 0.434471
0.370073 0.45104 0.452689 0.504335 0.394324 0.389868 0.390005 0.434471
0.370073 0.45104 0.452689 0.504335 0.394381 0.389868 0.390095 0.434443
0.370271 0.45104 0.4525 0.504596 0.394602 0.389981 0.390155 0.434443
0.370229 0.451131 0.4525 0.504596 0.394684 0.389981 0.390155 0.434443
0.370328 0.451131 0.452123 0.504596 0.395038 0.389981 0.390379 0.434556
0.370384 0.451131 0.451935 0.504596 0.395283 0.390304 0.390409 0.434556
0.370103 0.451131 0.452163 0.504596 0.395559 0.390416 0.390581 0.434556
0.370103 0.451131 0.452163 0.504596 0.395505 0.390416 0.390528 0.434598
0.370103 0.451131 0.452163 0.504596 0.395296 0.390248 0.390158 0.434598
0.369962 0.450918 0.452163 0.504596 0.395324 0.390248 0.390158 0.434598
0.369821 0.450918 0.452163 0.504596 0.395299 0.390248 0.39 0.434289
0.369681 0.450918 0.452163 0.504596 0.395302 0.39022 0.389737 0.434289
0.369639 0.450918 0.452618 0.504596 0.395492 0.39022 0.389474 0.433979
0.370833 0.451161 0.45247 0.504596 0.395601 0.39022 0.389645 0.433979
0.371072 0.451161 0.452282 0.504531 0.395601 0.39022 0.389728 0.433979
0.370931 0.451161 0.451533 0.504531 0.39571 0.390402 0.389623 0.434021
0.371029 0.451161 0.450413 0.503818 0.395928 0.390402 0.389547 0.434021
0.371601 0.451161 0.450413 0.503818 0.396118 0.390583 0.38963 0.434021
0.371601 0.451161 0.450227 0.503818 0.396307 0.390583 0.389367 0.433853
0.371321 0.451252 0.450041 0.503818 0.39631 0.390583 0.389479 0.433853
0.371321 0.451252 0.450041 0.503818 0.39639 0.390695 0.389479 0.433853
0.371891 0.451252 0.450165 0.503818 0.396662 0.390806 0.389457 0.433853
0.371708 0.451252 0.450206 0.503754 0.396745 0.390806 0.3893 0.433853
0.371708 0.451252 0.450206 0.503754 0.396745 0.390806 0.389247 0.433755
0.371568 0.451252 0.450021 0.503754 0.396667 0.390779 0.388986 0.433755
0.371805 0.451343 0.450021 0.503754 0.396747 0.390779 0.389068 0.433755
0.371622 0.451343 0.449836 0.503754 0.396722 0.390779 0.388993 0.433587
0.371482 0.451343 0.449836 0.503754 0.397204 0.391029 0.38871 0.433587
0.371482 0.451343 0.449836 0.503754 0.397231 0.391029 0.388606 0.433349
0.371814 0.451343 0.449466 0.503754 0.397606 0.39121 0.388138 0.433349
0.371814 0.451343 0.449466 0.503754 0.397767 0.39121 0.388086 0.433042
0.371814 0.451343 0.449466 0.503754 0.397742 0.391251 0.387619 0.433042
0.371814 0.451343 0.449466 0.503754 0.397822 0.391251 0.387567 0.432735
0.371814 0.451343 0.449466 0.503754 0.397613 0.391154 0.38736 0.432735
0.372049 0.451343 0.449466 0.503754 0.397191 0.391154 0.387183 0.432498
0.372049 0.451343 0.449692 0.503754 0.397086 0.390849 0.387131 0.432498
0.37191 0.451282 0.449733 0.503754 0.396718 0.390849 0.38677 0.432498
0.371632 0.451282 0.449733 0.503754 0.396561 0.390545 0.386667 0.432192
0.371632 0.451282 0.449364 0.503754 0.396037 0.39024 0.386573 0.432192
0.371632 0.451282 0.449364 0.503754 0.395985 0.39024 0.386551 0.432094
0.371632 0.451282 0.449364 0.503754 0.395515 0.389936 0.386457 0.432094
0.371632 0.451282 0.449364 0.503754 0.395462 0.389936 0.386436 0.431997
0.371728 0.451282 0.44959 0.503528 0.39515 0.389936 0.386394 0.431997
0.371589 0.451282 0.450266 0.503528 0.394993 0.389633 0.386424 0.431997
0.371824 0.451282 0.450082 0.503528 0.394889 0.389633 0.386454 0.431969
0.372388 0.451372 0.450082 0.503528 0.394526 0.389633 0.386514 0.431969
0.372622 0.451372 0.450082 0.503528 0.394474 0.389329 0.386596 0.431969
0.372812 0.451372 0.450082 0.503528 0.394111 0.389329 0.386605 0.432011
0.372534 0.451372 0.450082 0.503528 0.393955 0.389026 0.386849 0.432011
0.372491 0.451313 0.450082 0.503528 0.393904 0.389026 0.386909 0.432011
0.372491 0.451313 0.450531 0.503528 0.393852 0.389026 0.386887 0.432122
0.372491 0.451313 0.450612 0.503946 0.393593 0.389026 0.386999 0.432122
0.372491 0.451313 0.450653 0.503946 0.393438 0.388724 0.38711 0.432122
0.372491 0.451313 0.4511 0.503946 0.393283 0.388724 0.387037 0.432163
0.372352 0.451313 0.450733 0.503946 0.392923 0.388421 0.387442 0.432163
0.372774 0.451313 0.450733 0.503946 0.392563 0.388421 0.387318 0.432274
0.372869 0.451313 0.450733 0.503946 0.392408 0.388119 0.387195 0.432274
0.373333 0.451551 0.450733 0.503946 0.392408 0.388119 0.387356 0.432274
0.373333 0.451551 0.450733 0.503946 0.392357 0.388119 0.387467 0.432315
0.373151 0.451551 0.45 0.503722 0.392254 0.388119 0.387263 0.432315
0.373013 0.451551 0.450447 0.503722 0.392283 0.388119 0.386957 0.432012
0.373013 0.451551 0.450893 0.503722 0.392026 0.387886 0.386702 0.432012
0.372737 0.451551 0.451116 0.503722 0.392003 0.387886 0.386579 0.431777
0.372325 0.451045 0.451116 0.503722 0.392162 0.387886 0.386426 0.431777
0.372838 0.451045 0.451378 0.503722 0.392428 0.388064 0.386274 0.431777
0.372838 0.451045 0.451417 0.504296 0.392932 0.388064 0.386122 0.431777
0.372838 0.451045 0.451417 0.504296 0.392932 0.388064 0.386071 0.431474
0.372838 0.451045 0.451417 0.504296 0.392829 0.388242 0.385919 0.431474
0.372563 0.451045 0.451639 0.504296 0.393253 0.388242 0.385564 0.431171
0.372794 0.451134 0.451861 0.504296 0.393411 0.388242 0.385574 0.431171
0.372794 0.451134 0.451861 0.504296 0.39349 0.388557 0.385604 0.431171
0.372794 0.451134 0.451861 0.504296 0.393387 0.388557 0.385583 0.431144
0.373255 0.451134 0.452564 0.504296 0.393758 0.388666 0.385885 0.431144
0.373255 0.451134 0.452419 0.504709 0.393735 0.388666 0.386126 0.431391
0.3739 0.451134 0.452314 0.504709 0.393428 0.388666 0.386144 0.431364
0.3739 0.451134 0.452314 0.504709 0.393506 0.388502 0.386093 0.431364
0.3739 0.451134 0.45261 0.504805 0.393613 0.388502 0.385992 0.431364
0.3739 0.451134 0.452285 0.504805 0.393645 0.388543 0.386031 0.431268
0.373626 0.451371 0.452762 0.504805 0.393912 0.388652 0.385679 0.431268
0.374085 0.451371 0.452762 0.504805 0.393939 0.388652 0.385658 0.431035
0.374085 0.451371 0.4528 0.504899 0.394073 0.388652 0.385558 0.431035
0.374085 0.451371 0.4528 0.504899 0.394049 0.388693 0.385588 0.431035
0.373948 0.451371 0.4528 0.504899 0.393849 0.388693 0.385937 0.431144
0.373948 0.451371 0.452619 0.504899 0.393798 0.38853 0.386017 0.431144
0.373948 0.451371 0.452875 0.504899 0.393548 0.388367 0.385976 0.431144
0.37363 0.451371 0.452695 0.504899 0.393474 0.388367 0.385826 0.431049
0.373723 0.451312 0.452695 0.504899 0.39358 0.388367 0.386015 0.431049
0.373678 0.451312 0.452913 0.504899 0.393557 0.388339 0.386045 0.431049
0.373542 0.451312 0.453567 0.504899 0.393612 0.388339 0.386104 0.431158
0.373542 0.451312 0.453785 0.505309 0.393768 0.388339 0.386054 0.431158
0.373542 0.451312 0.45422 0.505309 0.393694 0.38838 0.385853 0.431158
0.373726 0.451312 0.453858 0.505309 0.39401 0.38838 0.385603 0.430858
0.373726 0.451312 0.453858 0.505309 0.394087 0.388556 0.385603 0.430858
0.373726 0.451312 0.453858 0.505309 0.394196 0.388556 0.385881 0.430967
0.373726 0.451312 0.453858 0.505309 0.394223 0.388597 0.38594 0.430967
0.373455 0.451106 0.453858 0.505309 0.3942 0.388597 0.385969 0.430967
0.373319 0.451106 0.453678 0.505309 0.394538 0.388597 0.385899 0.43094
0.373183 0.451106 0.453895 0.505309 0.394487 0.388705 0.385899 0.43094
0.372777 0.451106 0.454365 0.505561 0.394184 0.388705 0.385759 0.43094
0.372642 0.451106 0.454365 0.505561 0.394083 0.388705 0.385788 0.430844
0.372642 0.451106 0.454365 0.505561 0.393982 0.388408 0.385718 0.430844
0.372642 0.451106 0.454653 0.505561 0.393579 0.388408 0.385677 0.430749
0.372642 0.451106 0.454653 0.505561 0.393478 0.388111 0.385707 0.430749
0.372506 0.451106 0.455336 0.505968 0.393177 0.388111 0.385816 0.430749
0.372506 0.451106 0.455336 0.505968 0.392976 0.387814 0.386003 0.430749
0.372506 0.451106 0.455336 0.505968 0.392976 0.387814 0.385954 0.430858
0.372599 0.451106 0.454797 0.505968 0.392675 0.387814 0.386358 0.431034
0.372599 0.451106 0.454797 0.505968 0.392602 0.387585 0.386595 0.431034
0.372464 0.450607 0.454797 0.505968 0.392661 0.387585 0.38686 0.431034
0.372464 0.450607 0.454797 0.505968 0.392739 0.387625 0.38686 0.431034
0.372464 0.450607 0.454797 0.505968 0.392816 0.387625 0.387018 0.431346
0.372421 0.450607 0.454797 0.505968 0.392875 0.387666 0.387184 0.431346
0.372421 0.450607 0.454797 0.505968 0.392775 0.387666 0.387291 0.431454
0.373329 0.450607 0.454617 0.505968 0.392376 0.38737 0.387378 0.431454
0.373646 0.450987 0.455047 0.505968 0.392403 0.38737 0.387279 0.431454
0.373511 0.450987 0.455262 0.505968 0.392354 0.38737 0.387179 0.431359
0.373603 0.450987 0.455477 0.505968 0.392513 0.387411 0.386783 0.431359
0.373468 0.450987 0.455477 0.505968 0.39254 0.387411 0.38694 0.431197
0.373333 0.450987 0.455906 0.506218 0.39254 0.387411 0.38689 0.431197
0.373333 0.450987 0.45612 0.506218 0.392522 0.387384 0.3868 0.431197
0.373333 0.450987 0.45612 0.506218 0.392423 0.387384 0.386701 0.431035
0.373333 0.450987 0.455403 0.506218 0.392125 0.387384 0.386718 0.431008
0.373333 0.450987 0.455403 0.506218 0.392152 0.387156 0.386825 0.431008
0.373333 0.450987 0.456044 0.506218 0.392415 0.387263 0.386529 0.431008
0.373333 0.450987 0.456044 0.506218 0.392365 0.387263 0.386607 0.430914
0.373333 0.450987 0.455686 0.506156 0.392293 0.387263 0.386636 0.430914
0.373333 0.450987 0.455151 0.506156 0.392551 0.387303 0.386517 0.430914
0.373064 0.450987 0.455186 0.506156 0.392731 0.387303 0.386497 0.43082
0.373064 0.450987 0.455008 0.506156 0.392812 0.38741 0.38628 0.43082
0.372796 0.450987 0.45483 0.506156 0.39274 0.38741 0.38626 0.430658
0.372796 0.450987 0.454688 0.505783 0.39292 0.38741 0.386112 0.430658
0.372662 0.450491 0.4549 0.505783 0.39292 0.38741 0.38619 0.430658
0.372753 0.450491 0.454936 0.505783 0.392947 0.38745 0.38615 0.430564
0.372753 0.450491 0.454475 0.505721 0.39288 0.38745 0.386061 0.430564
0.372753 0.450491 0.454475 0.505721 0.39283 0.387357 0.386061 0.430564
0.372577 0.450491 0.454475 0.505721 0.392583 0.387357 0.386041 0.43047
0.372577 0.450491 0.45451 0.505721 0.392462 0.38713 0.385845 0.43047
0.372577 0.450491 0.454157 0.505721 0.392194 0.38713 0.385805 0.43031
0.372894 0.450491 0.454157 0.505721 0.392095 0.386904 0.385834 0.43031
0.37276 0.450432 0.454157 0.505721 0.392095 0.386904 0.385989 0.43031
0.372766 0.450432 0.453804 0.505721 0.391702 0.386904 0.385949 0.43035
0.372766 0.450432 0.453628 0.505721 0.391729 0.386678 0.38626 0.43035
0.372857 0.450374 0.453452 0.505721 0.391756 0.386678 0.386114 0.43035
0.373081 0.450374 0.453452 0.505721 0.39156 0.386678 0.386346 0.430524
0.373081 0.450374 0.453452 0.505721 0.391364 0.386452 0.386326 0.430524
0.372375 0.450374 0.453452 0.505721 0.391071 0.386452 0.386742 0.430698
0.372375 0.450374 0.453452 0.505721 0.391125 0.386293 0.386751 0.430698
0.372242 0.450027 0.453276 0.505721 0.391027 0.386293 0.386828 0.430698
0.372027 0.450027 0.453276 0.505721 0.39106 0.386293 0.386759 0.430671
0.372027 0.450027 0.453276 0.505721 0.391136 0.386266 0.386759 0.430671
0.371986 0.449824 0.453276 0.505721 0.391294 0.386266 0.386621 0.430671
0.371986 0.449824 0.453101 0.505196 0.391294 0.386266 0.386621 0.430671
0.371854 0.449824 0.452575 0.505196 0.391521 0.386439 0.386776 0.430644
0.371196 0.449824 0.452648 0.505196 0.391283 0.38628 0.386541 0.430484
0.371156 0.449824 0.452648 0.505196 0.391564 0.38628 0.386055 0.430191
0.371156 0.449824 0.452684 0.505196 0.391542 0.386386 0.385764 0.430191
0.371156 0.449824 0.45251 0.50498 0.391618 0.386386 0.385764 0.430191
0.371025 0.449334 0.45216 0.50498 0.391499 0.386386 0.385716 0.430191
0.370985 0.449334 0.452372 0.50498 0.391553 0.386359 0.385619 0.430191
0.370985 0.449334 0.452372 0.50498 0.391553 0.386359 0.385571 0.429898
0.370985 0.449334 0.452794 0.50498 0.391634 0.386359 0.385088 0.429606
0.370985 0.449334 0.452097 0.50498 0.391811 0.386465 0.384798 0.429606
0.370985 0.449334 0.452097 0.50498 0.391962 0.386465 0.384606 0.429314
0.370985 0.449334 0.452308 0.504919 0.392038 0.386465 0.384606 0.429314
0.370985 0.449334 0.452034 0.504919 0.392193 0.386636 0.38451 0.429314
0.370985 0.449334 0.452874 0.505164 0.392375 0.386636 0.384221 0.429314
0.370854 0.449334 0.453083 0.505164 0.392375 0.386636 0.384125 0.429022
0.371076 0.449334 0.453083 0.505164 0.39245 0.386742 0.384029 0.429022
0.370775 0.449133 0.453083 0.505164 0.392552 0.386742 0.383741 0.429022
0.370956 0.449133 0.453083 0.505164 0.392853 0.386742 0.383645 0.42873
0.370956 0.449133 0.453292 0.505164 0.392831 0.386913 0.383598 0.42873
0.370956 0.449133 0.453537 0.505164 0.39254 0.386913 0.383167 0.428439
0.370956 0.449133 0.453537 0.505164 0.392346 0.386623 0.383024 0.428439
0.371228 0.449219 0.453537 0.505164 0.392179 0.386623 0.382833 0.428439
0.371098 0.449219 0.45458 0.505866 0.392034 0.386623 0.382738 0.428439
0.371098 0.449219 0.454407 0.505866 0.391985 0.3864 0.382738 0.428439
0.371098 0.449219 0.454823 0.505866 0.391889 0.3864 0.38269 0.428147
0.371539 0.449219 0.455133 0.50611 0.391819 0.3864 0.382499 0.428147
0.371759 0.449219 0.45534 0.50611 0.391995 0.386374 0.382261 0.428147
0.371759 0.449219 0.45534 0.50611 0.39207 0.386374 0.382214 0.427857
0.370979 0.449018 0.45534 0.50611 0.392005 0.386348 0.381834 0.427857
0.37072 0.449018 0.455754 0.50611 0.392031 0.386348 0.381739 0.427566
0.37094 0.449018 0.455754 0.50611 0.391865 0.386348 0.381266 0.427276
0.37081 0.449018 0.455961 0.50611 0.391892 0.386256 0.381218 0.427276
0.370642 0.449018 0.455476 0.50611 0.391902 0.38623 0.380793 0.426986
0.370642 0.449018 0.455682 0.506353 0.392051 0.38623 0.380604 0.426986
0.370642 0.449018 0.455682 0.506353 0.392082 0.38623 0.380322 0.426696
0.370642 0.449018 0.455682 0.506353 0.392157 0.386334 0.380275 0.426696
0.370732 0.448819 0.455682 0.506353 0.392109 0.386334 0.380181 0.426696
0.370435 0.448819 0.455026 0.506353 0.391922 0.386178 0.379946 0.426696
0.370435 0.448819 0.455026 0.506353 0.391874 0.386178 0.379852 0.426406
0.370744 0.448819 0.454717 0.50599 0.391874 0.386178 0.379894 0.426406
0.370486 0.44862 0.45458 0.50599 0.391975 0.386178 0.37997 0.426406
0.370358 0.44862 0.454408 0.50599 0.392049 0.386178 0.379877 0.42638
0.370666 0.44862 0.454408 0.50599 0.392176 0.386282 0.379872 0.42638
0.370537 0.44862 0.454237 0.50599 0.392229 0.386282 0.380025 0.426419
0.370934 0.448705 0.454066 0.50599 0.39243 0.386386 0.379914 0.426419
0.37055 0.448705 0.453554 0.50599 0.392387 0.386386 0.379803 0.426262
0.37055 0.448705 0.453554 0.50599 0.392317 0.386295 0.379709 0.426262
0.370767 0.448705 0.453383 0.505476 0.392317 0.386295 0.379663 0.426262
0.370345 0.448365 0.453043 0.505476 0.392296 0.386295 0.379429 0.426262
0.370779 0.448365 0.453043 0.505476 0.392444 0.386295 0.379336 0.425973
0.37074 0.448365 0.452703 0.505476 0.392374 0.386295 0.379115 0.425816
0.37074 0.448365 0.452703 0.505476 0.392448 0.386334 0.379115 0.425816
0.370829 0.448365 0.452533 0.505476 0.392457 0.386308 0.378697 0.425816
0.370829 0.448365 0.452533 0.505476 0.39241 0.386308 0.37865 0.425528
0.371045 0.448365 0.452533 0.505476 0.392831 0.386477 0.378372 0.425528
0.371045 0.448365 0.452363 0.505476 0.392736 0.386477 0.378186 0.425241
0.371134 0.448591 0.452568 0.505476 0.392593 0.386477 0.378216 0.425241
0.371223 0.448591 0.453184 0.505416 0.39274 0.386477 0.378077 0.425241
0.371223 0.448591 0.453593 0.505416 0.392718 0.386386 0.378091 0.425149
0.371223 0.448591 0.453423 0.505416 0.392727 0.38636 0.377965 0.425149
0.371223 0.448591 0.453662 0.505416 0.392827 0.38636 0.378117 0.425123
0.37084 0.448591 0.453697 0.505416 0.392857 0.386399 0.378038 0.425123
0.37084 0.448591 0.453731 0.505656 0.392762 0.386399 0.3779 0.424967
0.37084 0.448591 0.454139 0.505656 0.392987 0.386438 0.377577 0.424967
0.37084 0.448591 0.454139 0.505656 0.393013 0.386438 0.377561 0.424745
0.370675 0.448591 0.454376 0.505656 0.392801 0.386438 0.377588 0.424719
0.370675 0.448591 0.454376 0.505656 0.392874 0.386347 0.377542 0.424719
0.370675 0.448591 0.45539 0.506345 0.39281 0.386347 0.377632 0.424719
0.370675 0.448591 0.45539 0.506345 0.392883 0.386322 0.377783 0.424719
0.370675 0.448591 0.45539 0.506345 0.392956 0.386322 0.377859 0.424823
0.370548 0.448253 0.455221 0.506345 0.393176 0.386322 0.377767 0.424823
0.370979 0.448253 0.456062 0.506345 0.393012 0.38636 0.377721 0.424823
0.370979 0.448253 0.455926 0.506584 0.393085 0.38636 0.377583 0.424823
0.370979 0.448253 0.455926 0.506584 0.393184 0.38636 0.377764 0.424732
0.370979 0.448253 0.455757 0.506584 0.39302 0.386334 0.377627 0.424732
0.370979 0.448253 0.45579 0.506584 0.392904 0.386334 0.377913 0.424771
0.37094 0.448253 0.456393 0.506584 0.392788 0.38618 0.377818 0.42468
0.371243 0.448253 0.456257 0.506584 0.392724 0.38618 0.378208 0.424849
0.371243 0.448253 0.456458 0.506822 0.392724 0.38618 0.378208 0.424849
0.371243 0.448253 0.456458 0.506822 0.392797 0.386154 0.378284 0.424849
0.371672 0.448618 0.456458 0.506822 0.392849 0.386154 0.378192 0.424849
0.371672 0.448618 0.456289 0.506822 0.393165 0.386321 0.378418 0.424849
0.371672 0.448618 0.456153 0.506822 0.393311 0.386321 0.378356 0.424888
0.371546 0.448618 0.456554 0.506822 0.393533 0.386488 0.378548 0.424888
0.371546 0.448618 0.456554 0.506822 0.393486 0.386488 0.378502 0.424926
0.371419 0.448618 0.456618 0.506911 0.393656 0.386488 0.37844 0.424926
0.371633 0.448618 0.456618 0.506911 0.393947 0.386488 0.378166 0.424707
0.371633 0.448618 0.456618 0.506911 0.3939 0.386655 0.378121 0.424707
0.371935 0.448618 0.456618 0.506911 0.394073 0.386655 0.377711 0.424423
0.371935 0.448618 0.456618 0.506911 0.394146 0.386758 0.377711 0.424423
0.371935 0.448618 0.456282 0.506911 0.394033 0.386668 0.377302 0.424423
0.371935 0.448618 0.456282 0.506911 0.394106 0.386668 0.377256 0.424139
0.372148 0.448618 0.455947 0.506911 0.394228 0.386668 0.377163 0.424049
0.372449 0.448842 0.45578 0.506911 0.394254 0.386668 0.377193 0.424049
0.372322 0.448842 0.45578 0.506911 0.394279 0.386771 0.377193 0.424049
0.372622 0.448842 0.456211 0.506911 0.394376 0.386771 0.377551 0.424216
0.372622 0.448842 0.45641 0.506852 0.394401 0.386771 0.3777 0.424216
0.372622 0.448842 0.457038 0.506852 0.394524 0.386873 0.377578 0.42419
0.372835 0.448842 0.457299 0.507236 0.394624 0.386873 0.377844 0.424293
0.372835 0.448842 0.457299 0.507236 0.394649 0.386911 0.377709 0.424293
0.372835 0.448842 0.457726 0.507236 0.394699 0.386911 0.377512 0.424075
0.373261 0.448842 0.457726 0.507236 0.394656 0.386886 0.377525 0.424075
0.373347 0.448842 0.457726 0.507236 0.394824 0.386886 0.377539 0.424049
0.373347 0.448842 0.457757 0.507236 0.394543 0.386797 0.377449 0.424049
0.37322 0.449066 0.457757 0.507236 0.394615 0.386797 0.377404 0.424049
0.372715 0.449066 0.457818 0.507472 0.394787 0.386899 0.377372 0.424049
0.372715 0.449066 0.457652 0.507472 0.394858 0.386899 0.377327 0.423895
0.372927 0.449066 0.457713 0.507472 0.394911 0.386937 0.377431 0.423895
0.373311 0.44901 0.457547 0.507472 0.394889 0.386937 0.37728 0.423895
0.373311 0.44901 0.457547 0.507472 0.394843 0.386937 0.377354 0.42387
0.373734 0.44901 0.457971 0.50756 0.394892 0.386937 0.377577 0.42387
0.373734 0.44901 0.457639 0.50756 0.395035 0.386975 0.377606 0.42387
0.373734 0.44901 0.457009 0.50756 0.395178 0.386975 0.3775 0.423908
0.373734 0.44901 0.457401 0.507355 0.395085 0.386975 0.377574 0.423908
0.374241 0.44901 0.457102 0.507355 0.395206 0.386975 0.377765 0.42401
0.374241 0.44901 0.456937 0.507355 0.395159 0.387013 0.377765 0.42401
0.374241 0.44901 0.456475 0.507004 0.395137 0.387013 0.377749 0.42401
0.374452 0.44901 0.456311 0.507004 0.395047 0.386924 0.377836 0.42401
0.374452 0.44901 0.456311 0.507004 0.395047 0.386924 0.37791 0.424049
0.374747 0.449511 0.456311 0.507004 0.394675 0.386924 0.377968 0.424049
0.374747 0.449511 0.455819 0.507004 0.394582 0.386645 0.377923 0.424049
0.374621 0.449511 0.455655 0.507004 0.394442 0.386645 0.378173 0.424151
0.37458 0.449511 0.455655 0.507004 0.394118 0.386366 0.378468 0.424151
0.37479 0.449511 0.456272 0.506946 0.394025 0.386366 0.378452 0.424151
0.375294 0.449511 0.456272 0.506946 0.393886 0.386366 0.378673 0.42438
0.375503 0.449733 0.456272 0.506946 0.393793 0.386366 0.378702 0.42438
0.375 0.449733 0.455946 0.506946 0.393655 0.386087 0.378804 0.42438
0.375628 0.449733 0.45614 0.506946 0.393331 0.386087 0.378935 0.424482
0.375628 0.449733 0.45614 0.506946 0.393192 0.385809 0.379066 0.424482
0.375628 0.449733 0.456335 0.506946 0.393054 0.385809 0.378842 0.424393
0.375837 0.449733 0.456429 0.507033 0.393083 0.38572 0.378675 0.424393
0.375837 0.449733 0.456429 0.507033 0.392991 0.38572 0.378749 0.424304
0.376254 0.449954 0.456623 0.507033 0.39302 0.38572 0.378436 0.424304
0.376463 0.449954 0.45646 0.507033 0.392974 0.385632 0.378391 0.424304
0.376463 0.449954 0.456491 0.507033 0.392999 0.385632 0.378302 0.424025
0.376962 0.449954 0.456522 0.507033 0.392865 0.385543 0.37827 0.424025
0.377585 0.449954 0.456359 0.507033 0.393107 0.385644 0.378372 0.424025
0.377333 0.450313 0.456034 0.507033 0.393087 0.385644 0.378445 0.424063
0.377289 0.450313 0.456034 0.507033 0.392928 0.385644 0.378235 0.423911
0.377289 0.450313 0.456228 0.506975 0.392928 0.385644 0.378235 0.423911
0.377289 0.450313 0.456228 0.506975 0.392882 0.385493 0.378308 0.423911
0.377453 0.450313 0.456228 0.506975 0.392745 0.385493 0.378378 0.423949
0.377453 0.450313 0.456065 0.506975 0.392424 0.385216 0.378274 0.423949
0.377453 0.450313 0.456259 0.506975 0.392287 0.385216 0.378286 0.42386
0.377453 0.450313 0.456259 0.506975 0.392084 0.385002 0.378283 0.42386
0.377866 0.450313 0.456259 0.506975 0.392038 0.385002 0.378312 0.423835
0.378073 0.450533 0.456097 0.506975 0.392038 0.385002 0.378312 0.423835
0.377778 0.450533 0.455773 0.506975 0.392558 0.385228 0.378499 0.423835
0.377778 0.450533 0.455966 0.506975 0.392558 0.385228 0.378571 0.423936
0.377778 0.450533 0.455835 0.506975 0.39238 0.385228 0.378947 0.4241
0.377778 0.450533 0.455835 0.506975 0.392334 0.385077 0.378903 0.4241
0.377527 0.450533 0.456028 0.506917 0.392268 0.385077 0.378931 0.4241
0.377527 0.450533 0.455705 0.506917 0.392111 0.384927 0.379149 0.4241
0.377527 0.450533 0.455705 0.506917 0.392186 0.384927 0.378972 0.424075
0.377527 0.450533 0.455705 0.506917 0.392121 0.384902 0.379117 0.424075
0.377402 0.450533 0.455898 0.506917 0.392241 0.384902 0.378996 0.424049
0.377277 0.450533 0.455898 0.506917 0.39213 0.384877 0.379053 0.424049
0.377277 0.450533 0.455898 0.506917 0.392039 0.384877 0.379254 0.42415
0.377277 0.450533 0.455898 0.506917 0.392139 0.384852 0.379355 0.42415
0.377152 0.450066 0.455898 0.506917 0.392118 0.384852 0.379266 0.42415
0.377358 0.450066 0.455898 0.506917 0.392284 0.384852 0.379511 0.424251
0.377565 0.450066 0.455898 0.506917 0.392379 0.384952 0.379467 0.424251
0.377646 0.450066 0.455575 0.506917 0.392478 0.384952 0.379186 0.424037
0.377646 0.450066 0.455768 0.506917 0.392618 0.385052 0.37901 0.424037
0.378013 0.450066 0.455607 0.506917 0.392808 0.385052 0.378746 0.423761
0.378218 0.450423 0.455607 0.506917 0.392762 0.385052 0.378746 0.423761
0.378218 0.450423 0.455607 0.506917 0.392972 0.385214 0.378774 0.423761
0.377968 0.450423 0.456184 0.507004 0.393067 0.385214 0.37883 0.423761
0.377844 0.450423 0.456184 0.507004 0.393022 0.385214 0.378886 0.423798
0.378049 0.450423 0.456184 0.507004 0.393326 0.385376 0.379462 0.423798
0.378049 0.450423 0.456023 0.507004 0.39335 0.385376 0.37949 0.424087
0.378049 0.450423 0.456023 0.507004 0.393563 0.385476 0.37943 0.424087
0.3778 0.450423 0.455924 0.507004 0.393616 0.385476 0.37963 0.424124
0.3778 0.450423 0.456116 0.507004 0.393685 0.385513 0.37963 0.424124
0.37788 0.450423 0.455634 0.506802 0.393804 0.385513 0.37957 0.424124
0.37788 0.450423 0.455825 0.506802 0.393693 0.385488 0.379438 0.424124
0.37788 0.450423 0.455856 0.506802 0.393787 0.385488 0.379538 0.424037
0.37788 0.450423 0.455727 0.506802 0.393471 0.385339 0.379852 0.424037
0.378289 0.450368 0.455727 0.506802 0.393426 0.385339 0.37988 0.424037
0.378494 0.450368 0.455727 0.506802 0.393381 0.385339 0.379908 0.424199
0.378574 0.450368 0.455758 0.506802 0.393225 0.385339 0.380046 0.424237
0.378654 0.450368 0.455789 0.506888 0.393249 0.38519 0.380002 0.424237
0.378733 0.450368 0.45531 0.506888 0.393461 0.38519 0.379954 0.424149
0.378733 0.450368 0.454991 0.506888 0.393486 0.385289 0.379982 0.424149
0.378733 0.450368 0.455404 0.506888 0.393355 0.385289 0.379747 0.424
0.378733 0.450368 0.455404 0.506888 0.393379 0.385203 0.379731 0.424
0.378813 0.450368 0.455404 0.506888 0.393289 0.385203 0.37954 0.42385
0.378813 0.450368 0.455245 0.506688 0.393358 0.385203 0.379639 0.42385
0.379016 0.450586 0.455245 0.506688 0.393358 0.385203 0.379639 0.42385
0.379016 0.450586 0.455245 0.506688 0.393476 0.385203 0.379793 0.42395
0.379016 0.450586 0.455245 0.506688 0.393615 0.385302 0.379865 0.42395
0.379016 0.450586 0.454799 0.506688 0.393895 0.385302 0.380046 0.424049
0.379016 0.450586 0.454799 0.506688 0.393964 0.385463 0.380046 0.424049
0.378847 0.450586 0.454799 0.506688 0.394357 0.385463 0.37984 0.4239
0.378847 0.450586 0.454799 0.506688 0.394312 0.385623 0.379911 0.4239
0.379006 0.450586 0.454799 0.506688 0.394205 0.385537 0.380092 0.424
0.378758 0.450396 0.454799 0.506688 0.39416 0.385537 0.380119 0.424
0.378634 0.450396 0.454324 0.506688 0.394325 0.385574 0.380272 0.424
0.378634 0.450396 0.454324 0.506688 0.394325 0.385574 0.380343 0.424099
0.379524 0.450396 0.454324 0.506688 0.394331 0.385549 0.380708 0.42426
0.379277 0.450396 0.454007 0.506203 0.394197 0.385549 0.380648 0.42426
0.379277 0.450396 0.454007 0.506203 0.393998 0.38534 0.380589 0.42426
0.379277 0.450396 0.454007 0.506203 0.393909 0.38534 0.380616 0.424173
0.379277 0.450396 0.454071 0.506203 0.393754 0.38534 0.381207 0.424458
0.379277 0.450396 0.454071 0.506203 0.393665 0.38513 0.381278 0.424458
0.379153 0.450477 0.453755 0.506203 0.393576 0.38513 0.381332 0.424458
0.379355 0.450477 0.453125 0.505861 0.393669 0.38513 0.381543 0.424458
0.379355 0.450477 0.452968 0.505861 0.393737 0.38513 0.38157 0.424619
0.379108 0.450477 0.452968 0.505861 0.393898 0.385229 0.381483 0.424619
0.378862 0.450477 0.45319 0.505861 0.393789 0.385229 0.381136 0.424347
0.37837 0.450477 0.453569 0.505861 0.394018 0.385266 0.38092 0.424347
0.378247 0.450017 0.453569 0.505861 0.394018 0.385266 0.380877 0.424347
0.377511 0.450017 0.453758 0.505861 0.394134 0.385266 0.380931 0.424199
0.377023 0.449423 0.453601 0.505861 0.394134 0.385266 0.380915 0.424199
0.376779 0.449423 0.453287 0.505947 0.394045 0.385266 0.380915 0.424199
0.375928 0.449423 0.45313 0.505947 0.394025 0.385241 0.380925 0.424199
0.375806 0.44883 0.45313 0.505947 0.39398 0.385241 0.380882 0.424199
0.375685 0.44883 0.453697 0.505947 0.393892 0.385241 0.380839 0.424112
0.374839 0.44883 0.453761 0.505947 0.393919 0.385155 0.38092 0.424112
0.374598 0.448239 0.454138 0.506315 0.393943 0.385155 0.380834 0.424112
0.374357 0.448239 0.453981 0.506315 0.393943 0.385155 0.380747 0.424026
0.373517 0.448239 0.453981 0.506315 0.393745 0.385155 0.380769 0.424002
0.373517 0.448239 0.453981 0.506315 0.393701 0.385008 0.380839 0.424002
0.373397 0.447649 0.453825 0.506315 0.393657 0.385008 0.380823 0.424002
0.373163 0.447462 0.453825 0.506315 0.393391 0.385008 0.380904 0.424038
0.373163 0.447462 0.453825 0.506315 0.393258 0.384738 0.380775 0.424038
0.373363 0.447462 0.453825 0.506315 0.393038 0.384738 0.3807 0.423891
0.373363 0.447462 0.454013 0.506315 0.392817 0.384469 0.380727 0.423891
0.374004 0.447462 0.454233 0.506315 0.392733 0.384469 0.380496 0.423743
0.374004 0.447462 0.454233 0.506315 0.392601 0.384322 0.380453 0.423743
0.373885 0.447675 0.45442 0.506315 0.392449 0.384322 0.380561 0.423743
0.373885 0.447675 0.454452 0.506315 0.392361 0.384322 0.380631 0.42378
0.374085 0.447675 0.454452 0.506315 0.392385 0.384176 0.380658 0.42378
0.374881 0.447675 0.454452 0.506315 0.392214 0.384176 0.380877 0.423878
0.374881 0.447675 0.454452 0.506315 0.39217 0.384029 0.380835 0.423878
0.374841 0.447675 0.454452 0.506315 0.392019 0.384029 0.381236 0.424038
0.374603 0.447888 0.454452 0.506315 0.391975 0.384029 0.38115 0.424038
0.374365 0.447888 0.454452 0.506315 0.392067 0.383944 0.381359 0.424038
0.373654 0.447888 0.454452 0.506315 0.391979 0.383944 0.381481 0.424136
0.373418 0.447304 0.454452 0.506315 0.391892 0.383944 0.381508 0.424136
0.372946 0.447304 0.454639 0.506541 0.39194 0.383944 0.381535 0.424136
0.37271 0.447304 0.454639 0.506541 0.391964 0.383858 0.381743 0.424136
0.372475 0.447304 0.454889 0.506541 0.392056 0.383858 0.381614 0.424172
0.37224 0.446721 0.454889 0.506541 0.392037 0.383858 0.381572 0.424172
0.371654 0.446721 0.454889 0.506541 0.391973 0.383834 0.38147 0.424172
0.371186 0.446721 0.454889 0.506541 0.391886 0.383834 0.381523 0.424087
0.371069 0.446139 0.454889 0.506541 0.391954 0.383834 0.381592 0.424087
0.370254 0.446139 0.454919 0.506541 0.392205 0.383931 0.381714 0.424087
0.369906 0.445559 0.454919 0.506541 0.392205 0.383931 0.381698 0.424087
0.369674 0.445559 0.454919 0.506541 0.392205 0.383931 0.381655 0.424123
0.369096 0.445559 0.45495 0.506541 0.392436 0.384029 0.381511 0.424123
0.368981 0.445559 0.45495 0.506541 0.392416 0.384029 0.381453 0.423977
0.368865 0.445559 0.455137 0.506766 0.392421 0.384029 0.381197 0.423977
0.36875 0.44498 0.455137 0.506766 0.392377 0.384029 0.381197 0.423977
0.36875 0.44498 0.455137 0.506766 0.392333 0.383944 0.381154 0.423977
0.36852 0.44498 0.455137 0.506766 0.392333 0.383944 0.381027 0.423709
0.367601 0.444403 0.454856 0.506766 0.39227 0.383944 0.380857 0.423709
0.368159 0.444403 0.454266 0.506429 0.392009 0.383737 0.380687 0.423709
0.368437 0.444403 0.454266 0.506429 0.391878 0.383737 0.380602 0.423441
0.368323 0.444612 0.454266 0.506429 0.391878 0.383737 0.380602 0.423441
0.368764 0.444612 0.454483 0.506429 0.391574 0.38347 0.380475 0.423441
0.368764 0.444612 0.455041 0.506429 0.391516 0.38347 0.380401 0.423295
0.368764 0.444612 0.455041 0.506429 0.391584 0.383446 0.380401 0.423295
0.368649 0.444612 0.455226 0.506429 0.391925 0.383604 0.380799 0.423295
0.368649 0.444612 0.455226 0.506429 0.391992 0.383604 0.380756 0.423453
0.368649 0.444612 0.455226 0.506429 0.392218 0.383604 0.380444 0.423246
0.36904 0.444821 0.455226 0.506429 0.392309 0.383604 0.380318 0.423246
0.369236 0.444821 0.455412 0.506429 0.392376 0.383821 0.380318 0.423246
0.369236 0.444821 0.455102 0.506793 0.392443 0.383821 0.380318 0.423246
0.369511 0.444821 0.455318 0.506793 0.392605 0.383918 0.380397 0.423246
0.369511 0.444821 0.455318 0.506793 0.392605 0.383918 0.380466 0.423222
0.369478 0.444821 0.455163 0.506793 0.392589 0.383918 0.380377 0.423137
0.369444 0.4449 0.455008 0.506793 0.392656 0.383918 0.380514 0.423137
0.369444 0.4449 0.454854 0.506793 0.392723 0.383954 0.380514 0.423137
0.369444 0.4449 0.455039 0.506793 0.392704 0.383954 0.380399 0.423113
0.369103 0.4449 0.455039 0.506793 0.392511 0.383809 0.380357 0.423113
0.369103 0.4449 0.454576 0.506597 0.392625 0.383809 0.380494 0.423113
0.369103 0.4449 0.454607 0.506597 0.392849 0.383966 0.380547 0.423113
0.369103 0.4449 0.454607 0.506597 0.392849 0.383966 0.380531 0.423149
0.368729 0.4449 0.454515 0.506597 0.393187 0.384123 0.380526 0.423149
0.368615 0.444457 0.454515 0.506597 0.393277 0.384123 0.380552 0.423125
0.369325 0.444665 0.454361 0.506597 0.393414 0.384219 0.380726 0.423125
0.369212 0.444665 0.454361 0.506597 0.393371 0.384219 0.380684 0.423161
0.369212 0.444665 0.45473 0.506681 0.393417 0.384219 0.380779 0.423161
0.369099 0.444665 0.454944 0.506681 0.393531 0.384255 0.381052 0.423161
0.369099 0.444665 0.454944 0.506681 0.393511 0.384255 0.381257 0.423439
0.369179 0.444665 0.455128 0.506681 0.393538 0.384231 0.381351 0.423439
0.369259 0.444665 0.455496 0.506681 0.39374 0.384231 0.381388 0.423475
0.369259 0.444665 0.455342 0.506681 0.393764 0.384327 0.381482 0.423475
0.369452 0.444665 0.455526 0.506681 0.393876 0.384327 0.381188 0.423331
0.369452 0.444665 0.455892 0.507182 0.393814 0.384327 0.381073 0.423331
0.369452 0.444665 0.455892 0.507182 0.39377 0.384303 0.381141 0.423331
0.369452 0.444665 0.455892 0.507182 0.39377 0.384303 0.381209 0.423306
0.369532 0.444665 0.455892 0.507182 0.39345 0.3841 0.381439 0.423306
0.369419 0.444613 0.456105 0.507182 0.393473 0.3841 0.381381 0.423306
0.369419 0.444613 0.456288 0.507182 0.393539 0.3841 0.381449 0.423403
0.369499 0.444613 0.456134 0.507182 0.393827 0.3841 0.381689 0.423499
0.369691 0.444613 0.456134 0.507182 0.393784 0.384255 0.381647 0.423499
0.370732 0.445078 0.456011 0.507182 0.393791 0.384231 0.38149 0.423355
0.371194 0.445078 0.455858 0.507182 0.393362 0.383968 0.381281 0.423355
0.371194 0.445078 0.45604 0.507265 0.39332 0.383968 0.381239 0.423355
0.371194 0.445078 0.455917 0.507265 0.393277 0.383968 0.381182 0.423151
0.371159 0.445078 0.455611 0.507265 0.393412 0.383968 0.381202 0.423127
0.371159 0.445078 0.455611 0.507265 0.393478 0.384004 0.381202 0.423127
0.371046 0.445078 0.455489 0.507265 0.393614 0.384004 0.381441 0.423222
0.371046 0.445078 0.455184 0.506933 0.393745 0.384004 0.381534 0.423222
0.371046 0.445078 0.455184 0.506933 0.393811 0.384159 0.381534 0.423222
0.370821 0.445027 0.455184 0.506933 0.39364 0.384159 0.381326 0.423222
0.370595 0.445027 0.455184 0.506933 0.393729 0.384159 0.381243 0.423079
0.370595 0.445027 0.455184 0.506933 0.393709 0.384076 0.381269 0.423079
0.370674 0.445027 0.455184 0.506933 0.393499 0.383933 0.381264 0.423055
0.370303 0.444718 0.455184 0.506933 0.393634 0.383933 0.381367 0.423055
0.370303 0.444718 0.455032 0.506933 0.393549 0.383933 0.381284 0.423031
0.370303 0.444718 0.455032 0.506933 0.393506 0.383909 0.381351 0.423031
0.370303 0.444718 0.45491 0.506933 0.393405 0.383825 0.381279 0.423031
0.370303 0.444718 0.455274 0.506933 0.393363 0.383825 0.381413 0.423067
0.370572 0.444718 0.455304 0.506933 0.393521 0.383861 0.381775 0.423067
0.370651 0.444718 0.455304 0.506933 0.393632 0.383861 0.38165 0.423162
0.370651 0.444718 0.455304 0.506933 0.393743 0.383956 0.381769 0.423162
0.370651 0.444718 0.455 0.506878 0.393897 0.383956 0.381903 0.423162
0.370651 0.444718 0.45503 0.506878 0.393962 0.383956 0.382104 0.423377
0.370651 0.444718 0.454727 0.506878 0.393858 0.383992 0.382356 0.423377
0.370426 0.444718 0.455271 0.506878 0.393838 0.383992 0.382449 0.423532
0.370393 0.444667 0.455271 0.506878 0.393884 0.383992 0.382659 0.423532
0.370393 0.444667 0.45512 0.506878 0.393864 0.383968 0.382617 0.423532
0.370393 0.444667 0.45512 0.506878 0.393864 0.383968 0.382576 0.423568
0.370583 0.444667 0.454817 0.506823 0.39393 0.383968 0.382643 0.423568
0.370929 0.444667 0.454877 0.506823 0.394194 0.384122 0.382353 0.423568
0.371118 0.444667 0.454907 0.506823 0.394151 0.384122 0.382378 0.423425
0.371308 0.444667 0.454907 0.506823 0.394307 0.384158 0.382156 0.423425
0.371308 0.444667 0.454907 0.506823 0.394223 0.384158 0.382181 0.423282
0.371687 0.445128 0.455088 0.506823 0.394375 0.384158 0.38215 0.423282
0.371687 0.445128 0.455088 0.506823 0.394398 0.384158 0.382201 0.423258
0.371687 0.445128 0.455088 0.506823 0.394421 0.384193 0.382159 0.423258
0.371652 0.445128 0.455118 0.506823 0.394641 0.384288 0.382277 0.423258
0.37154 0.445128 0.455118 0.506823 0.394664 0.384288 0.382435 0.423353
0.37154 0.445128 0.455298 0.507042 0.394579 0.384288 0.382394 0.423353
0.371429 0.445128 0.455298 0.507042 0.394754 0.384323 0.382337 0.423353
0.371317 0.445128 0.455298 0.507042 0.394799 0.384323 0.382239 0.423211
0.371772 0.445076 0.455298 0.507042 0.394909 0.384323 0.382074 0.423211
0.371772 0.445076 0.455298 0.507042 0.394973 0.384418 0.382141 0.423211
0.371772 0.445076 0.455298 0.507042 0.395018 0.384418 0.382258 0.423187
0.37166 0.445076 0.455478 0.507042 0.395192 0.384512 0.382467 0.423187
0.371549 0.445076 0.455659 0.507042 0.395108 0.384512 0.382492 0.423282
0.371626 0.445076 0.455207 0.507042 0.395197 0.384489 0.382593 0.423282
0.371626 0.445076 0.455207 0.507042 0.395197 0.384489 0.382511 0.423258
0.371257 0.444771 0.455056 0.507042 0.394989 0.384347 0.382315 0.423116
0.371035 0.444771 0.455446 0.507125 0.394843 0.384347 0.382284 0.423116
0.370924 0.444771 0.455834 0.507125 0.39493 0.384347 0.382227 0.423034
0.370924 0.444771 0.455834 0.507125 0.394995 0.384324 0.382293 0.423034
0.370924 0.444771 0.455684 0.507125 0.39519 0.384324 0.382246 0.42301
0.370924 0.444771 0.455713 0.507125 0.395213 0.384418 0.382189 0.42301
0.3713 0.444771 0.455713 0.507125 0.395151 0.384418 0.382265 0.422987
0.3713 0.444771 0.455713 0.507125 0.395218 0.384394 0.382274 0.422987
0.371189 0.444771 0.455892 0.507125 0.395455 0.384394 0.382391 0.423022
0.371189 0.444771 0.455892 0.507125 0.395541 0.384547 0.38235 0.423022
0.371266 0.444771 0.455742 0.507125 0.39544 0.384465 0.38245 0.423022
0.371266 0.444771 0.455921 0.507343 0.395504 0.384465 0.382409 0.422998
0.371343 0.44472 0.455771 0.507343 0.395741 0.384465 0.382525 0.422998
0.371309 0.44472 0.455771 0.507343 0.395657 0.384559 0.382469 0.422998
0.371088 0.44472 0.455771 0.507343 0.395615 0.384559 0.382428 0.422975
0.371088 0.44472 0.455621 0.507343 0.395344 0.38436 0.38229 0.422975
0.371088 0.44472 0.455501 0.507343 0.395366 0.38436 0.382128 0.422775
0.371165 0.44472 0.455501 0.507343 0.39556 0.384453 0.382122 0.422775
0.371165 0.44472 0.455501 0.507343 0.395477 0.384453 0.38204 0.422693
0.371241 0.44472 0.45568 0.507343 0.395143 0.384196 0.382172 0.422693
0.371131 0.444542 0.45568 0.507343 0.395017 0.384196 0.38205 0.422693
0.371131 0.444542 0.45568 0.507343 0.394851 0.384196 0.382059 0.422669
0.371505 0.444542 0.455709 0.507343 0.394726 0.383939 0.382322 0.422669
0.371284 0.444542 0.455559 0.507343 0.394518 0.383939 0.382397 0.422822
0.371284 0.444542 0.45541 0.507152 0.394476 0.383939 0.382397 0.422822
0.371284 0.444542 0.45529 0.507152 0.394415 0.38374 0.382593 0.422822
