1.62166
1.62166
1.62166
2.69323
2.69602
2.55088
2.3373
3.82557
4.07283
4.04606
4.04606
3.07882
3.07882
3.07882
3.07882
1.9961
1.9961
2.78364
2.56475
2.56475
2.33527
2.795
3.46697
3.46697
3.64513
3.82626
3.80087
3.80087
3.80087
3.80087
3.80087
3.80087
1.28991
0.990466
0.990466
0.990466
0.990466
0.522727
0.522727
0.522727
0.522727
0.432933
0.432933
0.432933
0.247859
0.247859
0.247859
0.247859
0.247859
0.247859
0.247859
0.247859
0.403622
0.403622
0.403622
0.403622
0.787251
0.787251
1.20315
1.20315
0.885098
0.885098
0.885098
0.401059
0.401059
0.450858
0.450858
1.04407
1.04407
0.476217
0.476217
0.327267
0.327267
0.273069
0.273069
0.273069
0.273069
0.561887
0.561887
0.561887
0.561887
0.36969
0.36969
0.36969
0.36969
0.36969
0.36969
0.36969
0.36969
0.36969
0.558688
0.5111
0.5111
0.5111
0.5111
0.5111
0.5111
0.411371
0.262529
0.262529
