0 3 7 0 1 0 0 5 0 1 23 0 0 13 0 0 6 1 0 0 0 0 60
0 4 9 0 0 0 3 0 0 3 24 0 0 14 0 0 3 0 0 0 0 0 0 0 0 60
0 1 6 0 0 0 5 0 0 0 25 0 21 0 0 0 2 0 0 0 0 60
0 0 6 0 0 0 4 0 0 0 26 0 24 0 0 0 0 0 0 0 0 0 0 0 0 0 0 0 0 0 0 0 0 0 60
0 0 0 0 4 0 3 0 0 0 26 0 27 0 0 0 0 0 0 0 0 0 0 0 0 0 0 0 0 0 0 0 0 0 0 60
0 0 0 0 4 0 0 3 0 26 0 0 27 0 0 0 0 0 0 0 0 0 0 0 0 0 0 0 0 0 0 60
0 0 0 0 4 0 0 4 0 26 0 26 0 0 0 0 0 0 0 0 0 60
0 0 0 0 5 0 3 0 0 24 0 27 0 1 0 0 0 0 0 0 0 0 0 0 0 0 0 0 0 0 0 0 0 0 0 0 0 0 0 0 0 0 0 0 0 0 0 0 60
0 0 0 9 0 0 4 0 21 0 0 26 0 0 0 0 0 0 0 0 0 0 0 0 0 0 0 0 0 0 0 0 0 0 0 0 0 0 0 0 0 0 0 0 0 0 0 0 60
0 0 0 11 0 0 3 0 19 0 0 27 0 0 0 0 0 0 0 0 0 0 0 60
0 0 0 8 0 0 2 0 22 0 28 0 0 0 0 0 0 0 0 0 0 0 0 0 0 0 0 0 0 0 0 0 0 0 0 0 0 0 0 0 0 0 0 0 0 0 0 0 0 0 60
0 0 0 10 0 0 2 20 0 28 0 0 0 0 0 0 0 0 0 0 0 0 0 60
0 0 0 0 11 0 0 19 0 30 0 0 0 0 0 0 0 0 0 0 60
0 0 0 0 11 0 0 19 0 30 0 0 0 0 0 0 0 0 0 0 0 0 0 0 0 0 0 0 0 0 0 0 0 0 0 0 60
0 0 0 10 0 0 20 0 0 30 0 0 0 60
0 0 0 9 0 0 21 0 30 0 0 0 0 0 0 0 0 0 0 0 60
0 0 9 0 0 0 21 30 0 0 0 0 0 0 0 0 0 0 60
0 8 0 0 0 0 22 30 0 0 0 0 60
0 4 0 0 0 26 0 30 0 0 0 0 0 0 0 0 0 0 0 0 60
0 4 0 0 0 26 30 0 0 0 0 60
0 4 0 0 0 26 30 0 60
0 0 7 0 23 0 30 60
0 0 0 7 23 0 30 0 60
0 0 0 24 6 0 30 60
0 0 0 25 5 0 30 0 60
0 0 24 0 6 0 30 0 60
0 0 30 6 0 0 24 0 0 0 0 0 60
0 30 0 0 7 0 23 0 0 60
24 0 0 0 0 6 30 60
26 0 0 4 0 0 30 60
26 0 0 4 0 0 30 0 60
26 0 0 4 0 0 30 60
27 0 0 0 3 0 30 0 60
29 0 0 0 1 0 30 0 0 0 0 0 0 60
0 30 0 0 0 0 30 0 60
30 0 0 0 0 0 30 0 60
0 30 0 0 0 0 30 60
0 0 30 0 0 0 30 60
0 0 30 0 0 0 30 0 0 0 60
0 0 30 0 0 0 30 0 0 0 0 0 0 0 0 0 0 0 60
0 0 30 0 0 30 0 60
0 0 30 0 0 30 0 0 0 60
0 0 30 0 0 29 1 0 0 0 0 0 0 0 0 0 0 0 0 0 0 0 0 0 60
0 0 30 0 0 30 0 0 0 0 0 0 0 0 0 0 0 60
0 0 30 30 0 0 0 0 0 0 0 0 0 0 0 0 60
0 30 30 0 0 0 0 0 0 60
30 30 0 60
30 30 0 0 0 0 0 0 0 0 0 0 0 0 0 0 0 0 0 0 0 0 0 0 60
30 30 0 0 0 0 0 0 60
30 30 0 0 0 0 0 0 0 0 0 60
30 30 0 60
30 30 60
30 30 60
30 30 60
30 30 60
30 30 0 60
30 30 0 0 0 60
30 30 60
30 30 60
30 30 60
30 30 0 60
30 30 0 0 0 60
30 30 60
30 30 0 0 0 60
30 30 0 0 0 0 0 60
30 30 0 0 60
30 30 60
30 30 0 0 60
30 30 60
30 30 60
30 30 0 60
30 30 60
30 30 60
30 30 0 0 0 0 0 60
30 30 0 0 0 0 0 0 0 60
30 30 0 0 0 0 0 0 0 60
30 30 0 0 0 0 60
30 29 0 0 0 0 1 0 0 60
30 30 0 0 0 0 60
30 30 0 0 60
30 30 60
30 30 0 60
30 30 0 60
30 30 60
30 30 60
30 30 0 0 60
30 30 0 0 0 0 0 0 60
30 30 0 0 60
30 30 60
30 30 0 0 0 60
30 30 0 0 60
30 30 60
30 30 60
30 30 60
30 30 60
30 30 60
30 30 0 60
30 30 60
30 30 60
30 30 60
