0.0928727 0.0725638 0.0339459 0.0831854 0.0817987 0.0121182 0.0464964 0.0387285 0.0495798 0.0262812 0.0823374 0.00293849 0.0281174 0.0774721 0.0192082 0.0047495 0.0956378 0.0647306 0.055044 0.0256852 0.0046081 0.000543726 0.00077488
0.0974662 0.0526954 0.0542722 0.00196488 0.196796 0.000954606 0.0485767 0.07541 0.000690481 0.0121368 0.242871 0.026211 0.0159318 0.0540707 0.0145034 0.00321866 0.0557079 0.0104736 0.0319071 0.00150681 0.000472876 0.000986534 0.000617924 0.000179827
0.152493 0.0249826 0.00893259 0.0293771 0.514593 0.00172256 0.0192688 0.0224097 0.00320219 0.00275244 0.191043 0.000797199 0.000205267 0.00248317 0.00931826 0.0150431
0.213966 0.0047741 0.00851044 0.0013381 0.410798 0.0130819 0.0540617 0.0502993 0.00759467 0.18816 0.00387354 0.00113229 0.00177035 0.00322808 0.00538113 0.0307815
0.287026 0.00732833 0.00260595 0.0371975 0.422847 0.0602832 0.00355923 0.00394259 0.0128372 0.149259 0.00117496 0.0031523 0.00212787 0.00333857 0.00265186 5.47344e-05 0.000122174 0.00022826 6.17127e-05 9.17813e-05 1.49111e-05 6.25732e-06 2.73537e-05
0.196438 0.017381 0.0189969 0.0400509 0.444011 0.00561346 0.0573644 0.000426205 0.00218574 0.186115 0.00723216 0.00944069 0.00267987 0.000316529 0.0101236
0.180705 0.00759351 0.0228233 0.0275466 0.286754 0.0271099 0.00812196 0.0139895 0.366356 0.000522382 0.0125099 0.00523206 0.00458325 0.00186742 0.0227792 0.000987702 0.00463826 0.00451838 0.000300258 9.71932e-05 0.000121444 0.000489071
0.217957 0.0116263 0.00338691 0.0188438 0.368467 0.0056333 0.0236977 0.00230312 0.232678 0.0195293 0.0035507 0.00580407 0.0034866 0.0218163 0.0433328 0.00212844 0.0020928 0.000537038 0.00117365 0.00539869 0.000594466 0.000976375 0.000181541 0.00119589 0.000210301 0.000503908 0.000225779 0.000124611 0.000550528 3.72289e-05 0.000861718 3.27778e-05 7.49007e-05 2.74429e-05 0.000387908
0.171973 0.00684802 0.0132193 0.0169126 0.338898 0.00198929 0.00620837 0.0321215 0.194484 0.00495628 0.0195691 0.000303385 0.0434878 0.000589257 0.100888 0.00916584 0.0260651 0.00129198 0.00336237 0.00447278 0.000191507 0.000362089 0.000149229 8.52942e-05 0.000239825 0.000981285
0.268398 0.0161822 0.00341648 0.0135198 0.309314 0.00808065 0.0178088 0.0225698 0.216548 0.010933 0.0302406 0.00236841 0.00120444 0.00978722 0.0517451 0.00155511 0.00458582 0.00196406 0.00286581 0.000816232 0.00239292
0.243116 0.0230622 0.00171035 0.0479936 0.390861 0.001339 0.00363989 0.0185895 0.160152 0.0078299 0.000741833 0.0169061 0.00986573 0.000536111 0.0551165 0.00810609 0.00022535 4.8559e-05 0.0023889 0.00139336 0.00201916 0.000193183 0.00107013
0.187426 0.00133026 0.00816844 0.0541888 0.375324 0.0376153 0.00144572 0.0398863 0.164951 0.000994948 0.00348164 0.00857742 0.00216104 0.0178406 0.0761962 0.00513472 0.00271752 0.00668527 0.000515015 0.000849842 0.000432798 0.000770008 0.00176368 0.000172635 0.000530432 0.000437941 6.76494e-05 0.000139462
0.252019 0.0238846 0.00132345 0.0258803 0.265892 0.0173459 0.00284702 0.000753365 0.19975 0.00746461 0.000343253 0.0128705 0.0374018 0.00682729 0.108585 0.0102174 0.00451245 0.00736024 0.0019196 0.000827562 0.00586237 0.00137291 0.00110386 0.0017697 0.000398504 0.000574789
0.299865 0.028436 0.0263537 0.0122411 0.384458 0.00948533 0.0155253 0.00838929 0.00218159 0.115425 0.00421584 0.0105669 0.0057683 0.00328157 0.0343586 0.0149093 0.000432166 0.00446001 0.00868034 0.00049557 0.000669893 0.000681105 0.000237176 0.00293766 0.000592348 1.84937e-05 0.000890509
0.395527 0.00952719 0.0690474 0.00314701 0.390273 0.00483192 0.0122691 0.000450116 0.00936286 0.0667674 0.00195712 0.00634775 0.000407702 0.00175469 0.016491 0.00221844 0.00294569 0.000825124 0.00123522 0.00119923 0.000446309 0.00107573 0.000175237
0.424901 0.0350663 0.0212127 0.0289565 0.308555 0.0124959 0.0106487 0.0135058 0.00647013 0.0821276 0.00764581 0.00675332 0.000548415 0.0113911 0.0188721 0.00716765 0.000266369 0.000848491 0.00114912
0.5711 0.0080635 0.018471 0.0318177 0.306171 0.0141828 0.00138476 0.00237495 0.00835232 0.00186162 0.00677242 0.00654778 0.00225643 0.0200186
0.498618 0.0127782 0.00231052 0.364749 0.0196867 0.022356 0.00161459 5.8764e-05 0.000384221 0.00170176 0.0169982 0.0119141 0.0369359 0.00504321 0.000228467 0.000234788 0.000321496 0.000845758 0.000148027 0.000322249 0.000365449 5.46618e-05 0.00168106
0.462608 0.475729 0.0137624 0.0028402 0.00594505 0.0074818 0.00257319 0.000155728 8.84601e-05 7.97076e-05 0.000590948 0.00281228 0.00985847 0.00787281 0.00310313 0.000402972 0.00157116 0.000467285 0.000658053 0.000786909
0.456812 0.435786 0.0202426 0.0030864 0.00685281 0.00441797 0.0162586 0.0040183 0.0129716 0.00555107 0.00241456 0.00174298 0.0154679 0.00241405 0.0041954 0.0040653
0.518067 0.401265 0.00715923 0.016621 0.00800994 0.00546317 0.0182997 0.000519696 0.00188487 0.00172704 0.000676342 0.000590792 0.0152325 0.00102949 0.000988892
0.457259 0.467318 0.00010509 0.011042 0.00832266 0.00878023 0.00800739 0.00743802 0.00580615 0.00348854 0.00575488 0.0115081 0.00127018 0.00130927 0.00054682 0.000360255 0.000920638 0.00011493
0.5188 0.420519 0.010513 0.00223502 0.00260957 0.000693281 0.013511 0.00527973 0.0029769 0.00252848 0.0088341 0.00387773 0.000422336 0.00121924 0.00134514 0.00084495 0.000131307 0.000797459 0.00177606 0.000136572 0.000202881
0.479427 0.466869 0.00473922 0.00412851 0.0113083 0.00129504 0.00425899 0.00302557 0.0032603 0.0040127 0.0114514
0.636517 0.331914 0.0133797 0.00597873 0.00293426 0.000295565 0.00190048 0.000318199 0.000284553 0.00108721 0.00178115 0.000360543 0.000494023 0.000263382 0.00126251
0.533388 0.451016
0.525095 0.440716 0.0104273 0.0137789 0.0012258 0.00260347 0.000552465 0.00263345
0.562955 0.414124 0.00136627 0.000686871 0.0103532
0.506621 0.420742 0.00173936 0.00430969 0.00338422 0.00570334 0.000245879 0.0111423 0.00104604 0.0087954 0.00408633 0.00082639 0.00459649 0.00918296 0.000636749 0.00475226 0.00318517 0.00264525 0.000347626 0.000578793 0.0023978 0.00175382
0.517099 0.415719 0.01298 0.00366388 0.0166428 0.016888 0.00387466 0.00133325 0.000169591 0.00297879 0.000318609 0.000665544 0.000191126 0.000178716 0.000758638 0.00229426 0.000430998 6.79123e-05 0.00163825 0.00179457
0.457286 0.514208 0.0020554 0.0147834 0.00471299 0.00114803 0.00138856
0.551975 0.408046 0.00104566 0.00580005 0.0128972 0.0069149 0.0018776
0.46262 0.454808 0.00829216 0.00359655 0.0387705 0.0236465
0.595666 0.377955 0.0103342 0.00095313 0.00487075 0.00133757 0.00190742 0.00405255
0.558464 0.429736 0.00628076
0.506331 0.486052
0.590301 0.405118
0.399451 0.594896 0.0034624 2.44688e-05 0.00215259
0.559716 0.433782 0.00552231
0.456302 0.542814
0.485346 0.509893 0.00352257 0.00121298
0.546714 0.448704 0.00201083 0.00114902 0.0010316
0.511283 0.488684
0.531255 0.459066 0.00964298
0.548393 0.451166
0.601897 0.398103
0.497685 0.502246
0.489689 0.510305
0.635598 0.364382
0.512486 0.487497
0.493883 0.505795
0.482201 0.517473
0.5255 0.472231
0.484218 0.458184 0.0264834 0.0186084 0.0125041
0.462731 0.536202
0.539087 0.460832
0.415549 0.582791
0.4095 0.590394
0.541901 0.438047 0.01666 0.00248404
0.442983 0.549408 0.00315571 0.00301436 0.00129088
0.484047 0.474251 0.0109647 0.0146223 0.00994385
0.522664 0.466146 0.00884856 0.000957132
0.546968 0.4488 0.00104589 0.00100251 0.000752649 0.000286457 0.000777484
0.495977 0.449838 0.0428451
0.519782 0.455328
0.590507 0.409085
0.519357 0.479079
0.487119 0.508459 0.00307448 0.000137428 0.000384252
0.513293 0.4772 0.00373358
0.601987 0.371275 0.0250602
0.50435 0.495183 0.000104336 0.000234931
0.529729 0.450188 0.0200092
0.517222 0.481992
0.540503 0.452325 0.00716885
0.482114 0.512788 0.00206686 0.00132286
0.559196 0.440293
0.432882 0.567034
0.526335 0.464392 0.00910485
0.420374 0.560974 0.0106536
0.554673 0.439806
0.516517 0.482481
0.574237 0.407091 0.0171538
0.508401 0.487098
0.478441 0.521452
0.596583 0.396776
0.580284 0.418169
0.55404 0.445465
0.61741 0.382589
0.483927 0.516051
0.467885 0.527879
0.502547 0.490701 0.00514343 0.00112311
0.531327 0.455666 0.0130063
0.531692 0.468307
0.576725 0.422942 0.000325129
0.630688 0.368605
0.519668 0.475569 0.00431299
0.442766 0.555843 0.00117134
0.605182 0.394434
0.375861 0.62403
0.490152 0.509767
