0.075993 0.091459 0.0319304 0.0831854 0.0817987 0.0121182 0.0464964 0.0387285 0.0495798 0.0262812 0.0823374 0.00293849 0.0281174 0.0774721 0.0192082 0.0047495 0.0956378 0.0647306 0.055044 0.0256852 0.00532581 0.000822671
0.0187444 0.0205603 0.210096 0.00982705 0.0422547 0.0121783 0.064995 0.00109735 0.0268643 0.0368296 0.249709 0.0248944 0.0150863 0.196701 0.00271662 0.0103109 0.0520061 0.00157262 0.00144603 0.000102707 0.000278696 0.000432272 0.00097113 8.98813e-05 0.000148756
0.00324117 0.0554236 0.192199 0.0110262 0.00597533 0.0049495 0.110009 0.00270125 0.0255147 0.00816156 0.257357 0.0162697 0.249253 0.0052045 0.01781 0.000786495 0.0190321 0.006994 0.00539156 0.000107616 0.000110496
0.0324888 0.0118933 0.10255 0.028902 0.00396965 0.00607558 0.0746606 0.00297572 0.0140653 0.00944057 0.358245 0.0169224 0.213939 0.029888 0.0103323 0.00899057 0.014582 0.00249854 0.0107685 0.00976296 0.0020818 0.00735147 0.020307 0.000403219 0.00139041 6.32223e-05 0.000530569 0.000101249 0.000639879 0.000801497 0.00192571 0.000576755 0.000247589 0.00015258
0.00270757 0.0166819 0.00242089 0.0066762 0.0740445 0.00104246 0.06556 0.0513643 0.00110229 0.0121429 0.38832 0.00764221 0.280687 0.0017205 0.000997574 0.0284788 3.01037e-05 0.00368874 0.000451176 0.00535865 0.00871005 0.0210894 0.00346309 0.000446227 0.00183875 0.000489646 0.00681057 0.00081536 0.00016536 0.000410391 0.00023062 0.000877611 6.26205e-05 0.000705623 0.000898695
0.0107313 0.031725 0.00161559 0.00802473 0.0239403 0.0347858 0.00226058 0.044351 0.00471693 0.326368 0.00118704 0.00653042 0.434418 0.00798237 0.00541814 0.0118566 0.00630585 0.0127293 0.00160651 0.00171522 0.00626903 0.000495859 0.000616739 0.004604 0.000831419 0.000251267 0.00250991 0.00122335 0.00143369 0.000341114 0.000341529
0.000777623 0.0036731 0.00922769 0.00796362 0.102744 0.00372915 0.00298265 0.0603072 0.0011259 0.387716 0.00242293 0.373424 0.00114397 0.0129936 0.00622667 0.00409333 0.00273186 0.00203016 0.000354996 0.00816699 0.00288054
0.000302441 0.0227172 0.0128814 0.0158264 0.048215 0.0191473 0.07835 0.00353317 0.000716031 0.372021 0.0015659 0.350918 0.00726637 0.0133299 0.0167982 0.00594308 0.000698367 0.0111204 0.000116143 0.00406922 0.00037672 0.000238859 0.00164839 0.000108514 0.00340365 2.60611e-05 0.00166745 0.0014764 0.000935321 0.000779751 0.000375728 2.20586e-05 0.000106966 0.000543118 0.00102141 7.09407e-05 0.00026429 0.000593973 0.000163388 0.000182754 6.19628e-05 2.75962e-05 2.15363e-06 0.000147351 1.97412e-05 6.16846e-06 3.22706e-05 5.91641e-05
0.000259731 0.0120757 0.0233681 0.141021 0.00169545 0.0151437 0.0357767 0.0134924 0.317464 0.00261866 0.00146691 0.311788 0.0335528 0.0249164 0.00247434 0.0108524 0.00968582 0.00303378 0.00281833 0.000673856 0.00013554 0.00712911 0.0044683 0.00621357 0.000666483 0.00375437 0.00710872 0.00232449 0.000617108 0.000499706 0.00107009 0.000316046 0.000171608 6.8239e-05 7.20545e-05 0.000347094 1.03619e-05 8.76935e-05 3.28149e-05 5.03362e-05 0.000119166 0.000179883 1.70423e-05 2.09382e-05 2.48836e-05 2.87713e-05 1.97788e-05 0.00012503
0.0206081 0.0398636 0.00351784 0.174722 0.0445208 0.00178692 0.0633501 0.0131966 0.271337 0.00107395 0.0151801 0.293876 0.00311946 0.00264365 0.00641747 0.00344576 0.00400383 0.00906652 0.0113345 0.00372525 0.00553701 0.00128275 0.0012288
0.0252758 0.0178809 0.0129829 0.140057 0.0106689 0.00595359 0.0887552 0.00122144 0.220381 0.0076838 0.374423 0.0100208 0.0103016 0.00532647 0.00533512 0.00157934 0.000971832 0.00975369 0.00667874 0.0114054 0.00181441 0.000183314 0.00514261 0.00246508 0.00734111 0.00254457 0.00266758 1.39292e-05 0.00264052 0.000520853 0.000928044 0.00086609 0.00175057 0.00207497 0.000164436 0.000280443 0.000263236 0.000327784 0.000156607 0.000297286 8.43341e-05 7.493e-05 9.7602e-05 4.1231e-05 0.000101401 5.48375e-06 4.3659e-05 0.000142878 5.40149e-06 0.000184159
0.0238384 0.0270973 0.022715 0.124663 0.0347359 4.74903e-05 0.0678681 0.294481 0.00877088 0.37221 0.00339981 4.85841e-05 0.00271465 0.00661956 0.00363389 0.00234511 0.000283845 0.00152739 0.000198366 0.000816357 5.20638e-06 0.000446641 0.000850678
0.00593649 0.0129348 0.0401137 0.0285435 0.157678 0.00259145 0.0310767 0.320421 0.0130997 0.319426 0.0129788 0.00821897 0.0011059 0.0249068 0.00170584 0.000648623 0.000558818 0.00628828 0.00210068 0.00795858
0.0347575 0.0155506 0.0245652 0.00666926 0.256011 0.00850633 0.00135929 0.198438 2.84863e-05 0.407913 0.000548592 0.00841076 0.00412959 0.00361562 0.00257607 0.00592607 0.00688561 0.0020005 0.00274324 0.00167101 0.000595523 0.00205994 0.000745006 0.00162744 0.000417372 0.000120528 0.000607841 0.000396374 0.000202412 4.21553e-05 5.62272e-05 0.000187382 0.000189692 0.000124579 1.25024e-05 1.26477e-05
0.00900025 0.00428151 0.0189689 0.206512 0.036023 0.0109001 0.25767 0.00139874 0.0136871 0.419747 0.00156737 0.0108941 0.0047542
0.000536951 0.0113048 0.0239546 0.119641 0.0112111 0.00249303 0.289706 0.0265089 0.416543 0.0482834 0.00281582 0.0177928 0.00624121 0.00588115 0.00120644 0.00127546 0.000691911 0.000645656 0.00181592 0.000356748
0.0571965 0.000574982 0.2036 0.0074565 0.0163885 0.0012185 0.34115 0.333575 0.00705332 0.0141955 0.000641226 0.00292173 0.00533459 0.00169415 0.00237127 0.00167014 0.000300023 0.00153546
0.0115751 0.148433 0.000802225 0.00568041 0.00093186 0.0259386 0.397461 0.374287 0.0103211 0.000325844 0.0156853 0.00149102
0.0167467 0.0925489 0.000763094 0.0196736 0.0123551 0.380417 0.00565095 0.358021 0.0027777 0.0106411 0.00786019 0.00873409 0.00035651 0.0160652 0.000442622 0.0365668 0.00272115 0.00952377 0.000907017 0.012509
0.000656519 0.0638054 0.00319282 0.00779022 0.00829162 0.380163 0.499049 0.00381488 0.0131768 0.0107717 0.00670161
0.00053058 0.0626484 0.00492929 0.000406501 0.0727796 0.382551 0.423389 0.0442216
0.0246468 0.0088249 0.0792275 0.0108763 0.355809 0.00525541 0.513399
0.0173156 0.00831279 0.0368083 0.135722 0.395799 0.00426458 0.398213 0.00336574
0.028543 0.0148891 0.00298844 0.41522 0.122651 0.00922833 0.40569
0.0137715 0.0171727 0.0124985 0.383585 0.088184 0.0166419 0.453342 0.0138586
0.028029 0.00720551 0.310711 0.00403219 0.0558857 0.0044002 0.587759 0.00033779
0.0239733 0.0331399 0.444858 0.11869 0.0192051 0.00639868 0.348961 0.00188716 4.12446e-06 0.000119202 0.0021283 0.000139072
0.0298178 0.484212 0.00115161 0.0234539 0.0518633 0.0147725 0.391234 0.000698668 0.00229272
0.481664 0.00233289 0.0220228 0.00927892 0.00591795 0.0977743 0.375252
0.455252 0.0434022 0.00877905 0.0850354 0.00616961 0.0167901 0.375201
0.380821 0.0137706 0.00884593 0.069656 0.00274013 0.000118862 0.479218 0.0259655
0.474667 0.0128165 0.0159058 0.0387937 0.0137691 0.00172926 0.439644
0.455879 0.0136074 0.00629877 0.0440626 0.0350824 0.00739618 0.428502 0.00808781
0.514716 0.0203087 0.00142635 0.0180017 0.039918 0.00107086 0.360324 0.0229609 0.00038903 0.0136737 0.0024914 0.000861344 0.00250639
0.000203223 0.521406 0.0190804 0.0512665 0.000584771 0.00988407 0.384095 0.00694205
0.439135 0.023036 0.0179278 0.0234756 0.0150688 0.0055647 0.466954 0.00464341
0.00457885 0.528845 0.0113881 0.0140733 0.0125756 0.000165594 0.426926
0.0282305 0.00122734 0.487223 0.00430795 0.00651077 0.00786192 0.463353
0.00337212 0.0179657 0.53 0.0068946 0.0344863 0.0199835 0.376021 0.00418525 0.00265088 0.00270787
0.00327836 0.00866344 0.429971 0.0148515 0.0036217 0.0344635 0.41729 0.00920992 0.0274645 0.0199549 0.0218488 0.00371001 0.000429301 0.00111534 0.00302568 4.61456e-05 0.000154296 0.000783554
0.003392 0.0199626 0.451768 0.00912686 0.0267086 0.475319 0.00728785
0.0413009 0.0223781 0.55911 0.00549566 0.0355644 0.30791 0.00246194 0.0019587 0.0188377
0.0351485 0.0229829 0.422082 0.000667874 0.0172565 0.435914 0.042788 0.00144428 0.00194749 0.01032 0.00280425 0.00131177 0.000897435 0.000810039 0.000694099 3.29278e-05 0.000302081 0.00072816 0.000473376 3.53181e-05 0.000255653 0.000131227 3.7891e-06 0.000166636
0.00533361 0.00245691 0.421198 0.0637415 0.00795111 0.416111 0.0145191 0.0177931 0.0137327 0.0127432 0.0124663 0.00108874 0.00110361 0.00110636 0.000487397 0.00563146 0.000589455
0.00222728 0.0236753 0.568954 0.383375 0.00631277 0.000619691 0.00582344 0.00155144 0.00205212 0.00076201 0.00130206 5.64066e-05 0.00125714 0.000636522 0.000335664 0.000622804
0.0200154 0.439838 0.454852 0.0175533 0.00386361 0.0158992 0.0128338 0.00141175 0.0216098
0.51425 0.432089 0.0218288
0.458515 0.477619 0.0109284 0.0104413 0.00258447 0.00442748 0.00134783 0.00337455 0.00100327 0.0047345 0.00142601 0.00843547 0.000708121 0.00181439 0.00244618 0.00683142 0.000551062 0.00118786 0.000960169 0.000317807 7.05234e-05 1.16245e-05 1.97766e-05 3.71181e-05
0.48369 0.479144 0.00457898 0.00601199 0.00937441 0.00611991 0.000703864 0.0036144
0.408852 0.536961 0.00307946 0.00459634 0.0119131 0.0115583 0.0145086 9.05253e-05 2.56368e-05 0.00473776 0.00211119
0.527533 0.330085 0.142277
0.543601 0.456399
0.315219 0.684781
0.600334 0.399658
0.651387 0.346646
0.477896 0.493379 0.0263001
0.540114 0.45876 9.3971e-05 0.000255869 0.000374306
0.428346 0.567906
0.462632 0.534126
0.549694 0.447959
0.590362 0.395878 0.00768518
0.522107 0.453645 0.0201154 0.00014093 0.00272143
0.538419 0.450033
0.466915 0.496557 0.0264008 0.00610906 0.00379245
0.506707 0.458169 0.0111913 0.00152798 0.0161498 0.00288064 0.0025428
0.509193 0.464813 0.00616513 0.0149802
0.540207 0.448842
0.530128 0.428233 0.0285827 0.0129274
0.475343 0.524227
0.632292 0.365279
0.511222 0.458687 0.0285736
0.531392 0.459636
0.534343 0.465319
0.587586 0.388581 0.0090968 0.0117489 0.000259483 0.00118773 0.00125947
0.486977 0.487525 0.00247208 0.00159452 0.00575188 0.00483634 0.00961807 0.000155399 5.70381e-05
0.596104 0.347923 0.00450866 0.00807747 0.00431234 0.0283282 0.00826841 0.000616192 0.000836136
0.546592 0.439176 0.00698809 0.000317 0.00638726 0.000383305
0.474131 0.499466 0.00378163 0.00533057 0.0110313 0.000746432 0.00180576 0.00193036 0.000853619
0.434847 0.455327 0.0277868 0.0277848 0.047994 0.00566546
0.485295 0.50596 0.00538191 0.00128328
0.540028 0.43985
0.501449 0.461815 0.0294113
0.387806 0.601585 0.00897493
0.483031 0.513951
0.565494 0.429036
0.507362 0.453138 0.0198768 0.0163502
0.543259 0.430632 0.00603289 0.001363 0.0124627 0.00454964 2.70746e-06 0.00105101
0.624838 0.345473 0.00743748 0.0134228
0.575927 0.421726
0.566556 0.423719 0.00923006 7.86107e-06 0.000255783
0.559095 0.427386 0.00681941 0.00634613
0.63542 0.359749
0.641076 0.358702
0.570588 0.429059
0.416176 0.583447
0.527225 0.472736
0.514497 0.48527 0.000221628
0.5625 0.436844
0.458188 0.541778
0.525313 0.469798
