60
1
420
Variable1
0
3
0 0
0 0
0 0
0 0
0 0
0 0
0 0
0 0
0 2
0 0
0 0
0 0
0 1
0 0
0 0
0 0
0 0
0 0
0 0
0 1
0 0
0 0
0 0
0 0
0 0
0 0
0 0
0 0
0 1
0 0
0 1
0 1
0 1
0 1
0 1
0 1
0 1
0 0
0 2
0 0
0 1
0 1
0 1
0 1
0 1
0 1
0 1
0 1
0 1
0 1
0 1
0 1
0 1
0 1
0 1
0 1
0 1
0 0
0 1
0 0
1 7
8 14
15 21
22 28
29 35
36 42
43 49
50 56
57 63
64 70
71 77
78 84
85 91
92 98
99 105
106 112
113 119
120 126
127 133
134 140
141 147
148 154
155 161
162 168
169 175
176 182
183 189
190 196
197 203
204 210
211 217
218 224
225 231
232 238
239 245
246 252
253 259
260 266
267 273
274 280
281 287
288 294
295 301
302 308
309 315
316 322
323 329
330 336
337 343
344 350
351 357
358 364
365 371
372 378
379 385
386 392
393 399
400 406
407 413
414 420
0 3.787178
2 3.898475
4 0.5520713
6 0.2195658
8 1.188227
10 -1.714475
12 -0.2720823
0 3.622832
2 4.517026
4 2.415348
6 -0.187371
8 0.8332451
10 -0.4167285
12 -0.4936625
0 4.220492
2 1.76998
4 1.604251
6 -0.763461
8 -0.7106648
10 -1.348617
12 -1.509392
0 3.836438
2 4.898739
4 2.017586
6 0.5601579
8 0.6642035
10 -1.77537
12 -0.6739886
0 2.96032
2 3.60218
4 0.6424124
6 1.161617
8 -0.5415036
10 -1.70921
12 -1.238791
0 2.812797
2 2.902344
4 0.6200035
6 0.3410845
8 0.5609598
10 -1.881338
12 -1.494916
0 2.249155
2 2.870331
4 1.469627
6 1.371654
8 -0.3132235
10 -1.3065
12 -1.085742
0 3.46746
2 4.304619
4 1.219353
6 -0.2529507
8 0.265996
10 -0.8127728
12 -0.03619175
0 5.271607
2 4.466246
4 1.1776
6 -0.8317684
8 1.056131
10 -0.8980782
12 0.01072717
0 1.246676
2 4.372149
4 2.183672
6 0.6910797
8 0.8577606
10 -2.38835
12 -1.044736
0 2.494389
2 3.754755
4 0.2287176
6 1.329991
8 -0.2567088
10 -0.8937704
12 -0.3072948
0 3.561603
2 4.360095
4 2.086237
6 0.8503167
8 0.2093451
10 -3.087023
12 -0.06818975
0 5.27239
2 4.898094
4 2.065775
6 -0.4007918
8 0.6662254
10 -0.3510337
12 -0.778797
0 3.502091
2 4.152494
4 1.85538
6 0.5750374
8 0.1937691
10 -1.91752
12 -1.161025
0 4.312692
2 3.6224
4 1.815909
6 0.9881302
8 -0.008497053
10 -0.7798461
12 -0.4836481
0 3.236566
2 2.645671
4 0.3733075
6 -0.0283659
8 0.7791359
10 -1.875113
12 -0.3487203
0 4.378591
2 4.775454
4 2.948782
6 -0.2196915
8 -0.3307294
10 -0.7793625
12 -1.53746
0 3.035304
2 3.619357
4 1.799022
6 -0.5728389
8 0.265499
10 -1.044307
12 -1.105908
0 3.390499
2 4.631929
4 1.334623
6 0.4447673
8 0.8651137
10 -2.814639
12 -0.03780176
0 4.116753
2 3.945225
4 1.808054
6 1.653855
8 0.3629685
10 -2.37402
12 0.4204641
0 2.817299
2 3.515566
4 2.220641
6 1.339396
8 0.6959795
10 -1.380149
12 -1.739963
0 4.094404
2 4.493935
4 2.591089
6 1.467805
8 0.0943877
10 -2.626707
12 -1.140455
0 3.785619
2 3.550439
4 1.646492
6 -0.2963382
8 -0.2026351
10 -1.973693
12 -0.7020405
0 5.270893
2 4.509363
4 1.096895
6 1.04157
8 -0.8392534
10 -0.3853965
12 -1.44652
0 3.822088
2 3.833537
4 1.004552
6 0.05461253
8 1.120428
10 -2.460238
12 -0.4637825
0 2.747175
2 4.000989
4 1.489066
6 -0.6439895
8 0.3717376
10 -1.892135
12 -1.862884
0 2.982506
2 3.647306
4 2.9927
6 1.322357
8 1.041096
10 -1.919245
12 0.2508502
0 4.459386
2 4.589612
4 1.432314
6 0.3491631
8 1.209084
10 -1.87795
12 0.09998933
0 3.266358
2 4.552208
4 -0.1278111
6 -0.3796763
8 0.4502901
10 -1.571701
12 0.6169245
0 3.53246
2 4.403088
4 1.9295
6 -0.1944045
8 -0.6253824
10 0.006764157
12 -0.7294262
0 3.960067
2 2.282604
4 -1.149748
6 1.668272
8 -4.388182
10 -4.481849
12 -7.147692
0 5.276104
2 2.107919
4 0.07099432
6 -0.688433
8 -3.192826
10 -4.184667
12 -5.492098
0 4.45809
2 1.399791
4 -0.8178058
6 0.3547272
8 -3.988108
10 -3.779151
12 -7.063292
0 5.556327
2 2.470259
4 0.4047034
6 0.06610513
8 -4.776305
10 -3.849022
12 -7.971193
0 5.932272
2 1.886961
4 -1.222076
6 -0.5985691
8 -4.135232
10 -1.930439
12 -7.279026
0 4.790441
2 0.481795
4 -0.1270177
6 -0.908666
8 -3.174477
10 -4.031924
12 -5.598938
0 5.376474
2 0.7337858
4 -0.3582455
6 -0.5400231
8 -3.829979
10 -4.304257
12 -7.011824
0 5.557282
2 0.2990222
4 -0.7961015
6 0.5211825
8 -3.589554
10 -4.538902
12 -5.594293
0 5.288018
2 1.159683
4 -1.431239
6 0.9442181
8 -4.972905
10 -4.334809
12 -5.571791
0 2.886891
2 2.40337
4 -0.6808254
6 0.05874264
8 -3.884813
10 -3.152258
12 -6.211755
0 4.599628
2 1.511518
4 1.119897
6 -0.08106504
8 -4.465888
10 -5.386987
12 -6.215511
0 4.893677
2 1.848815
4 0.7920864
6 -0.6095131
8 -5.319373
10 -4.535729
12 -7.237782
0 6.066951
2 1.691246
4 -1.075968
6 0.03838555
8 -3.989692
10 -3.030173
12 -6.866086
0 4.751694
2 2.827451
4 -0.9358985
6 0.1989449
8 -3.306443
10 -3.385958
12 -6.225014
0 4.994347
2 2.070974
4 -1.308169
6 1.596644
8 -4.386324
10 -2.627872
12 -5.304929
0 5.932012
2 1.046038
4 0.2068951
6 0.04183892
8 -5.644902
10 -3.269544
12 -6.092285
0 4.511321
2 3.194627
4 -0.6105339
6 0.1648062
8 -4.628906
10 -3.151287
12 -6.739751
0 5.411069
2 1.419714
4 -1.54586
6 -1.132714
8 -4.356766
10 -4.049604
12 -6.17606
0 5.303381
2 1.811907
4 1.596986
6 -0.2808722
8 -4.008717
10 -2.925715
12 -6.005449
0 4.083063
2 2.035682
4 -0.1262356
6 1.832663
8 -4.660886
10 -3.236118
12 -7.619185
0 6.832815
2 1.471543
4 0.1312844
6 1.084411
8 -3.909071
10 -4.133004
12 -5.419691
0 6.300195
2 1.196351
4 0.7445423
6 0.5101066
8 -2.661192
10 -4.248058
12 -5.711316
0 6.832057
2 0.8031653
4 -0.8403996
6 -0.7181338
8 -2.754066
10 -4.590916
12 -5.830596
0 6.039223
2 0.2240916
4 1.413372
6 1.882092
8 -4.292537
10 -2.998428
12 -5.743193
0 5.80945
2 1.053401
4 0.2476763
6 -0.3005787
8 -4.896883
10 -4.052761
12 -5.289817
0 4.855595
2 3.273212
4 -0.6651371
6 -0.2568591
8 -4.566509
10 -3.811145
12 -5.948515
0 4.256103
2 0.9217147
4 0.3036787
6 -0.08898193
8 -3.250861
10 -3.4421
12 -5.519388
0 4.947172
2 0.5951678
4 1.21729
6 -0.1216742
8 -4.561901
10 -3.588944
12 -6.817782
0 4.373433
2 0.6238319
4 1.027765
6 0.4708272
8 -4.989007
10 -3.668177
12 -6.438339
0 3.726979
2 1.055601
4 0.2917623
6 -0.8395303
8 -3.797023
10 -4.810687
12 -7.048298
