-970.868 -718.219 -252.65
-843.814 -639.992 -203.822
-760.36 -615.474 -144.886
-742.845 -595.588 -147.257
-769.043 -590.14 -178.903
-735.641 -585.097 -150.543
-758.927 -588.913 -170.014
-789.748 -579.629 -210.118
-773.78 -574.321 -199.459
-738.694 -565.132 -173.562
-733.184 -552.375 -180.809
-759.973 -556.444 -203.53
-755.489 -560.446 -195.044
-754.434 -565.97 -188.464
-732.224 -564.986 -167.238
-718.769 -565.429 -153.34
-683.726 -556.806 -126.92
-703.634 -559.345 -144.289
-701.765 -559.656 -142.109
-689.925 -562.835 -127.09
-682.95 -561.172 -121.778
-690.372 -560.984 -129.389
-690.208 -554.719 -135.488
-651.041 -555.933 -95.1076
-667.824 -552.929 -114.894
-619.834 -554.461 -65.3733
-644.114 -556.616 -87.4985
-635.037 -554.704 -80.3331
-688.044 -554.011 -134.033
-686.648 -554.256 -132.392
-635.953 -555.724 -80.2286
-637.039 -558.997 -78.0424
-628.381 -556.42 -71.9604
-640.163 -559.127 -81.0359
-614.664 -558.479 -56.1852
-608.24 -554.67 -53.5699
-609.794 -555.085 -54.7091
-620.415 -556.385 -64.03
-612.06 -556.897 -55.1622
-609.567 -558.81 -50.7564
-611.971 -555.16 -56.811
-624.101 -557.287 -66.8134
-606.002 -556.313 -49.6889
-614.104 -552.265 -61.8399
-607.975 -552.712 -55.2624
-600.349 -551.585 -48.7641
-604.329 -552.899 -51.4298
-601.939 -554.578 -47.3607
-602.695 -552.393 -50.302
-603.574 -555.844 -47.7304
-603.33 -553.37 -49.9599
-602.488 -552.355 -50.1326
-604.069 -552.386 -51.6831
-622.402 -553.342 -69.0603
-610.067 -559.04 -51.0271
-602.845 -553.558 -49.2871
-610.883 -557.231 -53.6524
-608.429 -554.901 -53.5277
-617.8 -555.233 -62.5668
-625.667 -555.007 -70.6601
-625.56 -555.73 -69.8299
-619.836 -557.168 -62.668
-633.497 -557.698 -75.7993
-618.022 -555.653 -62.369
-609.945 -554.272 -55.6726
-609.884 -559.669 -50.2154
-611.089 -559.434 -51.655
-621.609 -557.902 -63.7071
-612.91 -554.222 -58.6873
-625.455 -564.121 -61.3341
-617.684 -555.328 -62.3563
-613.961 -556.004 -57.9572
-607.489 -556.869 -50.6201
-608.999 -556.121 -52.8782
-617.262 -556.23 -61.032
-609.453 -558.27 -51.1834
-606.649 -557.901 -48.7486
-611.831 -556.089 -55.7416
-614.981 -556.39 -58.5912
-607.875 -555.649 -52.2258
-606.609 -555.728 -50.8813
-614.793 -555.196 -59.5977
-608.366 -554.236 -54.1294
-604.42 -552.377 -52.0427
-606.715 -552.235 -54.4802
-608.995 -556.169 -52.8266
-606.143 -554.77 -51.3729
-603.795 -555.532 -48.2631
-605.367 -556.797 -48.5694
-609.415 -555.355 -54.0596
-620.189 -554.942 -65.247
-610.5 -554.777 -55.7225
-604.859 -556.312 -48.5464
-611.258 -553.376 -57.8824
-607.563 -551.93 -55.633
-615.623 -555.578 -60.0451
-612.952 -554.842 -58.1102
-609.868 -557.566 -52.3026
-610.67 -553.591 -57.0787
-606.207 -551.357 -54.8503
