60
1
420
Variable1
0
3
0 0
0 2
0 0
0 0
0 0
0 0
0 0
0 0
0 1
0 0
0 0
0 0
0 0
0 0
0 0
0 0
0 0
0 0
0 0
0 0
0 0
0 0
0 0
0 0
0 0
0 0
0 0
0 0
0 0
0 0
0 0
0 1
0 0
0 1
0 1
0 1
0 1
0 0
0 1
0 1
0 1
0 1
0 1
0 0
0 1
0 1
0 1
0 1
0 1
0 1
0 1
0 1
0 1
0 1
0 1
0 2
0 0
0 1
0 1
0 0
1 7
8 14
15 21
22 28
29 35
36 42
43 49
50 56
57 63
64 70
71 77
78 84
85 91
92 98
99 105
106 112
113 119
120 126
127 133
134 140
141 147
148 154
155 161
162 168
169 175
176 182
183 189
190 196
197 203
204 210
211 217
218 224
225 231
232 238
239 245
246 252
253 259
260 266
267 273
274 280
281 287
288 294
295 301
302 308
309 315
316 322
323 329
330 336
337 343
344 350
351 357
358 364
365 371
372 378
379 385
386 392
393 399
400 406
407 413
414 420
0 3.82791
2 3.916777
4 1.924604
6 2.031535
8 0.4141703
10 1.204931
12 -2.286206
0 2.561609
2 3.618239
4 2.097366
6 0.7035771
8 -0.4314178
10 -1.547073
12 -2.697596
0 2.677117
2 4.166524
4 2.290041
6 2.088312
8 -0.3673117
10 0.4198716
12 -2.449922
0 2.351072
2 4.264831
4 1.616898
6 0.2392778
8 -0.6999636
10 0.5297714
12 -0.8520651
0 4.315403
2 3.713678
4 1.001534
6 1.062574
8 0.7564568
10 0.3334286
12 -1.831731
0 3.703931
2 3.269405
4 2.36715
6 0.9326878
8 -0.05774889
10 -0.4760227
12 -2.97854
0 3.069238
2 4.523025
4 2.051831
6 0.90064
8 -0.2557896
10 0.7720465
12 -2.06228
0 3.724941
2 4.042626
4 1.271347
6 0.8374686
8 0.8915701
10 0.03805353
12 -3.207518
0 3.591101
2 4.36246
4 1.963145
6 1.498799
8 -0.2451603
10 -1.137483
12 -1.50858
0 3.735431
2 4.349814
4 2.832292
6 1.043051
8 -1.379803
10 -0.2244686
12 -3.351903
0 3.11729
2 4.66914
4 0.6814698
6 0.9720356
8 -0.5847173
10 -0.5533072
12 -1.31641
0 3.886007
2 4.934499
4 1.138975
6 0.2120966
8 -0.6986573
10 -0.4196949
12 -2.856881
0 2.892353
2 3.167431
4 2.492151
6 1.316629
8 0.6030326
10 1.754095
12 -2.217061
0 4.064357
2 6.470299
4 2.45811
6 0.8354823
8 -0.8680252
10 -0.7444168
12 -3.391832
0 2.306302
2 3.611009
4 2.270174
6 0.9207181
8 -0.4144256
10 -1.735546
12 -1.563307
0 3.888821
2 5.185443
4 0.5759113
6 0.6658543
8 1.252466
10 -0.2280718
12 -0.9986196
0 3.978071
2 4.032712
4 2.733506
6 -0.5132519
8 -0.3753851
10 0.1534245
12 -1.032204
0 4.128431
2 4.077287
4 2.909788
6 0.9000309
8 -0.9714989
10 -0.3383315
12 -2.204146
0 3.81907
2 3.629827
4 2.530034
6 2.494608
8 -1.509914
10 0.1361449
12 -2.639558
0 3.040873
2 2.51195
4 1.819579
6 1.149845
8 -1.222165
10 1.19107
12 -2.6682
0 1.756154
2 3.83759
4 3.853142
6 2.132449
8 0.8841897
10 0.2957163
12 -1.717287
0 3.189699
2 2.752132
4 0.2902817
6 -0.02871801
8 -1.499101
10 -1.088127
12 -1.509329
0 2.841874
2 2.728274
4 1.208154
6 -0.4488528
8 0.5152812
10 -1.488328
12 -2.189992
0 3.98215
2 4.862162
4 3.496493
6 -0.4816326
8 0.6093519
10 -0.7521703
12 -2.217316
0 4.658135
2 3.453579
4 2.550602
6 0.8163702
8 -0.4923654
10 0.7798879
12 -2.251575
0 3.365375
2 4.468753
4 2.734259
6 0.1701084
8 0.7825
10 -0.813947
12 -2.76704
0 1.713818
2 3.813105
4 2.268366
6 0.3382548
8 0.8567059
10 0.1642402
12 -1.998872
0 4.938708
2 2.75632
4 2.243971
6 1.54787
8 -0.8858595
10 -0.518773
12 -2.120178
0 3.184297
2 3.980692
4 1.901055
6 0.2418444
8 0.4824055
10 -0.7677188
12 -2.564493
0 3.905731
2 5.246692
4 0.6498695
6 1.043446
8 0.19877
10 -0.2959739
12 -0.08273412
0 5.26216
2 0.1078192
4 -0.11212
6 -0.9931
8 -1.515466
10 -2.987162
12 -5.554798
0 4.702924
2 0.4642816
4 1.815526
6 -2.370609
8 -2.274456
10 -4.345665
12 -5.848825
0 4.286303
2 0.3423243
4 -0.0137269
6 -0.4978884
8 -2.231731
10 -2.520342
12 -5.848026
0 4.091817
2 -0.5692672
4 1.496976
6 -2.46909
8 -1.15173
10 -4.319293
12 -5.157443
0 2.043946
2 0.331858
4 0.3862907
6 -3.199393
8 -2.524023
10 -3.817309
12 -6.516521
0 4.98293
2 -0.4204549
4 0.2042781
6 -1.265354
8 -2.709082
10 -2.967628
12 -4.983397
0 5.442177
2 0.008020337
4 -0.5291114
6 -1.425392
8 -2.45162
10 -3.777313
12 -4.697064
0 4.660759
2 0.5387469
4 0.8691706
6 -1.117244
8 -1.650674
10 -2.795212
12 -4.076173
0 4.176762
2 0.1813372
4 -0.581002
6 -1.889891
8 -3.021711
10 -3.227077
12 -5.238724
0 3.848966
2 -0.2368932
4 0.4221083
6 -2.169929
8 -3.280344
10 -4.645493
12 -4.226152
0 3.755672
2 -0.06946377
4 0.1475936
6 -2.152763
8 -2.645616
10 -3.790778
12 -5.553468
0 3.431151
2 1.080731
4 0.2900646
6 -2.829237
8 -1.672064
10 -4.902332
12 -5.396397
0 4.059139
2 -0.2067149
4 0.598843
6 -2.877214
8 -1.116644
10 -3.261209
12 -3.759994
0 4.784809
2 -0.7903432
4 0.8791948
6 -1.355285
8 -1.500589
10 -2.710154
12 -4.726916
0 4.774988
2 0.07204987
4 1.608578
6 -3.078605
8 -3.764503
10 -4.553339
12 -4.375396
0 3.420387
2 0.2249616
4 0.4392416
6 -2.081654
8 -3.923472
10 -2.63803
12 -5.14368
0 4.696201
2 0.5279405
4 -0.03813701
6 -0.5250268
8 -1.664793
10 -4.720628
12 -5.985061
0 5.29676
2 -0.1811962
4 0.3869285
6 -2.816938
8 -1.764074
10 -3.084587
12 -5.29437
0 5.493424
2 0.1263509
4 0.1475203
6 -0.8470052
8 -1.942665
10 -2.883881
12 -3.941971
0 4.473029
2 1.029888
4 -0.1244957
6 -1.343084
8 -2.540679
10 -2.553582
12 -5.120928
0 4.306551
2 0.5213292
4 -1.209719
6 -2.478015
8 -0.7704193
10 -2.997102
12 -5.052949
0 4.159654
2 0.3977513
4 0.7165625
6 -1.096797
8 -3.064037
10 -3.657615
12 -6.062216
0 3.948976
2 0.9203529
4 -0.7520312
6 -0.9108087
8 -1.38202
10 -3.555337
12 -4.874643
0 5.328281
2 0.0696044
4 -0.3549294
6 -2.602107
8 -3.059347
10 -4.101397
12 -4.794202
0 3.548298
2 0.3104401
4 0.4951078
6 -2.70841
8 -1.194676
10 -2.516448
12 -6.489565
0 3.906114
2 0.2334599
4 0.5064919
6 -2.618327
8 -2.592856
10 -2.937447
12 -4.311923
0 4.461675
2 0.7864573
4 -0.1292571
6 -2.049976
8 -1.3951
10 -3.496686
12 -5.615354
0 5.555935
2 0.06863651
4 1.254803
6 -1.252166
8 -2.00448
10 -3.789353
12 -4.393527
0 3.004423
2 -0.2457767
4 0.1847776
6 -1.583269
8 -2.220395
10 -3.77122
12 -5.312189
0 4.648737
2 0.008093107
4 -1.331056
6 -1.701804
8 -1.627813
10 -2.783949
12 -5.311044
