-935.6 -675.357 -260.242
-840.56 -618.496 -222.064
-808.089 -615.293 -192.796
-819.034 -574.779 -244.256
-777.895 -575.605 -202.29
-765.284 -576.153 -189.131
-739.102 -576.307 -162.795
-844.466 -580.914 -263.553
-833.165 -578.272 -254.893
-761.911 -576.267 -185.644
-844.489 -579.071 -265.417
-754.515 -573.541 -180.974
-742.956 -563.438 -179.518
-784.036 -568.775 -215.261
-696.634 -564.189 -132.445
-715.145 -564.286 -150.86
-705.162 -563.754 -141.408
-682.54 -564.119 -118.421
-704.967 -569.892 -135.075
-677.54 -571.668 -105.872
-661.088 -564.533 -96.5552
-664.697 -564.622 -100.075
-668.606 -566.246 -102.36
-660.091 -565.096 -94.9949
-664.99 -565.522 -99.4682
-664.938 -563.76 -101.177
-688.314 -563.139 -125.175
-673.255 -565.804 -107.451
-660.008 -564.783 -95.2247
-659.566 -567.895 -91.6709
-658.924 -566.661 -92.2631
-655.211 -563.424 -91.7877
-662.148 -566.68 -95.4681
-681.796 -567.944 -113.852
-655.314 -563.449 -91.8653
-653.089 -563.548 -89.541
-645.599 -562.007 -83.5917
-643.745 -561.259 -82.4865
-663.187 -563.02 -100.166
-692.025 -565.261 -126.764
-649.173 -564.671 -84.5021
-661.237 -565.166 -96.0719
-721.33 -577.166 -144.164
-695.877 -569.205 -126.672
-686.592 -570.189 -116.403
-651.625 -565.108 -86.5169
-627.786 -564.019 -63.7667
-704.483 -565.548 -138.935
-641.591 -563.534 -78.0572
-662.064 -566.857 -95.2076
-633.625 -565.938 -67.6869
-599.274 -563.494 -35.7799
-607.945 -562.058 -45.8865
-611.507 -561.079 -50.4284
-620.134 -562.49 -57.6437
-623.47 -562.321 -61.1492
-632.694 -562.472 -70.2219
-616.349 -561.456 -54.8928
-617.363 -561.584 -55.7797
-621.256 -565.086 -56.1699
-625.912 -563.791 -62.1206
-636.047 -564.231 -71.8166
-619.237 -563.134 -56.1031
-632.237 -560.732 -71.5053
-649 -567.206 -81.7939
-631.554 -564.662 -66.8927
-621.785 -565.266 -56.5193
-626.186 -566.076 -60.1105
-616.608 -565.573 -51.035
-621.15 -564.085 -57.0652
-625.345 -566.392 -58.9534
-619.819 -565.301 -54.5178
-617.629 -565.828 -51.8003
-642.864 -566.078 -76.7863
-648.033 -563.415 -84.6173
-653.428 -564.07 -89.3577
-637.495 -563.939 -73.5561
-663.277 -564.667 -98.6101
-642.924 -562.442 -80.4821
-629.622 -565.294 -64.3278
-622.914 -564.102 -58.8116
-628.354 -565.368 -62.9865
-627.737 -565.745 -61.9922
-620.27 -566.81 -53.4596
-619.395 -565.08 -54.3144
-628.643 -565.946 -62.6971
-643.976 -564.712 -79.2638
-628.444 -564.94 -63.5036
-625.962 -569.72 -56.2425
-633.831 -564.554 -69.277
-626.926 -564.39 -62.5361
-618.011 -563.09 -54.9207
-617.071 -565.633 -51.4384
-616.136 -565.304 -50.8323
-616.237 -564.838 -51.3998
-611.959 -562.146 -49.8123
-621.466 -564.277 -57.1893
-619.262 -564.62 -54.6423
-615.875 -562.252 -53.6224
-624.083 -566.099 -57.9843
