1.11979
1.11979
3.20501
4.69973
4.09283
4.09283
4.09283
4.8181
4.83491
4.83491
4.83491
4.83491
3.61305
4.16845
4.7235
3.24826
3.24826
4.04721
4.04486
2.77861
1.6561
0.510096
0.510096
0.932598
0.639561
2.06662
2.4662
0.952395
0.952395
1.83485
1.38888
1.7035
1.7035
1.48287
1.31753
0.992612
0.814314
0.814314
1.82789
1.82789
1.82789
1.82789
2.9369
2.9369
2.9369
2.9369
2.9369
2.9369
2.9369
2.9369
0.104324
0.104324
0.104324
0.104324
0.726872
0.726872
0.83407
0.83407
0.83407
0.83407
0.83407
0.871604
0.871604
0.871604
0.871604
0.871604
0.871604
0.312945
0.312945
0.312945
0.312945
0.743835
0.743835
0.743835
1.71407
1.58826
1.8287
1.8287
1.8287
1.8287
1.8287
1.8287
1.43899
1.18877
1.01977
1.01977
1.01977
1.01977
1.01977
1.01977
1.01977
0.213332
0.296083
0.296083
0.296083
0.296083
0.296083
0.296083
0.296083
0.296083
