-0.0323839 -1.42616 0.546504 -1.93363 1.48341 0.3938 -0.449477 -3.03931 -1.25598 -2.25083 -0.704603 -3.50875 0.512865 -2.37268 1.47236 -0.52783 -3.28039 0.859706 2.25513 0.868278 -2.92712 -3.13041 3.365
0.315496 -1.23422 1.56596 1.90701 -1.2567 0.72211 -0.449477 -3.03931 -1.25598 -2.25083 -0.0959743 -3.50875 2.50982 -2.68416 -0.52783 2.10131 -2.60948 -4.33589 -2.68436 0.00491368 -0.535568 -1.77112 -1.06086 -1.0166
0.315496 0.21965 -1.27584 1.90701 -1.2567 0.432696 -0.449477 -3.03931 -1.25598 -2.27638 0.992588 -3.50875 2.50982 -0.52783 -2.68416 -2.60948
1.94334 3.51415 -1.11717 1.90701 -4.64015 -0.387345 1.81564 -0.846452 -0.622245 1.92927 -5.4077 -4.35323 3.18658 -0.52783 1.50294 -1.12408
1.94334 0.100376 -1.11717 1.90701 -4.64015 -0.387345 0.161061 -0.846452 -0.622245 1.92927 -5.4077 -5.57049 3.18658 -2.04245 -1.12408 1.54677 3.01392 -2.64251 0.0315356 2.01278 -2.15013 2.93581 -0.708101
2.87087 -0.2266 0.100376 1.90701 -1.417 -0.387345 -2.09497 -1.34353 3.60701 1.20644 -3.65979 -4.19603 -1.77766 -2.04245 -1.51321
0.689061 -0.2266 0.100376 -2.15266 -1.417 -2.09497 -0.387345 -1.34353 -1.92401 0.0820564 0.749987 0.907419 -5.3581 1.964 -1.51321 -1.13938 2.67395 2.22656 0.0244036 -3.83136 6.57464 -3.89954
3.18175 -1.13867 -1.08078 2.07805 -1.417 -2.09497 0.355165 6.64619 -1.92401 0.0820564 0.135511 0.907419 -8.09551 1.964 1.21587 -0.648297 1.74738 -1.0902 -2.28494 -2.35329 -1.95406 -2.74356 0.576982 -8.10578 -0.792759 3.52656 -1.65514 -3.07617 -0.562355 0.773412 0.570872 -2.03237 -0.342953 -2.29776 -1.6325
3.18175 -1.13867 0.496677 2.07805 -1.92289 0.709795 0.355165 2.11855 -0.295564 0.0820564 -3.90485 -4.85172 0.907419 3.7147 1.21587 1.57905 3.5718 -1.04179 -1.48424 -0.091954 3.58386 -0.0536954 -2.65346 -2.36903 2.84086 -1.27167
3.18175 -2.89231 -0.0263766 2.07805 -1.92289 -1.64907 0.355165 -3.76141 5.49743 0.230061 3.37878 -4.85172 0.907419 3.36129 1.08807 0.798669 -0.222388 3.3735 -0.000742425 0.957982 -1.86718
3.18175 -5.57616 -0.0263766 3.1378 -1.92289 -1.64907 -0.790798 -3.30859 0.183167 0.230061 -7.77791 3.37878 0.907419 3.36129 1.08807 -0.58781 1.77654 -0.210374 0.914283 2.43269 4.33573 1.05985 3.47843
1.09431 4.2966 -0.377492 -0.0263766 -1.23055 -4.17371 -0.790798 -3.58454 0.183167 1.22278 -0.501454 -1.27606 3.37878 3.36129 -6.3951 -1.42934 -0.28429 -2.82762 -1.16985 -0.125128 1.07559 1.55109 0.347981 0.369937 -1.88142 1.80406 0.979463 -0.935858
1.09431 4.2966 1.64835 -0.0263766 0.767359 -2.06786 -4.17371 3.59809 0.183167 4.95455 -0.501454 3.37878 -1.27606 1.80319 -6.3951 -5.75496 -1.28206 1.76505 -4.63338 -0.828107 0.628721 2.39626 -0.134351 1.88882 -2.81825 -3.85352
1.09431 4.2966 -0.281042 1.64835 2.42481 -2.64494 -4.17371 0.515674 4.95455 -2.28509 -0.501454 0.595373 -1.27606 1.80319 -6.3951 -0.289253 1.52444 0.103393 -0.338812 -0.23165 -1.69417 0.648169 3.70198 5.4495 2.70375 -1.19965 -0.483036
1.09431 4.2966 -0.281042 1.64835 2.42481 3.50677 0.515674 -4.17371 4.95455 -1.28107 0.595373 -1.07653 2.57532 6.24321 -1.27515 -1.31943 -1.46337 -0.413016 1.45883 1.48392 0.176724 0.263628 0.415676
1.09431 0.688538 -0.401465 1.64835 2.42481 1.29821 0.515674 -4.17371 4.95455 -1.28107 0.595373 1.11046 2.57532 6.24321 -1.27515 -1.18322 2.85327 3.37171 1.8404
-0.59873 0.688538 -0.401465 0.856543 -3.45163 -1.06083 0.515674 -4.17371 4.95455 -1.28107 0.357014 -4.49878 -0.0963064 0.0233489
4.12863 1.00028 -0.828527 -3.45163 0.856543 -5.80676 -2.62969 -4.17371 4.95455 -1.28107 -0.629527 2.28887 -0.49885 -5.45465 3.34147 0.353011 3.66258 -4.77617 -9.13118 5.73621 3.34009 2.6053 -2.84386
4.21872 -2.48955 1.00028 -0.828527 0.856543 -3.36704 3.09844 -4.32438 -0.613073 -1.28107 -0.629527 1.15295 -0.49885 -0.64255 1.93346 3.4136 2.29866 2.44966 -7.95704 -0.362261
4.21872 -4.0139 -1.34766 -0.828527 -0.957079 -3.36704 3.09844 -4.32438 -0.613073 -1.28107 -3.9756 0.651623 -0.49885 -3.7268 -0.566452 -0.162216
-4.0139 5.33708 -1.34766 -0.828527 -0.957079 1.9417 -3.36704 -0.000360255 -0.613073 -1.28107 -3.06143 -1.61031 -0.49885 2.04292 2.10576
-4.0139 2.36283 -1.34766 -0.942723 -0.957079 1.9417 -3.36704 -0.613073 -0.000360255 -0.669436 -3.06143 -0.496077 -5.2393 -4.53771 4.27387 -1.12335 -1.4699 -2.54479
-0.110213 0.603121 -1.34766 -0.725538 1.9417 -0.957079 2.83521 -2.45175 -0.000360255 -0.669436 -3.06143 -0.496077 3.67715 0.445945 1.87014 1.96698 -1.80572 2.11538 -4.67064 -3.10251 0.148888
-5.17527 0.152872 0.0706148 0.964219 -0.1711 0.331802 -0.102592 -3.20526 1.85621 -1.4545 5.27773
1.41278 0.152872 -1.7072 10.9869 4.79978 5.92497 -1.2824 1.51106 -0.376318 -4.19095 -1.49032 -0.984321 -3.31444 -0.751035 -0.604676
1.41278 0.152872
1.41278 0.152872 -1.24975 4.51778 -1.92837 -4.18804 -1.0157 4.86118
0.152872 1.41278 0.881149 0.536896 5.34199
0.152872 1.41278 6.43649 -4.31564 1.26379 -1.75006 1.528 -0.804007 -3.63676 2.37869 -0.677508 0.843977 2.34415 0.616903 -0.487605 0.931137 1.81882 4.94598 1.45591 -2.04554 -3.13695 -1.64289
0.152872 -1.71677 -0.0904532 -0.961971 1.35973 0.842653 -2.91011 3.35114 2.51211 1.34604 -1.18529 -0.852183 -0.251949 2.26485 -0.438109 0.0997831 1.99102 0.6573 -4.02962 6.04451
0.20932 2.29246 0.0125224 0.717404 -0.733639 1.07998 -1.65314
-0.206246 0.14336 -1.55367 0.584847 4.34381 -0.565387 0.903041
-0.206246 0.14336 -2.00439 5.36574 -1.39042 1.12879
-0.206246 0.14336 2.43741 2.10143 -4.32834 2.1665 2.19574 2.74573
0.14336 -0.206246 -1.27056
-1.09497 -0.206246
-1.75459 -0.669579
-1.75459 -0.669579 2.43771 1.56642 -3.94452
-1.07439 -0.669579 -0.0666876
-1.07439 -0.669579
-1.07439 2.68432 2.46581 3.10249
5.30063 2.68432 2.11665 -0.00560121 -2.98785
3.80089 3.2184
7.23527 -3.60638 -1.44084
-3.60638 7.23527
-3.52513 7.23527
5.36521 -3.52513
1.50172 1.27117
1.27117 0.543692
0.543692 -0.383304
0.543692 -0.383304
0.543692 -1.27499
0.543692 -1.27499
-4.18282 -1.27499 -2.43112 0.33008 -4.29427
-2.33268 -3.38864
1.41916 2.68891
1.41916 1.38359
-1.35932 2.38426
0.82534 -2.97168 1.96087 -2.63466
0.557197 -4.30308 -3.63379 2.91206 0.642715
0.557197 -5.58323 -3.64313 -0.773755 0.0617664
0.557197 -5.78689 1.52074 0.597113
0.557197 -4.69338 2.39125 0.461972 2.4115 3.15773 0.943295
1.47631 -4.23612 -7.69763
-4.63587 -2.07178
-1.6402 -2.07178
2.78328 -3.33991
1.36015 -2.98474 1.4548 1.96582 -3.01794
-2.98474 1.36015 -4.88002
-2.98474 3.67257 -7.82053
2.19361 -2.88239 -3.05339 2.6397
-1.59021 1.36418 0.392716
-1.0144 0.876045
-1.0144 0.876045 1.0299
-1.0144 -1.15657 -6.01127 -4.9169
4.37004 -0.913853
-1.40358 -0.913853
3.3128 -0.913853 -1.38739
3.3128 -2.99674 -1.70502
-1.0808 2.78848
2.78848 1.28828
-6.601 1.28828 -5.31609
-6.601 0.272046
-6.601 0.272046
3.4627 0.272046
-0.0697132 3.4627
-0.0697132 3.4627
3.80368 -2.58052
-2.40323 -2.58052
-2.40323 -2.02759
-1.37824 -4.85721 -1.75996 6.47253
-0.563478 -3.67942 -8.51575
-0.563478 -4.01075
-0.865242 4.97788 -0.356526
4.43468 4.97788
4.43468 4.97788 -22.8374
4.43468 1.95748 2.20351
4.43468 0.601056
7.97291 0.601056
7.97291 -0.451946
