-0.848435 1.83318 0.283185 -1.47805 1.01842 0.35536 0.448125 -0.882565 -1.79906 -2.16068 -0.745371 -2.12766 1.91439 0.471636 2.4449 0.947678 -0.944579 1.8542 1.14798 1.41087 -2.41175 0.275901
-0.897485 0.299506 1.01901 1.3663 -1.15845 0.951464 1.21977 0.448125 -0.483475 -1.86571 -0.745371 -3.63119 1.91439 -2.95672 2.4449 -0.0519544 0.849628 1.57435 0.0302986 0.14826 -6.28692 -2.44523 -4.16039 0.325112 2.52287
2.21718 -1.01926 5.60847 1.4524 -1.11158 -0.441608 -1.95835 0.98472 1.21977 -0.483475 -1.24683 -0.605456 -2.95672 3.52349 2.4449 -1.36678 -2.43208 4.78477 1.56522 0.96783 -1.36016
-0.210316 0.330296 4.66159 1.31716 -1.11158 -0.441608 -1.8306 8.07336 1.21977 -0.483475 1.14608 -0.605456 -3.82731 -1.98649 2.4449 -1.36678 1.66802 1.74382 0.778514 -2.38611 -0.839159 1.25441 -2.68571 0.632403 -3.4717 -2.84452 -2.48344 3.27187 1.29435 2.59931 2.07252 5.79751 2.88663 -0.765013
-0.210316 0.330296 0.350367 -1.11158 0.272609 0.925454 -0.704093 8.6714 1.21977 0.887523 -0.742662 -0.605456 -3.82731 1.21287 5.95106 -4.29335 5.29909 0.439872 0.706543 -3.71483 2.25382 3.01025 1.84773 -0.0497101 -0.900938 0.0688145 0.715478 1.50311 2.2897 1.53163 -0.0606494 -2.84533 -0.597981 -1.96362 1.35991
-1.93036 -4.09893 0.350367 -1.11158 0.272609 0.592816 4.69561 -2.00569 -1.68035 -0.742662 2.77636 -0.605456 1.44939 0.47898 2.32669 -2.37895 -8.42144 -2.9294 7.06537 0.959259 2.52709 -1.40676 -2.09632 -4.65393 -3.11412 2.05529 0.932097 5.50475 2.63871 0.816774 1.85486
-1.93036 -7.41549 0.350367 -4.13843 -2.9177 -0.503025 3.12306 1.77043 -1.68035 -4.84191 2.77636 1.44939 -2.32954 -0.888565 -3.75063 0.437035 0.131152 0.993743 1.72478 -3.37996 -3.37305
-1.93036 -4.99442 2.04663 -4.22823 -2.9177 -0.503025 1.77043 -2.13351 4.63979 -3.5605 2.40802 1.44939 -1.59727 2.74326 4.78681 1.12395 -4.69072 1.00161 0.617402 -0.222696 -0.168409 -3.05866 3.9042 4.05911 1.99385 -3.17234 -0.743442 -0.239841 -3.63803 4.08271 -0.0335213 -2.95535 1.33658 -0.0126956 0.274259 4.46976 2.78858 -0.931624 -1.45313 -2.25368 -1.16948 -5.33104 -0.989815 -1.94593 -1.35908 2.65047 -5.1719 -0.617198
-3.23561 -4.51716 -1.43706 -5.49391 -4.22823 -0.503025 -2.29504 -0.729749 -3.5605 1.73875 3.55353 1.44939 -1.59727 1.50456 1.71613 -1.26645 8.50373 -0.564569 -0.480558 3.03657 -0.999108 3.76962 -2.48173 -0.645766 3.08753 1.98472 0.365622 -3.61868 -1.63662 1.845 1.19679 -0.185982 -1.86244 7.68967 3.95159 0.0348279 -0.576054 -0.826658 -3.89444 -0.704966 -1.67742 4.75256 -0.805477 1.16534 -3.73874 -2.91379 -0.500254 1.46631
-4.51716 2.6472 -2.02145 -2.1721 -4.22823 0.975363 -0.0587209 -0.24727 -3.5605 1.73875 3.55353 3.5911 -3.13785 1.11602 1.5648 2.4705 -2.88477 4.51541 -0.0697825 -4.42903 1.52396 1.00373 -0.188319
1.41411 1.43643 2.6472 2.35144 -0.188021 0.975363 -0.0587209 -0.24727 -3.96273 1.73875 3.5911 1.06964 0.296347 -1.99579 1.02239 -5.51126 -2.06258 -1.94421 1.21579 -2.97652 -1.65547 -3.6582 -0.671743 1.52043 -0.776175 2.60894 1.39371 0.103393 -0.338812 -0.23165 -1.69417 0.648169 3.70198 5.4495 2.70375 -1.19965 -0.483036 0.178144 2.27838 2.37194 -3.61278 -0.845966 0.065093 1.59116 -4.30395 -0.333747 -1.40675 4.02105 2.65964 -1.82903
1.41411 1.43643 -0.0936207 1.19622 1.00495 6.90896 -0.198436 -3.0622 -0.24727 3.56209 0.124619 -1.32534 -2.40613 -1.3074 7.73948 4.45593 0.433413 2.58747 1.24514 -2.18273 6.12868 -0.658449 -1.34702
1.41411 2.55691 -0.0936207 1.12566 1.19622 0.235064 0.762508 -3.0622 -0.684618 3.56209 -0.0021251 -1.93865 -2.64909 1.60337 0.945003 -0.606889 -5.04078 2.73251 -3.77081 -0.950778
-2.18659 -2.91674 1.12566 -0.630058 1.19622 -0.523338 0.762508 -3.0622 -4.96378 0.22839 0.101481 0.693877 -1.17814 1.36426 -4.21309 0.655351 -0.510782 -0.581545 0.67745 1.35738 -0.783076 -3.9337 -1.18335 -13.0138 -1.95183 -0.642174 0.155026 1.81889 0.33345 0.416787 2.47272 0.304792 0.820755 -1.17505 -0.319515 6.82375
-2.18659 -0.594859 1.12566 1.19622 -0.630058 -0.523338 -3.0622 2.82254 5.29943 3.6201 -3.25659 -0.142852 -4.11535
-1.68517 -0.594859 1.12566 1.19622 -3.97656 1.72613 -3.0622 5.48115 -3.96052 -0.458117 1.00754 1.25262 3.66403 1.25615 0.127994 -0.591714 -0.773257 -2.15814 -8.68717 -1.91135
2.19227 -0.594859 0.898645 1.29004 -3.97656 1.72613 -3.0622 -3.96052 0.0629839 0.0387613 -6.04626 0.760166 -1.10832 -0.494067 -1.80304 0.86372 -0.764917 -1.24734
2.19227 1.26304 1.29004 4.14378 -3.97656 6.27559 2.92668 3.40314 2.97632 -1.22357 -0.712002 2.04058
0.395164 1.26304 1.29004 6.8148 -3.97656 2.92668 6.27559 3.53075 -0.29166 2.81694 -0.516578 -0.410514 -2.74259 4.79193 1.40378 1.52787 -2.99286 0.838665 -1.5421 -2.17612
1.09483 1.26304 1.29004 -3.97656 6.8148 2.92668 3.53075 -3.67155 -5.67889 -0.553944 -3.96167
1.09483 0.123664 -1.90643 -3.97656 6.8148 -2.95163 3.53075 5.2762
1.09483 -1.90643 0.123664 -0.169615 -2.95163 -4.33929 2.32855
-1.90643 1.09483 3.62915 0.123664 -2.8228 -4.33929 2.32855 3.75166
-3.27652 -1.27328 3.62915 -2.8228 1.40499 -4.33929 2.32855
-3.27652 3.62915 3.8279 -2.8228 1.40499 -3.16982 0.632568 -3.65559
-3.27652 2.0588 -4.79725 1.52957 3.34362 1.60191 -1.31409 2.5369
5.86884 0.320964 -1.31409 3.34362 1.14037 1.59276 -4.86575 -0.817463 -0.444003 1.19499 -2.77345 2.03066
5.86884 -1.31409 0.320964 1.14037 3.34362 0.712537 -4.86575 3.5712 -0.0320775
-1.58841 5.86884 -1.09938 1.14037 0.712537 3.34362 -1.31409
-1.58841 8.34286 -1.09938 -1.83903 -2.0889 -2.14618 -1.31409
-1.58841 -1.09938 8.34286 -1.83903 -1.80998 -4.56107 -1.31409 7.56826
-7.10305 -1.09938 3.82668 -1.83903 -1.91505 -4.56107 -0.301694
-7.10305 -1.09938 -1.91505 3.82668 -3.76304 -4.14041 -0.301694 -0.732283
-7.10305 -0.84843 1.38319 -1.91505 -3.76304 1.89758 -0.301694 -4.45478 0.958581 -3.94452 0.629441 -2.72506 -0.651035
-0.84843 -0.301694 1.38319 -4.56152 -1.91505 1.1259 -7.10305 -2.84159
-7.10305 -0.458052 -1.62138 -4.56152 1.1259 -1.91505 -2.44795 3.20431
3.4823 -2.44795 2.03957 2.96375 1.1259 -1.91505 0.684659
3.4823 2.16679 0.684659 1.1259 2.96375 -1.35894 -2.44795
3.4823 2.16679 -2.44795 -1.19752 1.15582 -2.76364 -0.13761 -0.598878 -0.0579676 -3.41108
1.86514 -2.1982 -0.13761 -3.0795 1.15582 -2.76364 -2.44795 -3.41052 -1.25694 -1.39898 -3.59711 -4.30066 -0.242788 1.36849 -0.359491 -0.139376 -2.94264 -0.521295
1.86514 -2.1982 -0.960676 -3.0795 1.54278 -1.10588 0.398906
1.86514 -2.1982 -1.10588 -5.27918 -3.0795 3.80011 -1.60276 5.21944 -10.0484
1.86514 -5.49865 -3.0483 -5.27918 -3.63937 -1.10588 -3.52986 3.26548 -2.5322 -3.54566 -3.38667 2.30484 -0.63469 -3.8818 -1.99848 -2.5662 0.556052 -4.36047 -2.09473 3.24112 0.785796 -3.11574 2.87698 0.807438
-2.40232 3.15548 2.78217 -3.73168 -3.63937 -1.10588 -3.52986 4.85417 -1.28596 3.91109 2.02804 -4.47586 -2.91263 -0.997626 4.72374 -3.59507 0.129021
3.80001 2.33688 -1.10588 -1.51035 -0.904409 3.48526 -9.14701 -5.32269 -1.68311 -1.63585 -3.33145 -1.02646 -3.63379 2.91206 0.642715 8.54892
1.39554 -1.51035 -1.10588 -3.8084 2.50962 3.90606 1.70936 -1.12099 1.02455
-1.10588 -0.362761 4.27539
-1.29302 1.57004 -1.01079 -1.99825 -2.17831 2.72946 -0.44349 -7.70719 0.115278 9.62381 -1.25748 -4.44941 3.59999 -0.215554 -1.76142 2.36792 -2.41975 1.99935 -0.287858 0.701915 1.80269 0.0533107 -2.66201 -1.68862
-1.29302 1.57004 -0.867931 1.76853 2.14036 -0.631838 7.26816 -1.52435
-1.29302 1.57004 -1.43165 -1.74935 0.217296 -3.49794 3.88148 -1.96155 -0.467027 6.88072 4.55131
1.03033 -1.26241 -2.25417
1.03033 -1.26241
-0.503324 -1.26241
-1.26241 -0.503324
-1.26241 0.48672
-1.26241 -1.32329 -1.00834
-1.26241 -1.32329 -4.10795 4.94631 7.85566
-1.26241 -1.32329
-0.0892523 -1.32329
-0.0892523 3.64647
-0.0892523 4.01378 -1.75734
1.98361 4.01378 -2.01298 -1.13686 -1.91717
-2.71371 3.18849
-2.71371 3.18849 -0.253874 2.22531 -1.28429
5.06143 3.18849 1.37898 -1.11071 11.7143 -4.75325 -2.0899
8.72485 2.59249 2.61071 -2.45052
8.72485 -0.412344
0.328422 -0.624359 -2.30889 1.85322
-4.33067 -0.189883
-5.09094 -3.85172
-5.19806 1.61241 1.09329
-4.37331 2.80464
4.14121 2.80464
1.20652 2.80464 -5.48098 0.901714 1.56537 -0.36647 -2.98767
1.20652 2.53334 2.17268 2.47448 -3.96222 -5.92379 0.330633 0.998083 -0.330688
2.53334 -1.1213 -1.98851 -0.703872 -0.599269 3.62779 0.775843 -3.05757 0.312217
2.53334 -1.1213 -12.2075 2.48247 -0.981724 -1.11459
2.53334 -1.1213 -4.1934 -2.04383 -0.210294 1.90818 -1.18994 -0.641668 -0.738584
-1.1213 2.53334 0.0939791 1.45941 1.01691 -2.49507
-1.1213 2.53334 -0.40297 -4.04395
6.78649 2.53334
6.78649 2.53334 -0.756379
6.78649 2.53334 -2.22766
1.96583 2.53334
2.25578 2.53334
2.25578 2.53334 -10.7587 2.05891
5.15635 0.476368 -6.24558 0.583575 -2.81876 2.50234 -1.80964 2.91893
5.15635 0.476368 4.40924 -0.0409616
1.49801 8.3923
1.49801 2.84 -1.67482 0.338278 1.24563
1.49801 2.84 1.72804 -0.539251
1.49801 2.84
1.49801 0.178997
1.49801 0.178997
-1.24752 1.24724
-5.64538 -0.534568
-5.64538 3.99782 -2.17622
3.99782 -5.64538
3.99782 -5.64538
-5.64538 3.99782
