1 11 5 0 4 1 0 4 12 0 2 4 1 5 1 0 1 3 2 3 60
1 17 14 2 0 0 0 1 11 0 5 0 0 4 0 1 1 1 1 1 0 0 0 0 60
1 20 18 3 0 0 0 10 1 0 2 1 0 2 0 1 0 0 0 1 0 0 0 0 0 0 0 0 0 60
1 20 18 3 0 0 0 10 1 0 2 1 0 2 0 1 0 0 0 1 0 0 0 0 0 0 0 0 0 0 0 60
20 1 18 3 0 0 0 10 1 0 2 1 0 2 0 1 0 0 0 1 0 0 60
20 3 18 1 0 0 0 10 0 1 2 0 1 2 0 1 0 0 0 1 0 0 0 0 0 0 0 0 0 0 0 0 0 0 0 0 0 0 0 0 0 0 0 0 0 60
22 3 19 1 0 0 0 7 0 1 2 0 1 2 0 1 0 0 1 0 0 0 0 0 0 0 0 0 0 60
22 1 19 1 0 0 0 7 0 3 0 2 1 2 0 1 0 0 1 0 0 0 0 0 0 0 0 60
25 1 20 0 1 1 0 4 0 2 0 3 0 1 0 1 0 0 1 0 0 0 0 0 0 0 0 60
25 1 20 0 1 1 0 4 0 2 3 0 0 1 0 1 0 1 0 0 0 0 0 0 60
24 2 20 0 1 0 0 2 1 2 1 3 0 2 0 1 0 1 0 0 0 0 0 0 0 0 0 0 0 0 0 0 0 0 60
24 1 21 1 0 1 1 1 2 0 2 2 0 2 0 1 0 1 0 0 0 0 0 0 0 0 0 0 0 0 60
24 1 1 21 0 1 1 1 2 0 2 2 0 0 2 1 0 1 0 0 0 0 0 0 0 0 0 0 0 0 0 60
22 1 1 21 1 0 1 1 0 2 2 2 0 0 2 1 0 1 0 0 0 0 0 0 0 2 0 0 0 0 0 0 0 0 0 0 0 0 0 0 0 0 0 0 0 0 0 0 60
21 1 1 22 1 0 1 1 0 3 2 0 0 2 0 1 0 1 0 1 0 0 0 0 0 2 0 0 0 0 0 0 0 0 0 0 0 0 0 0 0 0 0 0 0 0 0 0 0 0 0 0 0 0 0 0 0 0 0 0 0 0 0 0 0 0 0 0 0 0 0 0 0 60
21 1 1 22 1 0 1 1 0 3 2 0 2 0 0 1 0 1 0 1 0 0 0 0 0 2 0 0 0 0 0 0 0 0 0 0 0 0 0 0 0 0 0 0 0 0 0 0 0 0 0 0 0 60
21 1 1 22 0 1 1 1 0 3 2 0 2 0 0 1 0 1 0 1 0 0 0 0 0 2 0 0 0 0 0 0 0 0 0 0 0 0 0 0 0 0 0 0 0 0 0 0 0 0 0 0 0 0 0 60
21 1 1 22 0 1 1 1 0 3 2 0 2 0 0 1 0 1 0 0 1 0 0 0 0 2 0 0 0 0 0 0 0 0 0 0 0 0 0 0 0 0 0 0 0 0 0 0 0 0 0 0 0 0 0 0 0 0 0 0 0 0 0 0 0 0 60
19 4 1 20 0 0 1 1 0 3 2 0 2 0 1 0 0 1 1 0 1 0 0 0 0 2 0 0 0 0 0 0 0 1 0 0 0 0 0 0 0 0 0 0 0 0 0 0 0 0 0 0 0 0 0 0 0 0 0 0 0 0 0 0 0 0 0 0 0 0 0 0 0 60
20 2 1 22 0 0 1 1 0 3 2 0 2 0 1 0 0 0 1 0 1 0 0 0 0 2 0 0 0 0 0 0 0 1 0 0 0 0 0 0 0 0 0 0 0 0 0 0 0 0 0 0 0 0 0 0 0 0 0 0 0 0 0 60
20 1 2 22 0 0 1 0 0 3 2 0 2 0 1 0 0 0 1 0 1 0 0 0 0 2 0 0 0 0 0 0 0 1 0 0 0 0 1 0 0 0 0 0 0 0 0 0 0 0 0 0 0 0 0 0 0 0 0 0 0 60
21 1 2 24 1 0 0 1 0 0 2 1 3 0 0 0 1 0 0 0 0 0 0 0 0 2 0 0 0 0 0 0 0 1 0 0 0 0 0 0 0 0 0 0 0 0 0 0 0 0 0 0 0 0 0 0 0 0 0 0 0 0 0 0 0 0 0 0 0 0 0 0 0 0 0 0 0 0 0 0 0 0 0 0 0 0 60
21 2 2 25 1 0 0 1 0 0 1 1 3 0 0 0 1 0 0 0 0 0 0 0 0 2 0 0 0 0 0 0 0 0 0 0 0 0 0 0 0 0 0 0 0 0 0 0 0 0 0 0 0 0 0 0 0 0 0 0 0 0 0 0 0 0 0 0 0 0 0 0 0 0 0 0 0 0 0 0 0 0 60
20 2 1 24 1 0 1 1 0 0 2 1 3 0 0 0 1 0 0 0 0 0 0 0 0 2 0 0 0 0 0 0 0 1 0 0 0 0 0 0 0 0 0 0 0 0 0 0 0 0 0 60
21 1 2 23 1 0 1 1 0 0 2 1 0 3 0 0 1 0 0 0 0 0 0 0 0 2 0 0 0 1 0 0 0 0 0 0 0 0 0 0 0 0 0 0 0 0 0 0 0 0 0 0 60
20 1 2 22 1 1 1 1 0 0 2 1 0 3 0 0 1 0 0 0 0 0 0 0 2 1 0 0 0 1 0 0 0 0 0 0 0 0 0 0 0 0 0 0 0 0 0 0 0 60
20 1 2 23 0 1 1 1 0 0 2 0 1 3 0 0 1 0 0 0 0 0 0 0 2 1 0 0 0 1 0 0 0 0 0 0 0 0 0 0 0 0 0 0 0 0 0 0 0 0 0 0 0 0 0 0 0 0 0 0 0 0 0 0 0 0 0 60
20 1 2 23 0 1 1 1 0 0 2 0 1 3 0 0 1 0 0 0 0 0 0 0 1 2 0 0 0 1 0 0 0 0 0 0 0 0 0 0 0 0 0 0 0 0 0 0 60
20 1 2 23 0 1 0 1 2 0 2 0 2 3 0 0 1 0 0 0 0 0 0 0 0 1 0 0 0 0 0 0 0 0 0 1 0 0 0 0 0 0 0 0 0 0 0 0 0 0 0 0 0 60
20 1 2 23 0 1 0 1 2 0 2 0 2 3 0 0 1 0 0 0 0 0 0 0 0 1 0 0 0 0 0 0 0 0 0 1 0 0 0 0 0 0 0 0 0 60
20 1 2 23 0 1 0 1 2 0 2 0 2 3 0 0 1 0 0 0 0 0 0 0 1 0 0 0 0 0 0 0 0 0 0 1 0 0 0 0 0 0 0 0 0 0 0 60
20 1 2 23 0 1 0 1 2 0 2 0 2 3 0 0 1 0 0 0 0 0 0 0 1 0 0 0 0 0 0 0 0 0 0 1 0 0 0 0 0 0 0 0 0 0 0 0 0 0 0 0 60
20 2 1 23 0 2 0 1 1 0 2 0 2 3 0 0 1 0 0 0 0 0 0 0 1 0 0 0 0 0 0 0 0 0 0 1 0 0 0 0 0 0 0 0 0 0 0 0 60
21 2 21 1 0 2 0 1 1 1 2 0 2 3 0 0 1 0 0 0 0 0 0 0 1 0 0 0 0 0 0 0 0 0 0 1 0 0 0 0 0 0 0 0 0 0 0 0 0 0 0 0 0 0 0 0 0 0 0 0 0 0 0 0 0 0 0 0 0 0 0 60
19 2 23 1 0 2 0 1 1 1 2 0 2 3 0 1 0 0 0 0 0 0 0 1 0 0 0 0 0 0 0 0 0 0 0 1 0 0 0 0 0 0 0 0 0 0 0 0 0 0 0 0 0 0 0 0 0 0 0 0 0 0 60
21 2 22 1 0 2 0 1 1 1 3 0 2 0 1 0 0 0 0 0 1 0 0 1 0 0 0 0 0 0 0 0 0 0 0 1 0 0 0 0 0 0 0 0 0 0 0 0 0 0 0 0 0 0 0 0 0 60
21 2 22 1 0 2 0 1 1 2 3 0 1 0 0 1 0 0 0 0 1 0 0 1 0 0 0 0 0 0 0 0 0 0 0 1 0 0 0 0 60
22 2 21 1 2 0 0 1 1 2 3 0 1 0 0 1 0 0 0 0 1 0 1 0 0 0 0 0 0 0 0 0 0 0 0 1 0 0 0 0 0 0 0 0 60
21 2 22 2 1 0 0 1 1 2 3 0 1 0 0 1 0 0 0 0 1 0 1 0 0 0 0 0 0 0 0 0 0 0 0 1 0 0 0 0 0 0 0 0 0 0 60
21 1 22 2 1 0 0 2 1 2 3 0 1 0 0 1 0 0 0 0 1 1 1 0 0 0 0 0 0 0 0 0 0 0 0 0 0 0 0 0 0 0 0 0 0 0 60
22 21 1 2 1 0 0 2 1 2 3 1 0 0 0 1 0 0 0 0 1 1 1 0 0 0 0 0 0 0 0 0 0 0 0 0 0 0 60
22 21 2 3 1 0 0 2 1 1 2 1 0 0 0 1 0 0 0 0 1 1 1 0 0 0 0 0 0 0 0 0 0 0 0 0 0 0 60
22 21 2 0 3 2 0 2 1 1 1 2 0 0 0 0 0 0 0 0 1 1 1 0 0 0 0 0 0 0 0 0 0 0 0 0 60
22 21 2 0 3 2 0 2 1 1 1 2 0 0 0 0 0 0 0 0 1 1 1 0 0 0 0 0 0 0 0 0 0 0 60
22 22 2 0 2 2 0 2 1 1 0 3 0 0 0 0 0 0 0 0 1 1 1 0 0 0 0 0 0 0 0 0 0 60
23 22 2 0 2 2 0 2 1 1 0 2 0 0 0 0 0 0 0 0 1 1 1 0 0 0 0 0 0 0 0 0 0 0 0 0 0 0 0 0 0 0 60
23 22 1 0 2 2 0 2 1 1 0 2 0 0 0 0 0 0 0 0 1 2 1 0 0 0 0 0 0 0 0 0 0 0 60
23 22 1 0 2 2 0 1 2 1 0 2 0 0 0 0 0 0 0 0 1 2 1 0 0 0 0 0 0 0 0 0 0 60
23 22 1 0 2 2 0 1 1 2 0 2 0 0 0 0 0 0 0 0 2 1 1 0 0 0 0 0 0 0 0 0 0 0 60
24 20 1 2 0 2 0 1 1 2 0 2 0 0 0 1 0 0 0 0 2 1 1 0 0 0 0 0 0 0 0 0 0 60
23 21 1 2 0 2 0 1 1 0 2 2 0 1 0 1 0 0 0 0 2 1 0 0 0 0 0 0 0 0 0 0 0 0 0 0 0 0 0 0 60
23 21 1 2 0 2 0 1 1 0 2 2 0 1 1 0 0 0 0 0 2 1 0 0 0 0 0 0 0 0 0 0 0 0 0 0 0 0 0 0 0 0 0 60
23 21 1 2 0 2 0 1 2 1 0 2 0 1 1 0 0 0 0 0 2 1 0 0 0 0 0 0 0 0 0 0 0 0 0 0 60
23 21 2 2 0 2 0 1 1 1 0 2 0 1 1 0 0 0 0 0 1 2 0 0 0 0 0 0 0 0 0 0 0 0 60
22 23 2 2 0 1 0 2 1 1 0 2 0 1 1 0 0 0 0 0 0 2 0 0 0 0 0 0 0 0 0 0 0 0 0 0 0 0 0 0 0 0 0 0 0 0 0 60
23 21 2 2 1 1 0 2 1 0 1 2 0 1 1 0 0 0 0 0 0 2 0 0 60
23 21 2 2 1 1 0 2 1 0 1 2 0 1 1 0 0 0 0 0 0 2 0 0 0 0 0 0 0 0 0 0 0 0 60
23 21 2 2 1 1 0 2 1 1 0 2 0 1 0 1 0 0 0 0 0 2 0 0 0 0 0 0 0 60
23 21 2 2 1 1 0 1 2 1 0 2 0 0 0 1 1 0 0 0 0 2 0 0 0 0 0 0 0 0 0 60
23 21 2 1 2 1 0 1 2 1 0 2 0 0 1 0 1 0 0 0 0 2 0 0 0 0 0 0 0 0 0 60
25 21 1 1 2 0 0 1 2 2 0 1 0 0 1 0 0 1 0 0 0 2 0 0 0 0 0 0 0 60
24 23 1 0 2 0 0 1 2 2 0 1 0 1 0 0 0 1 0 0 0 2 0 0 0 0 60
25 22 1 1 2 0 1 1 2 2 0 1 0 0 0 0 1 0 0 0 0 1 0 0 0 0 0 0 0 0 0 0 0 0 0 60
25 22 1 1 0 2 1 1 2 2 0 1 1 0 0 0 1 0 0 0 0 0 0 0 0 0 60
26 22 1 0 0 2 1 1 2 2 1 0 1 0 0 0 1 0 0 0 0 0 0 0 0 0 60
26 21 1 1 0 2 1 1 2 2 1 1 0 0 0 0 1 0 0 0 0 0 0 60
26 21 1 1 0 2 1 2 1 2 1 1 0 0 0 0 1 0 0 0 0 0 0 0 60
26 21 1 1 0 2 2 1 1 1 2 1 0 0 0 0 1 0 0 0 60
27 20 1 1 0 2 2 1 0 1 2 2 0 0 0 0 1 0 0 0 0 0 60
27 20 1 0 1 2 2 1 1 0 2 2 0 0 0 0 1 60
25 22 1 0 1 1 2 2 1 0 2 2 0 0 0 0 1 0 0 0 0 60
26 20 1 1 1 1 2 2 1 0 2 2 0 0 0 0 1 0 60
26 20 1 1 1 1 2 2 1 0 2 2 0 0 0 1 0 0 0 0 0 0 0 0 0 60
26 20 1 1 1 2 2 1 1 0 2 2 0 0 1 0 0 0 0 0 60
26 20 1 1 1 2 2 1 1 0 2 2 0 0 1 0 0 0 0 0 0 60
20 26 1 1 1 2 2 1 1 0 2 2 0 1 0 0 0 60
26 20 1 1 1 2 2 1 1 0 2 2 0 1 0 0 0 0 0 60
21 25 2 1 1 2 1 1 0 1 2 2 0 1 0 0 0 0 0 0 0 0 0 0 0 0 0 60
20 27 2 1 1 2 1 1 0 1 2 0 2 0 0 0 0 0 0 0 0 0 0 0 0 60
27 20 2 1 1 2 1 1 0 2 1 0 2 0 0 0 0 0 0 0 0 0 0 0 0 0 0 0 60
27 20 2 1 1 2 1 1 0 2 1 0 2 0 0 0 0 0 0 0 0 60
27 20 2 1 2 2 0 1 1 2 1 0 1 0 0 0 0 0 60
27 20 1 2 2 2 0 1 1 2 1 0 1 0 0 0 60
27 20 1 2 2 2 1 0 1 2 1 0 1 60
27 20 1 2 2 2 1 0 1 2 1 1 60
21 27 1 2 2 0 1 0 3 1 1 1 0 0 60
22 28 1 1 2 0 0 1 3 0 1 1 0 0 0 0 0 0 0 0 0 60
23 27 1 1 2 0 0 1 0 3 1 1 0 0 0 0 0 0 0 0 60
23 27 1 1 2 0 0 1 3 1 0 1 0 0 0 0 0 0 0 0 0 0 0 0 0 0 0 60
22 28 1 1 2 0 0 1 3 1 0 1 0 0 0 0 0 0 0 0 0 0 60
22 28 1 1 0 2 1 1 3 1 0 0 0 0 0 0 0 0 0 0 0 60
22 28 1 1 0 2 1 1 3 1 0 0 0 0 0 60
22 28 1 1 0 2 1 1 1 3 0 0 0 0 0 0 0 0 0 0 0 0 60
22 28 1 1 0 2 1 1 1 3 0 0 0 0 0 0 60
22 1 28 1 0 2 1 1 1 3 0 0 60
20 1 26 0 2 1 4 1 3 1 0 1 0 0 0 60
21 25 1 0 2 1 3 2 3 0 1 0 1 0 0 0 0 0 0 0 0 0 0 60
21 25 1 0 2 1 3 2 0 3 1 0 1 0 0 60
21 25 1 0 1 2 3 2 0 3 1 0 1 0 0 0 0 0 0 0 0 0 0 0 0 0 0 0 0 60
21 25 1 0 1 3 2 2 0 3 1 0 1 0 0 0 0 0 0 60
21 25 1 0 3 1 2 2 0 3 0 1 1 0 0 0 0 0 0 60
21 25 1 0 3 1 2 2 0 3 1 0 1 0 0 0 0 0 0 0 0 0 0 0 0 0 0 0 0 0 0 60
21 24 1 1 3 1 2 2 3 0 1 0 1 0 0 0 0 0 0 0 0 0 0 0 0 0 0 0 0 0 0 0 60
21 1 24 1 3 1 2 1 3 0 1 0 2 0 0 0 0 0 0 0 0 0 0 0 0 0 60
1 20 25 1 3 1 2 3 1 0 1 0 2 0 0 0 0 0 0 0 0 0 0 0 0 0 0 0 0 0 0 0 60
21 1 24 1 3 2 2 3 1 0 1 0 1 0 0 0 0 0 0 0 0 0 60
21 1 24 3 1 2 3 2 1 0 1 0 1 0 0 0 60
21 2 25 0 2 0 5 1 1 0 1 0 1 0 0 0 0 0 0 0 0 1 60
22 25 2 0 2 0 4 1 1 1 1 0 1 0 0 0 0 0 0 0 0 0 60
23 24 2 0 2 0 4 1 1 1 1 0 1 0 0 0 0 0 0 0 60
24 24 2 0 0 4 2 1 1 1 0 0 1 0 0 0 0 60
24 2 24 0 0 4 2 1 1 1 0 0 1 60
26 2 25 0 0 2 1 2 1 0 0 0 1 0 0 0 0 0 0 60
26 2 25 0 0 2 1 2 0 1 0 0 1 0 0 0 0 0 60
25 2 26 0 1 0 2 2 0 1 0 0 1 0 0 0 0 0 0 0 0 0 0 0 0 0 60
26 25 2 0 1 0 2 2 0 1 0 0 1 0 0 0 0 0 0 0 0 0 0 0 60
25 26 2 0 1 0 2 1 1 0 0 0 2 0 60
25 26 0 2 1 0 2 1 0 1 0 0 2 0 0 0 60
25 26 0 2 1 0 1 0 2 1 0 2 0 0 0 60
25 26 0 1 2 0 1 0 2 1 2 0 0 0 0 0 60
25 25 1 1 2 0 0 1 2 1 2 0 0 0 60
25 26 1 0 2 0 0 2 1 1 2 0 60
26 25 0 1 2 0 0 2 1 1 2 0 0 60
26 25 0 1 2 0 0 2 1 2 1 0 60
26 25 0 1 2 0 0 2 1 2 1 0 0 60
24 25 0 1 2 2 0 2 1 2 1 60
24 25 0 1 2 2 0 2 1 2 1 60
26 23 0 1 2 2 2 0 1 2 1 0 0 0 0 60
26 23 0 1 2 2 2 0 2 1 1 0 0 0 0 60
26 23 0 1 2 2 2 0 2 1 1 0 0 60
26 23 0 1 2 2 2 2 0 1 1 0 60
26 23 1 0 2 2 2 2 0 1 1 0 0 0 0 0 0 60
26 23 2 0 1 2 2 2 0 1 1 60
26 23 2 0 1 2 2 1 2 0 1 0 0 0 0 0 60
25 24 2 0 2 1 2 1 2 0 1 0 0 0 60
25 23 2 1 2 2 1 1 2 0 1 0 0 0 60
24 24 3 3 0 1 1 1 2 0 1 0 0 0 0 0 0 0 0 60
24 24 3 3 0 1 1 1 0 2 1 0 0 0 0 0 0 0 0 60
23 25 3 3 1 0 1 1 0 1 2 0 0 0 0 0 60
25 23 3 3 1 0 1 0 1 1 2 0 0 60
25 23 3 3 1 1 0 0 1 1 2 0 0 0 0 0 0 60
25 23 3 3 1 0 1 0 1 1 2 0 0 0 0 0 0 0 0 60
24 24 3 3 1 0 1 0 1 1 2 0 60
24 24 1 3 3 0 1 0 1 1 2 0 60
24 24 1 2 3 1 0 0 1 1 3 0 0 60
24 24 1 2 3 1 0 0 1 1 3 0 0 0 0 0 0 0 60
24 24 1 2 3 1 0 0 1 3 0 1 0 0 0 60
24 22 1 2 4 1 1 1 0 3 1 0 0 0 0 60
24 22 1 4 2 1 1 1 3 0 1 0 0 0 0 60
24 22 1 4 2 1 1 1 3 0 1 0 0 60
23 23 1 2 4 1 1 1 3 0 1 0 0 0 0 60
23 24 1 2 4 1 2 1 1 0 1 60
23 23 1 4 2 1 2 2 1 0 1 0 0 0 0 0 60
24 22 4 1 2 1 1 2 2 0 1 0 0 60
22 24 6 2 2 1 0 1 1 0 1 0 0 60
23 23 2 5 4 0 1 0 1 0 1 0 0 0 60
22 23 5 2 5 0 1 0 1 0 1 0 0 60
25 24 3 3 2 1 0 0 1 0 1 0 60
24 25 2 3 3 1 0 0 1 0 1 0 0 0 60
23 26 2 3 3 0 1 0 1 0 1 60
23 24 2 5 3 0 1 1 0 0 1 0 0 60
22 25 2 3 5 0 1 1 0 0 1 0 60
22 25 2 3 5 0 1 1 0 0 1 0 0 0 0 60
22 24 2 3 5 1 0 1 0 0 2 60
22 24 2 3 5 0 1 1 0 2 0 0 0 0 60
24 23 2 3 4 0 1 1 2 0 60
24 23 2 3 4 0 1 1 2 60
23 24 2 3 4 0 1 1 2 60
22 25 4 2 3 0 1 1 2 0 0 60
24 23 4 2 3 1 0 1 2 0 0 0 60
23 24 4 2 3 0 1 1 2 0 0 60
22 25 3 2 4 0 1 2 1 0 0 0 0 0 60
23 25 2 3 4 0 1 0 2 0 0 60
22 26 2 3 4 1 0 0 2 0 60
23 2 25 3 4 1 0 2 0 60
23 2 24 4 1 4 0 2 0 0 0 0 60
23 2 24 1 4 4 0 2 0 0 0 0 60
2 23 24 1 4 4 0 2 0 0 0 60
2 23 26 1 2 2 0 4 0 0 0 0 0 60
2 22 27 1 2 2 0 4 0 0 0 0 0 0 60
1 20 28 2 2 2 0 4 1 0 0 60
1 22 26 1 2 2 0 4 2 0 0 0 0 0 0 0 60
1 22 26 2 1 2 4 0 2 0 0 0 60
1 23 25 1 2 2 4 0 2 0 0 0 0 0 60
1 23 25 1 2 2 4 2 0 60
1 26 22 1 2 2 2 4 0 0 0 0 0 0 0 0 60
1 26 22 1 2 2 4 2 0 0 0 0 0 0 0 0 0 0 0 0 0 0 0 0 0 0 0 0 0 60
1 26 22 1 2 2 4 2 0 0 0 0 0 0 0 0 0 0 0 0 0 60
1 24 25 1 2 3 2 2 0 0 0 0 0 0 60
25 1 25 2 0 3 2 2 0 0 0 0 60
25 1 25 0 2 3 2 2 0 0 0 60
25 1 25 0 2 3 2 2 0 0 0 0 0 0 0 60
24 1 24 1 3 3 2 2 0 0 0 60
24 1 23 3 1 3 3 1 0 0 0 0 0 0 1 0 0 0 0 0 0 0 0 0 0 0 0 60
27 0 24 3 1 2 2 0 0 0 0 0 0 0 1 0 0 0 0 0 0 60
29 24 0 3 0 1 2 0 0 0 0 0 0 1 0 0 0 0 0 0 0 60
28 24 0 3 1 1 2 0 0 0 0 0 0 1 0 0 0 0 0 0 0 0 0 0 0 0 60
28 24 0 1 3 1 2 0 0 0 0 0 0 1 0 0 0 0 60
28 24 1 0 3 1 2 0 0 0 0 0 0 1 0 60
28 23 2 0 3 2 1 0 0 0 0 0 0 1 0 0 0 0 0 0 0 0 60
27 22 3 2 1 3 1 0 0 0 0 0 0 1 0 60
26 22 3 1 3 3 1 0 0 0 0 0 0 1 0 0 0 0 0 0 60
26 22 3 1 3 3 1 0 0 0 0 0 0 1 0 0 0 0 0 0 0 60
25 23 3 1 3 1 3 0 0 0 0 0 0 1 0 0 0 60
27 23 3 3 1 0 3 0 0 0 0 0 0 0 0 0 0 0 0 0 0 0 0 0 0 60
27 24 2 1 3 0 3 0 0 60
27 24 2 3 0 3 1 0 60
27 24 3 2 3 0 1 0 0 60
26 25 3 3 2 1 0 60
25 26 3 3 2 1 60
26 25 3 3 2 1 0 0 0 0 0 0 60
26 25 3 3 1 2 0 0 0 0 0 0 0 60
26 3 25 1 3 2 0 0 0 0 60
26 1 25 3 3 2 60
25 1 26 3 3 2 0 0 0 0 60
25 2 25 3 3 2 0 0 0 0 60
2 26 24 3 3 2 0 60
25 25 3 2 3 2 0 0 0 0 60
25 25 3 2 2 3 0 0 0 0 60
24 26 3 2 2 3 0 60
25 3 25 3 2 2 0 0 60
25 2 25 3 2 3 0 0 0 0 0 0 0 0 0 60
25 2 25 2 3 3 0 0 0 0 0 0 0 0 60
25 25 2 2 3 3 60
25 25 2 3 2 3 0 0 0 60
26 24 2 3 3 2 0 0 0 0 0 0 0 0 0 0 60
24 26 3 2 3 2 0 0 0 0 60
25 24 2 4 3 2 60
25 24 4 2 3 2 0 0 0 0 60
26 23 4 2 3 2 0 60
24 25 3 4 2 2 0 0 0 0 0 0 0 0 60
24 25 3 2 4 2 0 0 0 0 0 0 0 0 0 0 0 0 60
25 24 2 3 4 2 0 0 0 0 60
25 23 2 4 3 2 1 0 60
25 23 2 4 3 2 1 0 0 0 0 0 60
25 23 4 2 3 2 1 0 60
25 23 4 2 2 3 1 0 0 0 0 0 0 0 0 0 0 0 60
26 22 4 3 2 2 1 0 0 0 0 60
26 22 4 3 2 1 2 0 0 0 60
22 26 4 3 2 1 2 0 0 0 60
23 25 4 3 2 1 2 0 0 60
22 25 5 3 1 2 2 0 0 60
23 24 5 3 1 2 2 0 0 0 0 0 60
23 24 5 3 1 2 2 0 0 0 0 0 60
22 25 5 3 1 2 2 0 0 0 0 0 0 0 0 0 60
24 23 2 5 1 2 2 1 0 0 0 60
24 23 2 1 5 2 2 1 60
23 24 2 1 5 2 2 1 0 0 0 0 60
24 27 2 3 1 0 1 2 0 60
24 27 2 1 3 0 2 1 60
24 27 2 1 3 0 2 1 0 0 0 0 0 0 0 0 60
24 27 2 1 3 0 2 1 60
25 26 2 1 3 0 2 1 0 60
26 25 2 1 0 3 2 1 0 60
28 24 0 2 3 0 2 1 0 0 60
27 25 0 3 2 0 2 1 0 0 0 0 0 60
27 25 0 3 2 0 2 1 0 60
27 25 0 3 2 2 0 1 0 0 0 60
25 27 0 2 2 3 0 1 0 0 60
25 27 0 2 2 3 0 1 60
25 27 2 0 3 0 2 1 0 60
22 29 1 2 3 0 2 1 0 0 0 60
27 24 1 3 2 0 2 1 0 0 60
27 23 1 2 1 1 3 2 0 0 0 60
28 22 2 2 1 1 3 1 0 0 0 60
27 23 2 2 1 1 3 1 0 0 0 0 0 0 0 0 0 0 0 0 60
28 22 2 2 1 1 1 3 60
27 23 2 2 1 1 1 3 0 0 60
28 22 2 2 1 1 1 3 0 0 0 60
21 27 2 3 2 1 1 3 0 0 60
22 26 2 3 2 1 3 1 0 0 0 0 0 60
22 26 3 2 2 3 1 1 0 0 0 0 0 0 0 60
22 26 2 3 3 2 1 1 0 60
23 26 3 2 3 2 0 1 0 0 0 0 0 0 0 0 0 60
23 26 3 2 3 2 1 0 0 0 0 60
23 26 3 3 2 2 1 0 0 60
23 26 3 3 2 1 2 0 0 0 60
23 26 3 3 2 1 2 0 0 0 0 0 0 0 0 0 0 0 0 0 0 0 60
23 26 3 3 2 1 2 0 60
23 3 26 3 2 1 2 60
23 3 26 3 2 1 2 60
22 3 26 3 2 2 1 1 0 0 60
22 5 26 3 2 1 1 0 0 0 0 0 0 60
20 6 27 3 2 1 1 0 0 60
20 6 27 3 2 1 1 0 0 0 60
22 25 6 3 1 2 1 60
22 27 4 3 1 1 2 60
27 24 2 3 1 1 2 60
24 26 2 2 3 1 2 60
24 26 2 2 1 3 2 0 0 0 60
24 26 2 1 2 3 2 0 0 0 60
24 26 1 2 2 3 2 60
24 26 1 2 3 2 2 60
26 24 1 3 2 2 2 60
26 24 1 3 2 2 2 0 0 0 0 0 0 60
26 24 1 2 2 3 2 0 0 60
26 1 24 2 2 3 2 0 0 60
25 1 24 4 2 2 2 0 0 0 60
25 24 1 4 2 2 2 0 0 0 0 60
25 24 2 1 4 2 2 0 0 0 0 0 0 0 0 60
26 24 2 1 3 2 2 0 0 0 0 60
26 23 2 1 2 3 2 0 0 1 0 0 60
26 23 2 1 2 3 2 0 1 0 0 0 0 0 0 0 60
25 25 2 1 1 3 2 0 1 0 0 0 0 0 0 0 0 0 0 0 60
25 23 3 1 1 3 2 1 0 0 0 1 60
24 23 6 0 2 2 1 1 0 0 0 1 0 0 0 60
24 24 0 6 2 2 0 1 0 0 0 1 0 0 0 0 60
24 24 0 6 2 1 0 2 0 0 0 1 0 0 0 0 0 60
23 24 0 7 2 1 2 0 0 0 0 1 0 0 60
25 25 0 4 1 2 2 0 0 0 0 1 0 0 0 60
25 26 0 4 1 2 2 0 0 0 0 0 0 0 60
26 25 0 4 1 2 2 60
26 25 4 0 1 2 2 60
27 24 4 0 2 1 2 0 60
25 26 4 0 2 1 2 0 0 0 0 60
25 26 4 0 2 1 2 0 0 0 60
26 25 0 4 1 2 2 60
26 25 0 3 1 3 2 0 60
25 26 0 3 3 2 1 0 0 0 60
25 26 3 0 3 2 1 0 0 0 60
26 25 3 0 3 2 1 0 0 60
26 25 3 3 0 2 1 60
23 27 3 3 0 2 2 60
24 26 3 3 0 2 2 0 0 0 0 0 60
24 26 4 3 1 0 2 0 60
24 26 4 3 0 1 2 0 0 0 0 0 0 60
24 26 4 3 1 0 2 0 0 0 0 0 0 0 0 0 60
24 22 3 5 1 0 4 0 1 0 0 60
24 5 22 3 1 0 4 0 1 0 0 0 60
24 5 20 3 3 0 4 1 0 60
23 6 20 3 3 4 0 1 0 0 0 60
23 6 21 3 2 4 1 60
24 5 21 3 4 2 1 0 0 0 0 0 0 0 60
24 5 21 4 3 2 1 0 0 0 0 0 0 0 0 0 0 0 0 0 60
21 5 22 7 3 1 1 0 0 0 0 0 0 0 60
7 23 22 3 3 1 1 0 60
7 23 22 3 3 1 1 0 0 0 60
24 5 24 3 3 0 1 0 0 0 0 0 0 0 60
24 25 5 3 3 0 0 0 0 0 0 0 60
24 25 3 3 5 0 0 0 0 60
26 23 2 2 5 2 0 0 60
24 25 2 5 2 2 0 0 0 0 0 0 60
25 24 2 5 2 2 60
24 25 2 5 2 2 0 0 0 0 0 60
24 25 2 2 2 5 0 0 0 0 60
23 24 2 2 2 5 0 1 1 0 0 0 0 0 60
24 24 2 2 2 5 0 1 0 0 0 0 0 0 0 60
25 23 2 2 2 0 5 1 0 0 0 0 60
25 25 1 4 2 2 0 1 0 0 0 60
24 26 1 2 4 2 1 0 0 0 0 0 60
24 26 1 2 4 1 2 0 60
26 25 1 2 1 3 2 0 60
25 26 1 1 2 3 2 0 0 0 0 0 0 0 0 0 0 0 0 60
25 26 1 1 2 3 2 0 0 0 0 0 0 60
25 26 1 1 2 2 3 0 0 0 0 0 0 0 0 0 0 0 0 0 0 0 0 0 0 60
26 26 1 0 2 3 2 0 0 0 0 0 0 0 0 0 0 0 0 0 60
25 27 0 1 3 2 2 0 0 0 0 0 0 0 0 0 0 0 0 0 0 0 0 0 0 0 0 0 0 60
25 27 0 1 2 3 2 0 0 0 0 0 0 0 0 60
26 26 0 1 2 3 2 0 0 0 0 0 0 0 0 0 0 60
25 26 1 0 3 2 2 1 0 0 0 0 0 0 60
26 25 1 0 3 1 2 2 0 0 0 0 60
26 23 1 0 3 3 2 2 0 0 0 0 60
25 24 1 3 0 2 2 3 0 60
26 23 2 3 0 2 3 1 0 0 0 0 0 0 0 0 60
27 21 2 3 0 3 1 3 0 0 0 0 0 0 0 0 0 0 60
26 22 2 3 0 3 1 3 0 0 0 0 0 0 0 0 0 0 60
23 1 24 1 0 2 2 6 0 0 0 0 1 60
25 1 25 0 0 2 2 4 0 0 0 0 1 0 0 0 0 60
25 1 25 0 0 2 1 4 0 0 0 0 2 0 0 0 0 0 0 0 0 60
25 1 23 2 0 2 1 4 0 0 0 0 2 0 0 60
1 26 22 2 2 0 1 4 0 0 0 0 2 0 60
1 26 22 4 2 1 2 0 0 0 0 0 2 60
2 26 22 4 2 1 2 0 0 0 0 0 1 0 0 0 0 0 0 60
2 26 22 2 4 1 2 0 0 0 0 0 1 0 0 0 0 0 0 0 60
2 26 22 2 4 1 2 0 0 0 0 1 0 0 0 0 0 0 0 0 0 0 0 0 60
27 2 22 2 3 1 0 2 0 0 0 1 0 0 0 0 0 0 60
26 2 23 3 2 1 0 2 0 0 0 1 0 0 0 0 0 60
26 2 23 3 1 2 0 2 0 0 0 1 0 0 0 0 0 60
26 2 23 3 1 2 2 0 0 0 1 60
26 2 6 20 1 2 2 0 0 1 0 0 60
26 6 2 20 1 2 2 0 1 0 60
26 6 1 20 2 2 2 0 1 0 0 60
25 7 1 19 2 2 3 0 1 0 0 0 0 0 0 0 0 60
25 7 19 1 2 3 2 0 1 0 0 60
25 7 19 1 2 2 3 0 1 0 0 60
25 7 19 1 2 3 2 0 1 0 0 0 0 60
7 19 25 1 2 3 2 0 1 0 0 60
7 19 25 1 2 3 0 2 1 0 0 0 0 0 0 60
7 20 1 25 3 2 0 2 0 0 0 0 0 60
5 4 20 24 4 2 0 1 0 0 0 0 60
3 4 21 24 4 0 3 1 60
3 4 25 21 4 0 3 0 0 0 60
4 3 24 22 4 0 3 0 0 0 0 0 0 60
3 4 24 22 0 4 3 0 0 0 0 60
3 4 25 21 0 4 3 0 60
3 24 7 20 3 0 3 0 0 0 0 60
25 3 8 20 2 0 2 0 0 60
3 25 9 19 2 2 0 0 60
25 3 9 19 2 2 0 0 0 0 0 0 0 0 0 0 0 0 0 60
3 25 6 22 2 2 0 0 0 0 0 60
3 25 6 22 2 2 0 0 0 0 0 0 0 60
25 2 6 22 3 2 0 0 0 0 0 0 0 0 60
25 2 6 22 2 3 0 0 0 0 0 0 0 0 0 60
26 6 2 21 2 3 0 0 0 0 0 0 0 0 0 0 0 60
26 22 5 2 3 2 0 0 0 0 0 0 0 60
26 23 5 2 2 2 0 0 60
26 23 5 2 2 2 0 0 0 60
27 23 5 1 2 2 0 60
23 27 5 1 2 2 0 0 0 0 60
23 27 1 5 2 2 0 0 0 0 0 60
22 28 2 5 1 2 60
23 27 2 5 1 2 60
23 27 5 2 1 2 0 60
23 27 5 1 2 2 0 60
23 27 5 1 2 2 0 60
27 23 5 2 1 2 60
27 23 5 2 2 1 0 0 0 0 0 60
27 23 5 2 1 2 0 0 0 0 0 0 0 0 0 0 0 0 0 60
23 27 5 1 2 2 0 0 0 0 0 0 0 0 0 0 0 0 0 60
23 27 5 2 1 2 0 0 0 0 0 0 0 60
27 23 5 2 1 2 0 0 0 0 0 0 0 60
24 26 5 2 1 2 0 0 0 0 0 60
24 26 5 2 2 1 0 0 0 0 0 0 0 0 0 0 0 0 60
22 28 5 2 2 1 0 0 0 0 0 60
23 28 4 2 2 1 0 0 0 0 0 60
28 23 4 2 2 1 60
28 23 4 2 2 1 0 60
27 24 4 2 2 1 0 60
27 24 4 2 2 1 0 0 0 0 60
28 23 4 2 2 1 0 0 0 60
27 25 3 2 3 0 0 0 60
25 27 2 3 3 0 0 60
28 24 2 3 3 60
27 25 2 3 3 60
27 25 2 3 3 60
27 25 3 2 3 0 60
28 24 3 3 2 0 60
28 24 3 3 2 0 0 0 0 0 60
28 24 2 3 3 0 0 0 0 0 0 0 0 60
30 2 22 3 3 0 0 60
30 22 3 2 3 0 0 0 0 0 0 60
22 30 2 3 3 0 0 0 0 0 0 0 0 60
29 23 2 3 3 0 0 0 0 0 0 0 0 0 0 0 60
28 24 2 3 3 0 0 0 0 0 0 0 0 0 0 60
25 27 3 2 3 0 0 0 0 0 0 0 60
25 27 2 3 3 0 0 0 0 0 60
25 27 2 4 2 60
25 27 2 4 2 0 0 0 0 60
26 26 2 4 2 0 0 60
27 25 2 2 4 0 60
25 27 1 5 2 0 0 60
25 27 5 1 2 60
25 27 5 2 1 0 60
25 27 5 2 1 0 0 60
25 27 5 2 1 0 0 0 0 0 0 0 60
28 24 5 2 1 0 0 60
28 24 2 5 1 0 0 60
27 26 4 2 1 0 0 0 60
24 28 4 2 1 1 0 60
24 28 4 2 1 1 0 0 60
24 27 4 1 2 2 0 0 60
26 23 6 1 2 2 60
26 5 24 2 1 2 0 0 60
4 25 26 2 1 2 0 0 60
4 26 25 2 1 2 0 0 0 0 60
2 27 26 2 1 2 0 0 0 0 60
27 2 25 2 1 2 1 60
2 24 27 2 2 1 2 0 0 0 0 0 0 0 0 60
2 25 26 2 2 1 2 0 0 0 60
2 25 26 2 2 1 2 60
2 26 25 2 2 1 2 0 60
2 27 24 2 2 1 2 60
2 27 24 2 2 1 2 0 0 0 0 60
27 2 24 2 2 1 2 0 0 0 0 0 0 0 60
28 23 2 2 2 1 2 0 0 0 0 0 60
27 24 2 2 2 1 2 0 0 0 0 0 0 60
27 24 2 2 1 2 2 0 0 0 60
24 27 2 2 1 2 2 0 0 0 0 60
24 27 1 2 2 2 2 0 0 0 0 0 0 0 0 0 60
25 29 0 0 2 2 2 0 0 0 0 0 0 0 0 0 0 60
28 25 0 0 2 2 2 0 0 0 0 0 1 0 60
28 25 0 0 2 2 2 0 0 0 0 0 1 0 0 0 0 60
27 26 0 2 0 2 2 0 0 0 0 0 1 0 60
26 27 0 2 0 2 2 0 0 0 0 1 60
27 27 2 0 0 2 2 0 0 0 0 0 0 0 60
28 26 2 0 2 0 2 0 0 0 0 0 0 0 0 0 0 60
28 26 2 0 0 2 2 0 0 0 0 0 0 60
27 26 2 0 2 2 0 0 0 1 0 0 0 0 0 60
27 26 2 0 2 2 0 0 1 0 0 0 0 0 0 0 0 0 0 0 0 0 0 0 60
27 26 2 0 2 2 0 0 1 0 0 60
27 26 2 0 2 2 0 0 1 0 0 60
26 26 2 1 1 2 0 0 2 60
27 26 3 0 0 2 0 0 2 0 0 0 60
27 26 3 0 0 2 0 0 2 0 60
26 27 3 0 0 2 0 0 2 0 0 0 60
26 26 1 3 0 2 0 0 2 60
26 26 1 3 0 2 0 0 2 60
26 26 2 3 0 1 0 0 2 0 60
27 25 2 3 1 0 0 0 2 0 0 0 0 0 0 60
27 25 1 3 2 0 0 2 60
26 1 25 3 3 0 2 0 0 0 0 60
26 2 26 3 2 0 1 0 0 0 0 0 60
26 2 26 3 2 0 1 60
26 2 26 3 0 1 2 0 0 0 0 60
26 2 26 3 0 1 2 0 0 0 0 0 60
26 2 26 3 1 2 0 60
26 2 26 1 2 3 0 0 0 0 0 60
2 26 26 1 2 3 0 0 0 0 60
2 26 26 1 2 3 0 60
26 2 26 1 2 3 60
2 27 25 1 2 3 60
2 27 25 2 1 3 60
2 27 25 1 2 3 0 0 0 0 60
27 2 25 1 2 3 60
26 26 2 1 3 2 0 60
26 26 2 2 3 1 0 0 0 0 0 0 0 60
27 25 2 2 3 1 0 60
27 25 2 2 3 1 0 0 0 0 0 0 0 60
27 25 2 2 3 1 0 0 0 0 60
25 27 2 2 3 1 0 60
26 26 2 2 3 1 0 0 60
26 26 2 2 3 1 0 0 0 0 0 60
26 26 3 2 1 2 0 0 0 0 0 0 0 0 0 0 0 0 0 0 0 0 60
27 24 4 2 1 2 0 0 0 0 60
26 25 4 2 1 2 0 0 0 0 0 0 0 0 0 0 0 0 0 0 0 0 0 0 0 0 0 0 0 0 0 0 60
26 25 1 4 2 2 0 0 0 0 0 0 0 0 0 0 60
25 26 4 1 2 2 0 0 0 0 0 0 0 0 0 0 0 0 60
25 26 4 2 1 2 0 0 0 60
25 26 1 5 2 1 0 0 0 0 0 0 0 60
25 26 1 5 2 1 0 0 0 0 0 60
25 26 5 2 1 1 0 0 0 0 60
26 25 5 2 1 1 0 0 60
25 26 5 2 1 1 0 0 60
25 26 5 2 1 1 0 0 60
27 24 5 1 2 1 0 0 60
27 24 5 1 2 1 0 0 0 0 0 60
25 26 5 1 2 1 0 0 60
25 26 5 1 2 1 0 60
25 26 5 1 2 1 0 60
24 26 5 1 2 1 0 0 1 0 0 0 0 60
25 25 1 5 2 1 0 0 1 0 0 60
25 25 1 2 5 1 0 1 60
24 26 1 5 2 1 0 1 60
25 25 1 5 1 2 1 0 0 0 0 60
25 25 5 2 1 1 1 60
24 25 5 2 2 1 1 0 60
24 25 5 2 2 1 1 0 0 0 0 0 0 0 0 0 0 60
24 26 2 4 2 1 1 0 0 0 0 0 0 0 60
23 26 3 4 1 2 1 0 0 0 0 0 0 0 0 0 0 60
23 26 3 1 4 2 1 0 0 0 0 0 0 0 0 0 0 0 0 0 60
24 25 1 2 4 3 1 0 0 0 0 0 0 0 0 0 60
22 27 2 4 1 3 1 0 0 0 0 0 0 0 60
22 27 3 4 3 0 1 0 60
23 26 4 3 3 0 1 0 0 0 0 0 60
24 26 4 2 3 0 1 0 0 0 0 0 0 0 60
25 25 4 2 3 0 1 0 60
24 27 1 4 0 3 0 0 1 60
23 28 4 1 0 3 0 1 0 0 0 0 0 0 0 0 60
27 21 4 3 0 4 0 1 60
28 22 1 4 0 4 0 1 0 60
27 1 23 4 4 0 0 1 0 0 60
27 1 23 4 4 0 0 1 0 0 0 0 0 0 60
26 1 24 5 3 0 0 1 0 0 60
27 1 24 4 2 1 1 0 0 0 0 0 0 0 0 60
27 24 1 4 2 1 1 0 0 60
27 24 1 4 1 2 1 0 0 0 0 0 0 0 0 0 0 0 0 0 0 0 0 0 60
27 24 1 4 2 1 1 0 0 0 0 60
27 24 1 2 4 1 1 0 0 60
26 25 1 4 2 1 1 0 0 0 60
27 24 1 4 2 1 1 0 0 0 0 0 0 0 0 0 0 0 0 0 60
27 24 4 1 2 1 1 0 0 0 0 0 0 0 0 0 0 0 0 0 0 0 0 0 0 60
27 24 1 4 2 1 1 0 0 0 60
27 24 1 4 2 1 1 0 0 0 0 0 0 0 0 0 0 0 0 0 60
24 27 1 4 1 2 1 0 0 0 0 0 0 0 0 0 0 60
24 26 5 1 1 2 1 0 0 0 0 60
24 26 1 5 1 2 1 0 0 0 0 0 60
24 26 5 1 1 2 1 0 0 60
24 26 5 1 1 1 2 60
26 24 5 1 1 1 2 0 0 0 0 60
27 24 4 1 1 2 1 60
27 24 4 1 1 2 1 60
27 24 1 4 1 2 1 0 0 0 0 60
27 24 1 1 4 2 1 0 0 0 0 0 0 0 0 0 0 0 0 0 60
24 27 1 1 4 2 1 0 0 0 0 0 0 0 0 0 0 0 0 0 0 0 60
27 24 1 1 4 2 1 0 0 0 0 0 0 0 0 0 0 60
27 24 1 1 4 1 2 0 0 60
27 24 2 1 4 1 1 0 0 0 0 0 0 0 0 60
27 24 2 1 4 1 1 0 0 60
27 24 2 1 4 1 1 0 0 0 60
27 24 2 4 1 1 1 0 0 0 0 0 0 60
24 27 2 4 1 1 1 60
24 27 4 2 1 1 1 60
27 24 4 1 1 2 1 60
26 25 4 1 2 1 1 0 0 60
26 25 1 4 2 1 1 0 0 60
27 25 1 4 1 1 1 0 0 0 60
27 1 26 4 0 1 1 0 60
28 1 24 4 0 1 1 0 0 1 0 0 0 60
27 0 26 4 0 1 1 0 0 1 0 0 0 60
0 26 27 4 0 1 0 1 0 1 0 0 0 0 60
0 27 25 4 0 0 2 1 0 1 0 0 0 0 0 0 0 0 0 0 0 0 60
0 27 26 4 0 0 1 1 0 1 0 60
0 26 27 4 0 0 1 0 1 1 0 60
0 26 26 4 1 1 0 0 1 1 0 0 0 0 0 0 0 0 60
0 26 26 4 1 1 0 0 1 1 0 0 60
0 25 27 4 1 1 0 0 1 1 0 0 0 0 0 60
0 24 28 1 1 4 0 0 1 1 0 0 0 0 0 0 0 0 0 0 0 0 60
0 25 27 1 1 4 0 0 1 1 0 0 0 0 0 0 0 0 0 0 0 0 0 60
0 25 27 1 1 4 0 0 1 1 0 0 0 0 0 0 0 60
0 26 1 26 1 4 0 0 1 1 0 0 0 0 0 0 0 60
0 26 1 26 1 4 0 1 0 1 0 0 0 60
0 25 1 25 2 4 1 1 0 1 0 0 0 0 0 0 0 0 0 0 0 0 0 0 0 0 0 0 0 0 0 0 60
0 25 1 25 2 4 0 1 1 1 0 0 0 0 0 60
0 25 25 2 1 2 0 1 1 2 0 0 0 0 1 0 0 0 0 0 0 0 0 0 60
21 2 25 0 3 2 2 0 1 2 1 0 0 0 1 0 0 60
22 2 25 0 3 2 2 0 1 0 0 2 0 0 1 0 0 0 60
18 2 25 8 1 2 0 0 0 0 1 1 0 0 1 0 1 0 0 60
19 1 25 1 8 2 0 0 0 0 1 1 0 1 0 0 1 0 0 0 0 0 60
20 1 24 1 8 2 0 0 1 0 1 0 0 1 0 1 0 0 0 0 0 0 0 0 0 0 0 0 0 0 0 0 0 60
22 1 26 1 4 2 1 1 0 0 1 0 0 0 0 1 60
23 1 25 1 4 2 1 1 0 0 0 1 0 0 0 1 0 0 0 0 60
22 1 26 0 4 1 2 1 0 0 1 1 0 0 0 1 0 0 0 0 60
24 1 25 4 0 2 1 1 0 0 0 1 0 0 0 1 0 0 0 0 0 60
23 1 25 4 0 2 1 1 0 0 1 1 0 0 0 1 0 0 0 0 60
21 1 26 4 2 0 1 1 0 1 0 1 0 1 0 1 0 0 0 0 0 0 0 0 0 0 0 60
22 1 25 4 2 0 1 1 0 1 0 1 0 1 0 1 0 0 0 0 60
1 22 24 5 0 2 1 1 1 1 0 1 0 0 0 1 0 0 0 0 0 0 0 0 0 0 0 0 0 0 0 0 0 0 0 0 0 0 0 0 0 60
1 22 24 5 0 2 1 1 1 1 0 1 0 0 0 1 0 0 0 0 0 0 0 60
1 22 24 5 2 0 1 1 1 1 0 1 0 0 1 0 0 60
1 21 25 5 0 2 1 0 1 2 0 1 0 0 1 0 0 0 0 0 0 0 0 0 60
1 21 25 5 0 2 1 0 1 2 0 0 1 0 1 0 0 0 0 0 0 60
1 25 22 5 1 2 1 0 0 2 0 0 0 0 1 0 0 0 0 60
1 27 5 20 1 2 1 0 2 0 0 0 0 0 1 0 0 0 0 60
27 1 5 20 1 2 1 0 2 0 0 0 0 0 1 0 0 0 0 0 0 0 60
1 25 5 22 2 1 1 0 2 0 0 0 0 0 1 0 0 0 0 60
1 26 5 21 2 1 1 2 0 0 0 0 0 0 1 0 0 60
1 26 5 21 2 1 1 2 0 0 0 0 0 0 1 60
1 27 6 20 2 0 1 1 1 0 0 0 0 1 0 0 0 0 0 0 60
1 27 6 20 2 0 1 1 1 0 0 0 0 1 0 0 0 0 60
1 27 6 20 0 2 1 1 1 0 0 0 0 1 0 0 0 0 0 0 0 0 0 60
2 27 5 20 2 0 1 1 1 0 0 0 0 1 0 0 60
2 26 21 5 2 0 1 1 1 0 0 0 0 1 0 0 0 0 0 0 60
2 26 21 5 2 0 1 1 1 0 0 0 0 1 0 0 0 0 0 0 0 0 0 60
2 26 21 5 2 1 1 1 1 0 0 0 0 0 60
2 25 23 4 1 2 1 1 1 0 0 0 0 0 0 60
2 26 22 1 4 2 1 1 1 60
2 26 22 1 2 4 1 1 1 0 0 0 0 60
4 26 22 2 1 2 1 1 1 0 0 0 0 60
4 26 22 1 1 2 2 1 1 0 60
26 4 22 1 2 1 2 1 1 60
22 4 26 2 1 1 1 2 1 0 0 0 0 0 0 60
22 4 26 2 1 1 1 1 2 0 0 0 60
22 4 26 2 1 1 1 1 2 0 60
22 4 26 2 1 1 1 1 2 0 60
22 4 26 2 1 1 1 2 1 0 0 0 0 60
22 26 4 2 1 1 2 1 1 0 0 0 0 0 0 0 0 0 60
21 26 4 2 3 1 1 2 0 0 0 0 0 60
21 26 3 2 4 1 1 2 0 0 0 60
22 26 2 4 2 1 1 2 60
23 25 2 4 2 1 1 2 0 0 0 0 0 0 0 0 0 0 0 0 0 60
23 2 25 4 1 2 1 2 0 0 0 0 0 60
23 2 25 4 1 2 2 1 0 60
22 26 2 4 1 2 2 1 0 0 0 0 60
23 26 2 4 1 1 2 1 60
25 26 2 4 0 2 0 1 0 0 60
24 27 2 4 0 2 0 1 0 60
25 25 2 5 0 2 0 1 0 0 0 60
26 24 2 5 0 2 1 60
26 25 2 4 0 2 1 0 0 0 0 0 0 60
26 25 2 0 4 1 2 0 0 0 60
24 27 2 0 4 1 2 60
25 26 0 2 4 1 2 60
25 26 0 2 4 1 2 0 60
26 26 0 2 1 3 2 0 0 0 60
26 26 1 1 1 3 2 0 0 60
26 26 1 1 1 3 2 0 60
26 26 1 1 3 1 2 0 0 0 60
26 26 1 3 1 2 1 0 0 60
26 26 1 1 2 1 3 0 0 60
26 26 1 1 2 1 3 60
26 26 1 2 1 3 1 0 60
27 25 2 1 1 3 1 0 0 0 0 0 60
26 26 2 1 3 1 1 0 0 0 60
25 27 2 2 3 1 0 0 0 0 0 60
27 25 1 1 5 1 0 0 0 0 0 60
26 26 1 1 5 1 60
25 27 1 1 5 1 60
24 28 1 1 5 1 0 0 0 0 0 0 60
25 27 1 1 1 5 0 0 0 0 60
27 25 1 1 1 5 0 0 0 0 0 60
27 25 1 1 1 4 0 0 0 0 0 0 0 1 60
27 26 2 1 1 2 0 0 0 0 0 0 0 1 0 0 0 0 0 0 0 0 60
25 27 1 2 2 1 0 0 1 0 0 0 0 1 0 0 0 60
25 27 1 1 2 2 0 0 1 0 0 0 0 1 0 0 0 60
25 27 1 1 2 2 0 0 1 0 0 0 1 0 0 60
25 28 1 1 2 2 0 1 0 0 0 0 0 0 0 60
26 27 1 1 2 2 1 0 0 0 0 60
25 28 1 1 2 1 2 0 0 0 0 0 0 0 0 60
29 24 2 2 1 1 1 60
29 24 2 2 1 1 1 0 0 0 0 0 0 0 60
26 27 2 2 1 1 1 0 0 60
25 27 2 2 1 1 1 0 0 0 0 1 0 60
25 28 1 2 1 1 1 0 0 1 0 0 0 0 60
25 28 1 1 1 2 1 0 0 1 0 0 0 0 0 0 60
26 27 1 1 1 2 1 0 0 1 0 0 0 0 0 60
26 27 1 1 1 2 1 0 0 1 0 0 0 0 0 60
25 28 1 2 1 1 1 0 0 1 0 0 0 0 60
26 28 1 2 1 0 1 0 1 0 60
27 27 1 2 1 0 0 1 1 60
26 28 1 2 1 1 1 0 0 60
27 27 1 1 2 1 1 60
28 26 1 2 1 1 1 0 60
28 26 1 1 2 1 1 0 0 0 0 0 60
30 24 1 1 2 1 1 0 0 0 0 0 60
29 25 1 2 1 1 1 0 0 0 0 0 60
28 26 1 2 1 1 1 60
28 26 1 1 2 1 1 0 0 60
29 25 1 1 1 2 1 60
29 25 1 1 1 2 1 0 0 0 60
29 25 1 2 1 1 1 0 0 0 0 60
29 25 1 2 1 1 1 0 0 60
29 25 1 2 1 1 1 0 0 0 60
29 25 1 1 2 1 1 60
29 25 1 1 1 2 1 0 0 0 0 0 60
27 27 1 1 2 1 1 0 0 0 0 0 0 0 0 60
27 27 1 1 1 2 1 0 0 0 0 0 0 0 0 0 0 0 0 60
27 26 1 1 2 1 1 0 0 0 1 0 0 0 60
27 26 1 2 1 1 1 0 0 1 0 60
28 25 1 2 1 1 1 0 0 1 60
24 29 1 2 1 1 1 0 0 1 60
27 26 2 1 1 1 1 0 1 0 0 0 0 0 0 60
26 27 1 1 1 2 1 1 0 0 60
26 27 1 1 1 2 1 1 0 0 60
26 27 1 1 1 2 1 1 0 0 0 60
26 27 1 1 1 2 1 1 0 0 60
27 25 1 1 2 2 1 1 0 60
26 25 2 2 1 2 1 1 0 60
25 26 2 2 2 1 1 1 0 0 0 0 0 0 0 60
25 26 2 2 2 1 1 1 0 0 0 0 0 60
27 24 2 2 2 1 1 1 0 0 0 0 0 60
27 24 2 2 2 1 1 1 0 0 0 0 0 0 0 0 0 0 0 60
24 27 2 1 2 1 1 2 0 0 0 0 0 0 0 0 0 0 0 60
25 27 0 3 1 1 1 2 0 0 0 0 0 0 0 0 0 0 0 0 0 0 0 0 0 60
26 26 0 2 2 1 1 2 0 0 0 0 0 0 0 0 0 0 0 0 0 0 0 0 0 0 0 0 60
27 24 0 2 2 1 1 2 0 0 0 0 0 0 0 0 0 0 1 0 0 0 0 0 0 60
26 25 0 1 2 1 2 2 0 0 0 0 0 0 0 0 0 1 0 0 0 0 0 0 0 0 0 60
26 25 0 0 1 2 2 2 0 1 0 0 0 0 0 0 0 1 0 0 0 0 0 60
26 25 0 0 1 2 2 2 0 1 0 0 0 0 0 0 0 1 0 0 0 0 0 0 0 60
26 25 0 0 2 2 1 2 1 0 0 0 0 0 0 0 1 0 0 0 0 0 0 0 0 0 0 0 0 0 0 0 0 0 60
24 26 0 0 2 2 1 2 1 1 0 0 0 0 0 0 1 0 0 0 0 0 0 0 0 0 0 0 0 0 0 0 0 0 0 0 0 0 0 0 0 60
25 26 0 0 2 1 1 3 1 0 0 0 0 0 0 0 1 0 0 0 0 0 0 0 0 0 0 0 0 0 0 0 0 60
25 27 1 0 1 0 1 3 0 1 0 0 0 0 0 0 1 0 60
26 26 1 0 1 0 1 3 0 1 0 0 0 0 0 0 1 60
25 27 1 1 0 0 1 3 0 1 0 0 0 0 0 0 1 0 0 0 0 0 0 0 60
23 28 1 1 1 1 0 3 1 0 1 0 0 0 0 0 0 0 0 0 0 60
28 23 1 1 1 1 0 3 1 0 1 0 0 0 60
28 24 1 1 3 0 0 1 1 0 1 0 0 0 0 0 0 60
28 24 1 0 1 3 0 1 1 0 0 0 0 1 0 0 0 0 0 0 0 0 0 0 0 0 0 60
27 24 0 1 1 0 3 1 1 0 1 0 0 1 0 0 0 0 0 0 0 60
27 24 1 0 1 0 3 1 1 0 1 0 0 1 0 0 0 0 0 0 0 0 0 0 0 0 0 60
27 25 1 0 0 0 3 1 1 1 0 0 0 1 0 0 0 0 0 0 0 60
27 25 3 0 0 0 1 1 1 1 0 0 0 1 0 0 0 0 0 0 0 0 0 0 0 60
27 25 3 0 0 0 1 1 1 1 0 0 0 1 0 0 60
27 26 3 0 0 0 1 1 0 1 0 0 1 0 0 0 0 0 0 0 0 60
27 26 3 1 0 0 0 1 0 1 0 1 0 0 0 0 60
27 24 3 1 1 0 0 1 1 1 1 0 0 0 0 0 0 0 0 0 60
27 24 3 1 1 0 1 0 1 1 1 0 0 0 0 0 60
27 25 3 0 1 0 1 1 0 1 1 0 0 0 0 0 0 0 0 0 0 0 0 60
27 25 3 0 0 1 1 0 1 1 1 0 0 0 0 0 0 0 0 0 0 0 0 0 0 0 0 0 0 0 60
26 27 3 0 0 1 1 0 1 1 0 0 0 0 0 0 0 0 60
26 27 3 0 0 1 1 0 1 1 0 0 0 0 0 60
26 27 3 0 1 0 0 1 1 1 0 0 0 0 0 0 60
26 27 3 0 1 0 0 1 1 1 60
27 27 3 0 1 0 0 0 1 1 0 0 0 0 60
28 26 1 0 3 0 0 0 1 1 0 0 0 0 0 0 0 0 0 0 0 60
28 26 1 0 0 3 0 0 1 1 0 0 0 0 0 0 0 60
26 27 1 0 0 3 0 1 1 0 0 0 0 1 60
26 1 27 0 0 3 1 0 1 0 0 0 0 1 0 0 0 0 0 0 0 0 0 0 60
24 27 3 0 3 0 1 0 1 0 0 0 0 1 0 60
24 27 3 0 3 1 0 0 1 0 0 0 0 1 0 0 0 0 0 60
23 27 3 1 3 1 0 0 1 0 0 1 60
23 27 1 3 3 1 0 0 0 1 0 1 0 0 0 0 0 0 0 0 0 60
23 27 1 3 3 0 1 0 0 1 0 1 0 0 0 0 0 60
23 27 1 3 3 0 0 1 0 1 0 1 0 0 0 0 60
23 27 1 3 0 3 0 1 0 1 0 1 0 0 0 0 0 60
23 26 3 0 1 3 1 1 0 1 0 1 0 0 0 0 0 0 0 0 0 0 0 0 0 0 0 60
23 3 26 0 1 3 1 1 0 1 0 1 0 0 0 0 0 0 0 0 0 0 60
23 3 26 0 1 3 1 1 0 0 1 1 0 0 0 0 0 0 0 60
26 3 23 0 1 3 1 1 0 0 1 1 0 0 60
26 3 24 0 1 2 1 1 0 0 1 1 0 0 0 0 0 0 0 60
26 3 24 0 1 3 0 1 0 0 1 1 0 0 0 0 60
27 3 23 1 0 3 0 1 0 0 1 1 0 0 0 0 0 60
26 3 24 1 0 3 0 1 0 1 0 1 0 0 0 0 0 0 0 60
24 3 26 1 0 3 0 1 0 1 0 1 0 0 0 0 0 0 60
26 3 24 1 0 3 0 1 1 1 0 0 0 0 0 0 0 0 0 0 0 60
26 3 24 0 1 3 0 1 1 1 0 0 0 0 0 0 0 0 60
27 3 0 23 1 3 0 1 1 1 0 0 0 0 0 0 0 60
27 3 23 0 1 3 0 1 1 1 0 0 0 0 0 0 0 60
27 3 0 23 1 3 0 1 1 1 0 0 0 0 0 0 0 0 0 0 60
27 3 0 23 1 0 3 1 1 1 0 0 0 0 0 0 0 0 0 0 0 0 0 0 0 0 0 60
27 0 1 23 0 3 3 1 1 1 0 0 0 0 60
26 1 1 23 0 3 1 3 1 1 0 0 0 0 0 0 0 0 60
25 0 1 23 3 1 0 3 1 2 0 1 0 0 0 0 0 0 60
27 0 1 22 1 3 0 3 1 2 0 0 0 0 0 0 0 0 60
27 1 0 22 1 3 0 3 1 2 0 0 0 60
27 1 0 22 1 3 0 3 1 2 0 0 0 0 0 0 0 0 0 0 0 0 0 0 60
28 1 1 20 1 0 3 3 1 2 0 0 0 0 60
28 1 1 20 1 0 3 3 2 1 0 0 0 0 60
25 1 1 22 1 1 3 2 1 3 0 0 60
26 1 21 1 1 1 3 2 1 3 0 0 0 0 0 0 0 60
26 2 21 1 1 1 3 1 1 3 0 0 0 0 0 0 60
25 22 2 1 1 1 3 1 1 3 0 0 0 0 0 0 60
26 22 1 1 0 2 3 1 1 3 0 0 0 0 0 0 0 0 0 60
27 20 1 1 0 5 1 1 3 1 0 0 0 0 60
27 20 1 1 0 1 5 1 3 1 0 0 0 0 0 0 0 0 0 0 0 60
27 20 0 1 0 1 5 1 3 1 0 0 0 0 1 0 0 0 0 60
26 21 0 1 1 0 5 1 3 1 0 0 0 0 1 0 60
27 20 0 1 1 0 5 3 1 0 1 0 0 0 1 0 0 0 0 0 0 0 0 60
27 20 0 1 1 0 5 1 3 0 1 0 0 0 1 0 0 0 0 0 60
27 21 0 1 1 0 4 1 0 3 1 0 0 0 1 0 0 0 0 60
27 20 0 1 1 5 0 1 0 3 1 0 0 0 1 0 0 0 0 0 0 0 0 0 0 0 0 60
27 20 1 0 5 1 0 1 0 1 3 0 0 0 1 0 0 0 0 0 60
19 28 1 0 5 1 0 1 0 1 0 3 0 0 1 0 0 0 0 0 0 0 0 0 60
21 26 0 1 5 1 0 1 0 1 0 3 0 0 1 60
20 25 3 0 6 1 0 0 0 1 3 0 0 0 1 0 0 0 0 0 0 0 0 0 0 0 0 60
20 25 3 0 6 1 0 0 0 3 1 0 0 0 1 0 0 0 0 0 0 0 0 0 0 0 0 0 0 0 60
19 25 4 6 1 0 0 0 0 3 0 1 0 0 1 0 0 0 0 0 0 0 0 0 0 0 0 60
20 24 4 6 0 1 0 0 0 3 0 1 0 0 1 0 0 0 0 0 0 0 0 0 0 0 0 0 0 0 60
19 25 4 6 0 0 1 0 1 0 0 1 0 0 3 0 0 0 0 0 0 0 0 0 0 0 0 0 0 0 0 0 0 0 0 0 0 0 0 0 0 0 0 0 0 60
19 25 4 6 0 1 0 0 1 0 0 0 1 0 3 0 0 0 0 0 0 0 0 0 0 0 60
20 24 4 6 0 1 0 0 0 1 0 0 1 0 3 0 0 0 0 0 0 0 0 0 0 0 0 60
20 24 4 6 0 1 0 0 1 0 0 0 3 0 1 0 0 0 0 0 60
21 25 5 4 0 1 0 0 0 0 0 0 3 1 0 0 0 0 0 0 0 0 0 0 0 0 0 0 0 60
21 25 5 4 0 1 0 0 0 0 0 3 1 0 0 0 0 0 0 0 0 60
21 25 5 4 0 1 0 0 0 0 0 1 3 0 0 0 60
21 25 5 4 0 1 0 0 0 0 0 1 3 0 0 0 0 0 0 0 0 0 0 60
21 25 5 4 0 1 0 0 0 0 0 3 1 0 0 0 0 0 0 0 0 0 0 0 0 60
22 24 5 4 0 1 0 0 0 0 0 1 3 0 0 0 0 0 0 0 0 60
21 25 4 5 0 1 0 0 0 0 0 1 3 0 60
25 21 4 5 0 0 1 0 0 0 0 1 3 0 0 0 0 0 0 0 60
25 21 5 4 0 1 0 0 0 0 0 1 3 0 0 0 0 60
24 22 5 4 0 1 0 0 0 0 0 1 3 0 0 0 0 0 0 60
24 22 4 5 0 1 0 0 0 0 0 3 1 0 0 0 0 0 0 0 0 0 0 0 60
24 22 4 5 1 0 0 0 0 0 0 3 1 0 0 0 0 0 60
25 21 4 5 1 0 0 0 0 0 3 0 1 0 0 0 0 0 0 0 0 0 0 0 0 60
25 21 4 5 1 0 0 0 0 0 1 0 3 0 0 0 60
25 21 5 4 1 0 0 1 0 0 0 0 3 0 0 0 0 0 0 0 0 0 60
25 21 5 4 1 1 0 0 0 0 0 3 0 0 0 0 0 0 0 0 0 0 0 0 0 0 0 0 0 60
25 21 4 5 1 1 0 0 0 0 0 3 0 0 0 0 0 0 0 0 0 0 60
25 21 4 5 1 1 0 0 0 0 0 3 0 0 0 0 0 0 0 0 0 60
26 21 4 5 0 1 0 0 0 0 0 3 0 0 0 0 60
20 26 5 5 0 1 0 0 0 0 0 3 0 0 0 0 0 0 0 0 0 0 0 60
20 26 5 5 1 0 0 0 0 0 0 3 0 0 0 0 0 0 0 0 0 0 60
22 24 5 5 1 0 0 0 0 0 0 3 0 0 0 0 60
25 21 5 5 1 0 0 0 0 0 3 0 0 0 0 0 0 0 0 0 0 0 0 0 60
24 5 21 5 1 0 0 0 1 0 3 0 0 0 60
24 5 21 5 0 1 0 0 1 0 3 0 0 60
23 7 19 5 0 1 0 1 1 0 3 0 0 0 0 0 0 0 0 60
24 5 20 5 1 0 0 1 1 0 3 0 0 0 60
24 5 20 0 5 1 0 1 1 0 3 0 0 0 0 0 0 0 0 0 60
25 5 20 0 1 4 1 0 1 0 3 0 60
25 5 20 0 1 3 1 0 1 4 0 0 0 0 0 0 0 0 60
25 5 20 1 0 3 1 0 1 4 0 0 60
25 20 5 1 0 3 0 1 1 4 0 0 60
25 20 5 1 0 3 0 1 1 4 0 0 0 60
25 4 21 1 3 0 0 1 1 4 0 0 0 0 0 60
25 4 1 21 3 0 0 1 4 1 0 0 0 0 0 0 60
24 4 1 21 3 1 1 0 4 1 0 0 0 0 0 0 0 0 0 0 0 0 0 0 60
4 24 1 21 3 1 0 1 4 1 0 0 0 0 0 0 0 0 0 0 0 0 0 0 0 60
4 1 24 21 3 1 1 0 4 1 0 0 0 0 0 0 0 0 60
4 24 1 21 3 1 1 0 4 1 0 0 0 0 0 0 0 0 0 0 0 0 0 0 0 0 0 0 0 0 0 60
4 26 1 21 2 0 1 4 0 1 0 0 0 0 0 0 60
4 25 22 1 2 0 1 4 0 1 0 0 0 0 0 0 0 0 0 0 0 60
4 25 22 1 2 0 1 4 1 0 0 60
26 4 21 2 1 0 1 4 1 60
26 5 21 1 1 0 1 4 1 0 0 0 0 60
26 5 21 1 1 0 1 4 1 0 0 0 60
5 25 22 1 1 0 1 4 1 0 60
5 25 22 1 0 1 4 1 1 0 0 60
24 6 23 3 0 0 3 0 1 0 0 0 0 0 0 60
23 7 23 3 0 0 3 0 1 60
7 23 23 3 0 0 3 0 1 0 0 60
7 24 22 0 3 0 3 1 0 0 0 0 60
7 24 22 3 0 3 0 1 0 0 0 60
5 25 22 4 0 2 1 0 1 60
5 24 23 3 0 2 1 1 1 60
24 5 23 3 0 1 2 1 1 0 0 60
5 23 24 3 0 1 2 1 1 60
5 23 24 3 1 0 2 1 1 60
5 23 24 3 1 0 2 1 1 0 0 0 0 60
22 5 25 3 1 0 2 1 1 60
23 24 5 3 1 0 2 1 1 0 0 0 60
23 24 5 3 1 0 1 2 1 0 0 0 0 0 0 0 0 60
23 24 5 3 1 0 2 1 1 0 0 60
23 24 5 3 1 0 1 1 2 0 60
22 25 5 1 3 0 1 1 2 0 0 0 0 0 0 0 60
23 24 5 1 3 0 1 1 2 0 60
22 5 25 1 3 0 1 1 2 0 0 0 0 0 0 60
24 5 23 1 3 0 1 2 1 0 0 0 0 0 0 0 0 60
23 24 5 3 1 0 1 2 1 0 0 0 0 0 0 0 0 0 0 60
24 23 5 3 1 1 0 2 1 0 0 0 0 0 0 0 60
24 23 3 5 1 1 0 2 1 0 0 0 0 0 0 0 0 0 60
26 22 2 5 1 1 0 2 1 0 0 0 0 0 0 0 0 0 0 60
27 21 1 5 1 1 0 2 2 0 0 0 0 0 60
25 23 1 5 0 1 1 2 2 0 0 0 0 0 0 0 0 0 60
26 22 1 0 5 1 1 2 2 0 0 0 0 0 0 60
25 24 0 0 5 1 1 2 2 0 0 0 0 0 60
25 24 0 5 0 1 2 1 2 0 0 0 0 0 60
25 24 5 0 0 1 2 2 1 0 0 60
24 24 5 1 0 1 2 1 2 0 0 0 0 0 0 60
25 23 1 5 0 1 2 1 2 0 0 0 60
24 25 1 4 1 0 1 2 2 0 0 0 60
25 24 1 4 1 0 1 2 2 0 0 0 0 60
24 25 1 4 1 0 1 2 2 0 0 0 0 0 60
24 25 1 4 1 0 2 1 2 0 60
25 25 0 1 4 0 1 2 2 0 0 0 0 60
25 0 25 4 2 0 1 1 2 0 0 0 60
26 24 0 4 2 1 0 1 2 0 0 0 60
26 24 0 4 2 2 1 0 1 0 60
26 24 0 4 2 2 1 0 1 0 60
25 1 25 4 2 2 0 0 1 0 0 0 0 60
25 1 25 4 2 0 2 0 1 0 0 0 0 0 0 0 60
25 1 25 4 2 0 0 2 1 0 60
25 1 25 4 2 0 0 2 1 0 0 0 0 0 0 0 60
25 1 25 4 2 0 0 2 1 0 0 0 0 60
25 24 1 5 2 0 2 0 1 0 0 60
27 25 2 2 3 0 0 1 0 60
27 25 2 2 3 0 0 1 0 0 0 0 0 0 0 0 0 0 0 0 60
27 25 2 2 0 3 1 0 0 60
25 27 2 3 0 2 1 0 60
25 27 2 3 2 0 1 60
24 28 3 2 2 0 1 0 0 60
27 25 3 2 2 0 1 0 0 0 0 0 0 60
28 25 3 1 2 0 1 0 0 0 0 0 0 0 0 0 0 60
28 25 3 1 2 0 1 0 0 0 0 0 60
27 26 3 1 2 0 1 0 0 60
28 25 3 1 2 0 1 0 0 0 60
27 26 3 2 1 0 1 0 0 0 0 0 60
27 26 2 3 1 0 1 0 60
28 25 2 3 0 1 1 0 60
27 26 2 0 3 1 1 0 0 0 0 60
28 25 2 3 0 1 1 0 0 0 0 0 0 0 60
28 24 2 3 0 1 1 0 1 60
28 24 2 0 3 1 1 0 1 0 0 60
28 24 3 2 0 1 1 0 1 60
28 24 3 2 0 1 1 1 0 60
27 25 3 2 0 1 1 1 0 0 0 0 60
27 25 2 3 0 1 1 1 0 0 0 0 0 0 0 0 0 60
27 25 2 3 0 1 1 1 0 0 0 0 0 60
26 26 2 3 0 1 1 1 0 0 60
24 27 3 2 1 1 1 1 0 60
28 23 3 2 1 1 1 1 0 0 0 60
28 23 3 1 2 1 1 1 0 0 0 0 0 0 0 0 60
28 23 1 3 2 1 1 1 0 0 0 0 0 60
28 1 23 3 2 1 1 1 0 0 0 0 0 60
23 1 27 3 1 1 2 1 0 0 0 1 0 0 0 0 0 0 60
24 1 26 3 1 1 1 2 0 0 0 1 0 0 0 60
23 1 27 3 1 1 1 0 2 0 1 0 0 0 0 60
24 0 26 4 1 1 1 0 2 0 1 0 0 0 0 0 0 0 60
24 0 26 4 1 1 0 1 2 0 1 0 0 0 0 0 0 0 0 60
21 0 27 4 1 0 0 1 4 0 1 1 0 0 0 0 0 0 60
23 0 26 4 1 0 0 0 4 1 0 1 0 0 0 0 0 60
23 0 26 1 4 0 0 0 4 1 0 1 0 0 0 0 0 0 0 0 0 0 0 0 0 0 0 0 0 60
26 2 22 4 0 2 1 0 1 1 0 1 0 0 0 0 0 0 0 0 0 0 60
26 2 22 4 0 1 2 0 1 1 1 0 0 0 0 0 0 0 0 0 0 0 0 0 0 0 0 0 0 0 0 0 0 0 0 60
25 24 2 4 0 0 2 0 1 1 1 0 0 0 0 0 0 0 0 0 0 0 0 0 0 0 0 0 0 0 60
26 22 2 4 0 3 0 0 1 1 1 0 0 0 0 0 0 60
25 23 2 4 0 3 0 0 1 1 1 0 0 0 0 0 0 0 0 0 0 0 0 0 0 0 0 0 0 0 0 0 0 0 60
26 22 2 4 0 3 0 1 0 1 1 0 0 0 0 0 0 0 0 0 0 0 0 60
26 22 2 4 3 0 0 0 1 1 1 0 0 0 0 0 0 0 0 0 0 60
25 23 3 2 4 0 0 0 1 1 1 0 0 0 0 0 0 0 0 0 0 0 0 0 0 0 0 0 0 0 0 0 0 0 60
25 23 3 2 0 1 0 4 0 1 1 0 0 0 0 0 0 0 0 0 60
24 24 2 3 0 0 1 4 0 1 1 0 0 0 0 0 0 0 0 0 0 0 0 0 0 0 0 0 0 0 0 0 0 60
24 24 4 2 0 0 1 0 3 1 1 0 0 0 0 0 0 0 0 0 0 0 0 0 0 0 0 0 60
24 24 4 2 0 1 0 3 0 1 1 0 0 0 0 0 0 0 0 0 0 0 0 0 60
25 23 4 2 0 1 3 0 0 1 1 0 0 0 0 0 0 0 0 0 0 0 0 0 0 0 0 0 0 0 0 0 0 0 0 60
25 23 4 2 0 1 3 0 0 1 1 0 0 0 0 0 0 0 0 0 0 0 0 0 0 0 0 60
26 21 4 2 0 3 1 0 1 0 1 0 0 0 0 0 0 0 0 0 0 0 0 0 0 0 1 0 0 0 0 0 0 0 0 0 0 0 0 0 0 0 0 0 0 0 0 0 0 0 60
26 22 4 2 0 3 1 0 0 0 1 0 0 0 0 0 0 0 0 0 0 0 0 0 0 0 1 0 0 0 0 60
25 23 4 2 0 3 0 1 0 1 0 0 0 0 0 0 0 0 0 0 0 0 0 0 0 0 1 0 0 0 0 0 0 0 60
23 25 4 1 0 3 0 0 2 1 0 0 0 0 0 0 0 0 0 0 0 0 0 0 0 0 1 0 0 0 0 0 0 0 0 0 0 0 60
22 26 4 1 0 3 0 2 0 1 0 0 0 0 0 0 0 0 0 0 0 0 0 0 0 0 1 0 0 0 0 0 0 0 0 60
23 25 4 1 0 3 0 2 0 1 0 0 0 0 0 0 0 0 0 0 0 0 0 0 0 0 1 0 0 0 0 0 60
23 25 4 1 0 0 2 3 0 1 0 0 0 0 0 0 0 1 0 0 0 0 0 0 0 0 0 0 0 0 0 60
24 24 4 1 0 0 2 1 0 0 3 0 0 0 0 0 0 1 0 0 0 0 0 0 0 0 0 0 60
23 25 4 1 0 0 2 0 3 0 1 0 0 0 0 0 0 1 0 0 0 0 0 0 0 60
22 26 4 1 0 0 3 0 0 2 1 0 0 0 0 0 0 0 0 0 0 1 0 0 0 0 60
23 25 3 1 0 0 3 0 0 2 1 1 0 0 0 0 0 0 0 0 0 1 0 0 60
23 25 3 1 0 0 3 0 0 2 1 1 0 0 0 0 0 0 0 0 0 1 0 60
22 26 3 1 0 0 3 0 0 2 1 1 0 0 0 0 0 0 0 0 0 1 0 0 0 0 0 0 0 0 0 0 0 0 0 0 0 0 0 0 0 0 0 0 0 0 0 0 0 0 60
22 26 3 1 0 0 3 0 1 2 1 0 0 0 0 0 0 0 0 0 0 1 0 0 0 0 0 0 0 0 0 0 0 0 0 0 0 0 60
22 26 1 3 0 3 0 0 1 2 1 0 0 0 0 0 0 0 0 0 0 1 0 0 0 0 60
23 25 1 3 0 3 0 0 1 2 1 0 0 0 0 0 0 0 0 0 0 0 0 0 1 60
23 25 3 1 1 3 0 0 0 2 1 0 0 0 0 0 0 0 0 0 0 0 0 1 0 0 0 60
23 25 3 1 1 3 0 0 0 2 1 0 0 0 0 0 0 0 0 0 0 0 0 1 0 0 0 0 0 0 0 0 60
24 24 3 1 1 3 0 0 0 2 1 0 0 0 0 0 0 0 0 0 0 0 0 1 0 0 0 0 0 0 60
23 25 1 3 1 3 0 0 0 2 1 0 0 0 0 0 0 0 0 0 0 0 0 1 0 0 0 60
23 25 1 3 1 3 0 0 0 2 1 0 0 0 0 0 0 0 0 0 0 0 0 1 0 0 0 0 60
21 25 1 3 3 3 0 0 0 2 1 0 0 0 0 0 0 0 0 0 0 0 0 1 0 60
24 26 1 3 1 1 0 0 0 2 1 0 0 0 0 0 0 0 0 0 0 0 0 1 0 0 0 60
