0.9 1
0.8 3.10572
0.666667 3.52998
0.65 3.64961
0.66 4.27564
0.6 4.27564
0.584906 4.27564
0.578652 4.35262
0.55814 4.63715
0.549356 4.63715
0.541833 4.51307
0.545763 4.68834
0.538941 4.85415
0.538905 4.90662
0.536193 5.00662
0.526316 5.0544
0.526559 5.18444
0.524625 5.14215
0.529644 5.37981
0.527778 5.49407
0.530035 5.64162
0.526667 5.71214
0.519048 5.6446
0.513636 5.6446
0.513043 5.58058
0.516667 5.76781
0.509259 5.76925
0.512626 5.82735
0.507246 5.82857
0.503472 5.85579
0.5 5.77527
0.502137 5.85216
0.504115 5.92761
0.498016 5.92849
0.499042 5.97614
0.497222 5.97614
0.498208 6.04407
0.498683 6.08864
0.498279 6.06671
0.499578 6.1315
0.499172 6.17405
0.493095 6.11117
0.492823 6.06985
0.494127 6.11058
0.495385 6.1909
0.497028 6.23051
0.494522 6.26959
0.492451 6.23103
0.490446 6.19296
0.491289 6.23054
0.490048 6.23054
0.48952 6.21222
0.486342 6.15791
0.485437 6.10424
0.483727 6.1396
0.483952 6.12213
0.481068 6.17395
0.481935 6.15687
0.480363 6.0893
0.477205 6.05588
0.475381 6.0063
0.475862 5.98994
0.475811 6.05468
0.47627 6.03866
0.475664 6.08622
0.474715 6.03914
0.47411 6.0236
0.475027 6.08515
0.473546 6.06991
0.474935 6.1001
0.475268 6.14496
0.475327 6.13015
0.475622 6.1595
0.473943 6.13041
0.473735 6.14483
0.474952 6.17341
0.473435 6.15924
0.472352 6.13116
0.473148 6.17292
0.473468 6.17292
0.474684 6.21399
0.474607 6.24114
0.4749 6.26807
0.475066 6.26807
0.474913 6.28132
0.474409 6.28132
0.475542 6.32045
0.474548 6.32045
0.474823 6.33329
0.474444 6.33329
0.47499 6.37124
0.473599 6.32102
0.471035 6.25871
0.471287 6.27108
0.471853 6.29564
0.472868 6.33223
0.473098 6.36855
0.474383 6.41665
0.473843 6.39277
0.475551 6.45205
0.473899 6.4285
0.471298 6.38171
0.470439 6.32362
0.469593 6.31208
0.469832 6.32355
0.470007 6.33494
0.469538 6.34625
0.469771 6.3575
0.47 6.36867
0.469625 6.36867
0.469056 6.35764
0.469244 6.3686
0.47002 6.41219
0.470588 6.43385
0.470492 6.43385
0.469288 6.41245
0.469697 6.42308
0.46865 6.39136
0.466984 6.34932
0.467691 6.37022
0.467208 6.37022
0.468111 6.41154
0.468386 6.43208
0.468351 6.42187
0.467576 6.41171
0.467548 6.41171
0.465713 6.37154
0.464476 6.33158
0.464433 6.33158
0.463514 6.31182
0.462319 6.27251
0.462931 6.30183
0.46178 6.28239
0.461582 6.26304
0.461885 6.25342
0.46113 6.25342
0.460556 6.24389
0.460628 6.26284
0.460339 6.24399
0.458696 6.19709
0.458963 6.20643
0.459227 6.21571
0.458156 6.18799
0.457892 6.1788
0.458684 6.2154
0.458867 6.2154
0.458182 6.20634
0.45785 6.20634
0.457436 6.18838
0.457739 6.19732
0.457533 6.19732
0.456877 6.17962
0.456337 6.162
0.455539 6.14446
0.455309 6.13573
0.454968 6.11836
0.455542 6.14431
0.455889 6.16153
0.456668 6.19581
0.456527 6.19581
0.457292 6.2213
0.457407 6.22976
0.457304 6.22976
0.458285 6.27169
0.458372 6.28004
0.457024 6.23016
0.457425 6.24671
0.456621 6.23847
0.456487 6.22205
0.456311 6.22205
0.456302 6.23019
0.457207 6.26262
0.457004 6.27876
0.457238 6.27072
0.457702 6.28674
0.457286 6.28674
0.45731 6.27879
0.457316 6.2867
0.457751 6.30246
0.458022 6.31031
0.458794 6.34939
0.459585 6.38053
0.459596 6.38829
0.459476 6.38829
0.45888 6.38059
0.459196 6.38059
0.458986 6.38823
0.459393 6.39583
0.45898 6.38826
0.460041 6.41845
0.459225 6.41845
0.459823 6.41845
0.459016 6.40352
0.459825 6.43327
0.459727 6.44809
0.460221 6.47024
0.460317 6.46289
0.460803 6.48488
0.461195 6.50679
0.461182 6.51406
0.461657 6.52857
0.462244 6.55747
0.4623 6.56467
0.462689 6.58619
0.462785 6.57904
0.461466 6.55054
0.461697 6.55764
0.46224 6.58594
0.461966 6.57889
0.461694 6.57889
0.461975 6.56489
0.462466 6.60676
0.462391 6.60676
0.462206 6.59983
0.46255 6.62055
0.462531 6.62055
0.461442 6.58624
0.461251 6.58624
0.461062 6.57942
0.461444 6.6066
0.461431 6.6066
0.4617 6.6066
0.461779 6.62006
0.461312 6.61335
0.460293 6.57992
0.460522 6.58659
0.459699 6.56001
0.459864 6.54677
0.460366 6.59298
0.460422 6.59298
0.460104 6.57986
0.460291 6.59948
0.459847 6.58644
0.459867 6.56694
0.459759 6.5799
0.459944 6.59282
0.460492 6.61858
0.460836 6.63784
0.461476 6.66984
0.461501 6.67622
0.461625 6.67622
0.461489 6.67622
0.461932 6.69519
0.461318 6.67628
0.461282 6.68257
0.461308 6.68883
0.460559 6.67008
0.460273 6.64516
0.460003 6.64516
0.459947 6.65135
0.459526 6.62664
0.459318 6.62664
0.45921 6.61436
0.459617 6.63886
0.459884 6.65107
0.459763 6.65107
0.459476 6.63892
0.459207 6.63892
0.459691 6.63892
0.459706 6.65699
0.459875 6.67501
0.459299 6.65704
0.459467 6.65107
0.459132 6.65702
0.458339 6.62733
0.458577 6.63325
0.458102 6.61553
0.458339 6.62731
0.458774 6.65081
0.458484 6.63909
0.457669 6.60403
0.457515 6.60986
0.457714 6.61567
0.458025 6.63306
0.458192 6.63885
0.458528 6.65615
0.457964 6.63889
0.458152 6.64463
0.458176 6.65035
0.458397 6.66176
0.458281 6.65038
0.458305 6.67309
0.458431 6.66176
0.458877 6.69
0.459052 6.69564
0.459113 6.70688
0.459132 6.71248
0.4601 6.74044
0.460146 6.75159
0.460565 6.77384
0.461012 6.79604
0.460829 6.79604
0.460554 6.79604
0.460016 6.77401
0.459878 6.75752
0.459741 6.763
0.459818 6.76847
0.459877 6.76847
0.459971 6.77391
0.460278 6.79562
0.460431 6.79562
0.460583 6.81183
0.461013 6.8226
0.461123 6.8441
0.460927 6.83338
0.460684 6.83873
0.460824 6.83873
0.460386 6.82276
0.460321 6.81744
0.460171 6.82804
0.460088 6.81747
0.459937 6.81219
0.459088 6.78588
0.459335 6.78588
0.459476 6.79636
0.45973 6.81726
0.46022 6.8329
0.460337 6.84851
0.460086 6.83294
0.460325 6.85365
0.460563 6.86398
0.460557 6.85883
0.460225 6.85883
0.460321 6.85883
0.460224 6.84859
0.460089 6.8537
0.459346 6.82821
0.459372 6.82313
0.459469 6.83328
0.459258 6.83328
0.458999 6.82317
0.45879 6.81309
0.458701 6.81309
0.459066 6.83316
0.459093 6.83316
0.45877 6.82317
0.458551 6.81819
0.458116 6.80823
0.458261 6.8132
0.458276 6.80825
0.458534 6.82802
0.458491 6.82802
0.458728 6.84278
0.459078 6.85261
0.459199 6.86241
0.459092 6.87219
0.458644 6.84291
0.458653 6.84291
0.458773 6.85263
0.458884 6.86233
0.458883 6.86233
0.458268 6.83818
0.458259 6.843
0.458472 6.84781
0.458683 6.86701
0.458329 6.85743
0.45842 6.84787
0.458228 6.85741
0.457883 6.83837
0.457585 6.82886
0.457342 6.81464
0.457521 6.8241
0.457158 6.8241
0.456897 6.79583
0.456216 6.77701
0.455657 6.75354
0.455838 6.7676
0.455912 6.7676
0.456198 6.77693
0.456377 6.80021
0.455931 6.77698
0.45537 6.75378
0.455234 6.74915
0.455518 6.76302
0.455707 6.77224
0.455675 6.77224
0.455539 6.76305
0.455301 6.75388
0.455063 6.75846
0.454808 6.74476
0.454133 6.71285
0.454265 6.7174
0.454312 6.72648
0.454555 6.73555
0.454267 6.73555
0.454582 6.74458
0.454795 6.74458
0.455107 6.76706
0.455317 6.77155
0.455113 6.77155
0.454518 6.75814
0.454227 6.74921
0.454128 6.73584
0.454328 6.74029
0.454129 6.73585
0.453536 6.71813
0.453043 6.69601
0.453244 6.69601
0.452925 6.6828
0.453295 6.70039
0.452978 6.70039
0.45276 6.69601
0.452348 6.66976
0.452425 6.67413
0.452314 6.66977
0.452591 6.68282
0.452484 6.67848
0.4522 6.66981
0.452301 6.67846
0.452306 6.66982
0.452215 6.66982
0.452506 6.68704
0.452952 6.70852
0.452692 6.70852
0.452894 6.70424
0.453001 6.71279
0.453202 6.72132
0.452931 6.72983
