-737.374 -509.034 -228.34
-635.419 -436.171 -199.248
-621.005 -428.23 -192.775
-635.698 -427.757 -207.941
-607.573 -426.078 -181.495
-673.184 -430.158 -243.026
-614.131 -416.419 -197.712
-602.925 -421.379 -181.546
-577.254 -403.794 -173.46
-566.901 -396.254 -170.647
-618.469 -400.148 -218.321
-600.153 -400.925 -199.227
-617.376 -402.017 -215.36
-660.398 -394.703 -265.695
-755.438 -403.527 -351.911
-681.916 -408.798 -273.119
-695.316 -404.872 -290.443
-705.981 -400.436 -305.545
-751.53 -416.338 -335.191
-708.316 -406.577 -301.739
-713.642 -414.165 -299.477
-741.926 -403.16 -338.766
-740.04 -406.684 -333.357
-673.381 -410.949 -262.432
-678.822 -403.894 -274.928
-650.454 -402.736 -247.719
-697.13 -403.723 -293.407
-658.651 -405.887 -252.764
-687.568 -407.347 -280.221
-660.463 -401.296 -259.166
-638.806 -391.539 -247.267
-688.884 -413.501 -275.383
-648.63 -399.183 -249.446
-742.483 -401.139 -341.344
-714.298 -408.694 -305.604
-687.442 -404.239 -283.203
-634.418 -402.383 -232.035
-661.118 -412.506 -248.612
-686.686 -409.694 -276.991
-685.238 -405.696 -279.542
-633.806 -398.679 -235.127
-645.614 -406.638 -238.976
-649.608 -416.793 -232.814
-638.088 -411.562 -226.526
-603.954 -391.434 -212.52
-640.24 -393.933 -246.307
-596.198 -391.642 -204.556
-605.762 -392.431 -213.331
-603.472 -391.606 -211.867
-620.215 -408.673 -211.542
-642.895 -407.958 -234.937
-647.298 -409.831 -237.466
-615.818 -396.595 -219.224
-619.161 -417.883 -201.278
-656.317 -409.078 -247.239
-594.05 -411.67 -182.38
-612.737 -402.808 -209.929
-594.612 -408.157 -186.455
-609.833 -401.291 -208.542
-595.326 -401.44 -193.886
-581.903 -397.346 -184.556
-577.073 -398.96 -178.112
-619.561 -406.631 -212.93
-600.363 -415.209 -185.154
-579.964 -398.309 -181.654
-574.949 -403.994 -170.954
-577.031 -400.864 -176.168
-557.201 -398.071 -159.13
-569.987 -400.732 -169.255
-558.341 -412.759 -145.582
-558.108 -403.917 -154.191
-546.776 -394.243 -152.533
-580.498 -398.429 -182.069
-552.222 -392.695 -159.527
-561.173 -398.897 -162.276
-543.077 -401.477 -141.6
-568.558 -402.576 -165.982
-605.568 -412.848 -192.72
-584.353 -403.115 -181.238
-586.611 -400.58 -186.031
-556.918 -401.314 -155.605
-559.726 -410.517 -149.21
-559.97 -414.745 -145.226
-541.715 -406.778 -134.937
-529.271 -395.816 -133.455
-554.583 -418.573 -136.01
-566.894 -415.103 -151.791
-570.201 -424.111 -146.09
-593.443 -428.499 -164.944
-574.938 -418.078 -156.86
-559.964 -404.225 -155.739
-529.927 -400.98 -128.947
-572.158 -414.878 -157.28
-545.281 -417.931 -127.349
-526.219 -413.123 -113.097
-541.367 -411.012 -130.355
-571.578 -401.844 -169.734
-534.572 -397.632 -136.94
-588.978 -398.026 -190.952
-559.285 -400.424 -158.861
-573.106 -410.482 -162.624
-600.89 -412.103 -188.787
-601.535 -410.793 -190.742
-584.369 -411.942 -172.427
-607.443 -405.484 -201.959
-581.986 -409.355 -172.631
-548.971 -407.786 -141.186
-578.18 -403.843 -174.338
-577.114 -405.429 -171.686
-552.617 -397.283 -155.334
-544.034 -396.08 -147.953
-538.944 -399.934 -139.009
-546.483 -398.31 -148.173
-554.279 -405.331 -148.948
-561.17 -399.974 -161.197
-558.507 -397.808 -160.699
-533.883 -408.429 -125.454
-531.139 -399.876 -131.263
-535.511 -410.598 -124.913
-530.106 -404.993 -125.112
-515.679 -398.183 -117.496
-508.41 -396.371 -112.039
-512.368 -399.08 -113.288
-512.713 -398.235 -114.478
-519.051 -406.017 -113.033
-511.177 -402.689 -108.488
-530.334 -412.994 -117.341
-543.258 -406.619 -136.639
-544.361 -410.185 -134.175
-535.03 -416.923 -118.107
-530.106 -416.552 -113.554
-539.326 -406.116 -133.21
-525.45 -405.748 -119.702
-546.831 -407.054 -139.777
-539.2 -418.737 -120.464
-525.509 -405.929 -119.58
-566.703 -405.628 -161.075
-561.323 -399.629 -161.694
-560.815 -412.807 -148.008
-539.921 -401.483 -138.438
-548.086 -394.287 -153.798
-566.14 -412.372 -153.768
-523.334 -399.114 -124.221
-527.266 -400.622 -126.644
-526.623 -401.544 -125.079
-535.093 -391.623 -143.47
-529.464 -398.699 -130.765
-540.662 -408.65 -132.012
-523.875 -393.95 -129.925
-533.799 -403.295 -130.503
-525.917 -401.176 -124.741
-516.632 -400.21 -116.422
-540.065 -399.412 -140.653
-538.353 -402.599 -135.754
-547.798 -410.848 -136.951
-554.133 -409.749 -144.384
-549.241 -405.481 -143.76
-535.234 -403.733 -131.501
-546.132 -402.89 -143.242
-521.64 -396.283 -125.357
-541.005 -404.653 -136.352
-535.735 -400.524 -135.211
-544.37 -403.016 -141.354
-522.777 -395.225 -127.551
-539.894 -403.302 -136.592
-517.317 -404.669 -112.648
-507.6 -396.362 -111.238
-522.731 -406.969 -115.762
-529.093 -413.953 -115.14
-534.45 -411.454 -122.996
-526.349 -407.406 -118.943
-548.251 -410.169 -138.082
-525.307 -409.477 -115.83
-527.056 -412.002 -115.054
-529.865 -417.77 -112.095
-532.839 -404.281 -128.558
-531.107 -405.534 -125.572
-523.898 -405.652 -118.246
-537.672 -404.338 -133.334
-548.454 -409.521 -138.933
-536.784 -410.18 -126.604
-549.061 -402.365 -146.697
-534.434 -402.56 -131.873
-532.394 -395.998 -136.395
-524.493 -408.153 -116.339
-532.863 -399.705 -133.158
-598.112 -411.486 -186.626
-549.668 -401.682 -147.986
-532.756 -400.095 -132.661
-523.463 -399.094 -124.369
-516.907 -399.754 -117.153
-526.016 -401.138 -124.878
-516.046 -399.053 -116.992
-588.067 -409.921 -178.146
-549.091 -401.484 -147.607
-546.741 -409.171 -137.57
-564.756 -410.225 -154.531
-541.072 -407.483 -133.589
-534.579 -411.525 -123.054
-562.806 -406.354 -156.451
-546.739 -412.994 -133.745
-552.281 -404.216 -148.064
-558.688 -402.834 -155.853
-557.808 -413.838 -143.97
-585.182 -422.074 -163.108
-516.922 -407.556 -109.366
-513.263 -412.923 -100.34
-527.006 -424.894 -102.112
-498.019 -407.259 -90.7599
-484.735 -402.874 -81.8612
-521.231 -406.3 -114.931
-522.184 -406.294 -115.89
-506.542 -408.232 -98.3107
-499.071 -415.207 -83.8631
-510.09 -405.63 -104.459
-514.852 -405.655 -109.196
-499.34 -408.065 -91.2747
-515.147 -409.98 -105.166
-509.788 -403.442 -106.346
-504.491 -409.68 -94.8111
-519.992 -412.388 -107.604
-543.096 -408.336 -134.761
-526.952 -402.951 -124.001
-497.538 -404.457 -93.0806
-510.747 -405.951 -104.796
-533.375 -407.993 -125.382
-521.335 -406.644 -114.691
-522.005 -421.613 -100.391
-528.869 -414.895 -113.974
-515.02 -411.872 -103.147
-537.566 -404.898 -132.668
-532.846 -396.98 -135.866
-520.448 -404.561 -115.887
-504.263 -394.031 -110.231
-524.828 -397.458 -127.371
-508.862 -404.36 -104.502
-533.088 -392.641 -140.448
-526.06 -406.641 -119.419
-525.179 -409.229 -115.95
-528.075 -416.295 -111.78
-507.712 -404.916 -102.795
-516.484 -411.757 -104.727
-525.492 -409.936 -115.556
-541.315 -418.18 -123.135
-551.445 -408.811 -142.634
-526.333 -407.221 -119.112
-522.303 -414.108 -108.195
-535.022 -412.022 -123
-514.459 -402.848 -111.611
-507.457 -407.781 -99.6756
-536.702 -404.752 -131.95
-512.776 -409.13 -103.646
-516.72 -408.223 -108.497
-515.633 -418.149 -97.484
-510.384 -414.531 -95.8538
-528.262 -412.883 -115.379
-500.676 -403.495 -97.1809
-508.947 -401.628 -107.319
-506.061 -406.058 -100.003
-504.787 -409.492 -95.2949
-511.148 -413.755 -97.3924
-526.103 -419.779 -106.324
-509.432 -408.059 -101.373
-508.762 -393.242 -115.52
-510.365 -397.528 -112.837
-544.353 -396.096 -148.257
-501.09 -400.738 -100.352
-510.848 -399.033 -111.815
-511.886 -399.53 -112.356
-510.03 -396.487 -113.543
-546.343 -417.51 -128.832
-533.403 -399.351 -134.053
-507.501 -398.543 -108.958
-535.684 -402.596 -133.089
-516.196 -403.912 -112.283
-508.972 -399.644 -109.328
-520.611 -405.742 -114.869
-559.728 -403.072 -156.655
-496.412 -398.19 -98.2224
-489.688 -395.119 -94.5689
-505.15 -407.261 -97.8886
-511.803 -406.243 -105.559
-536.047 -408.796 -127.252
-527.422 -416.072 -111.35
-517.801 -406.672 -111.129
-517.095 -419.375 -97.7209
-520.391 -419.673 -100.718
-492.541 -398.092 -94.4489
-498.903 -405.471 -93.4316
-520.758 -411.365 -109.393
-514.842 -403.953 -110.889
-498.495 -405.756 -92.7391
-498.656 -409.159 -89.4966
-505.449 -412.451 -92.9983
-530.947 -414.763 -116.184
-507.599 -408.755 -98.8436
-504.777 -402.561 -102.216
-517.106 -403.079 -114.028
-523.949 -409.427 -114.522
-528.683 -396.399 -132.284
-526.84 -413.587 -113.252
-527.358 -412.09 -115.268
-544.791 -408.521 -136.269
-560.897 -411.829 -149.067
-530.301 -409.261 -121.04
-537.141 -407.233 -129.909
-541.617 -406.378 -135.239
-533.697 -398.469 -135.228
-519.677 -398.61 -121.068
-527.506 -406.742 -120.765
-513.688 -398.668 -115.02
-501.121 -411.144 -89.9772
-502.118 -413.729 -88.3886
-505.231 -411.904 -93.3267
-514.485 -403.269 -111.216
-515.886 -411.383 -104.503
-502.635 -409.11 -93.525
-504.751 -407.847 -96.9041
-513.601 -409.136 -104.465
-503.026 -401.976 -101.049
-506.9 -411.321 -95.5785
-494.617 -401.928 -92.6889
-504.065 -409.676 -94.3891
-524.234 -411.164 -113.069
-498.486 -399.001 -99.485
-516.23 -400.34 -115.89
-532.91 -400.021 -132.889
-519.548 -400.507 -119.04
-521.817 -394.99 -126.827
-518.878 -404.436 -114.442
-518.176 -391.688 -126.488
-507.133 -397.608 -109.525
-538.743 -395.039 -143.704
-552.773 -392.591 -160.182
-530.03 -402.281 -127.749
-513.812 -403.911 -109.901
-524.69 -405.85 -118.84
-530.151 -404.049 -126.102
-516.384 -398.723 -117.661
-508.126 -408.93 -99.1961
-513.504 -409.325 -104.179
-542.284 -416.395 -125.89
-502.956 -406.647 -96.309
-529.504 -406.066 -123.438
-522.959 -411.951 -111.007
-553.936 -424.002 -129.934
-540.768 -404.646 -136.122
-538.315 -418.614 -119.701
-519.981 -407.522 -112.459
-523.555 -404.661 -118.894
-501.876 -405.075 -96.8007
-498.713 -402.51 -96.2034
-556.836 -416.028 -140.807
-508.829 -401.491 -107.338
-565.924 -412.285 -153.639
-563.78 -420.921 -142.859
-586.601 -418.294 -168.307
-544.035 -409.088 -134.947
-547.576 -410.593 -136.983
-532.649 -411.021 -121.629
-521.23 -409.976 -111.254
-543.24 -417.428 -125.812
-517.153 -404.705 -112.448
-553.007 -415.728 -137.278
-565.607 -411.318 -154.289
-552.788 -405.536 -147.252
-532.102 -406.907 -125.195
-544.201 -406.574 -137.627
-563.352 -404.822 -158.53
-553.651 -408.856 -144.794
-540.44 -408.855 -131.585
-526.023 -400.838 -125.184
-552.801 -404.654 -148.147
-555.633 -412.938 -142.695
-562.48 -411.948 -150.532
-556.99 -416.412 -140.577
-539.487 -402.94 -136.546
-558.348 -414.003 -144.346
-522.001 -406.765 -115.236
-545.309 -418.992 -126.316
-526.488 -407.172 -119.316
-527.591 -404.798 -122.793
-573.766 -421.059 -152.708
-544.995 -415.412 -129.583
-533.986 -409.813 -124.173
-546.772 -410.504 -136.268
-529.494 -403.22 -126.275
-561.602 -417.529 -144.073
-565.006 -420.962 -144.044
-554.615 -419.36 -135.255
-523.035 -406.156 -116.879
-523.507 -403.997 -119.51
-530.999 -399.469 -131.53
-524.761 -402.792 -121.97
-518.019 -404.631 -113.388
-509.181 -391.001 -118.18
-503.512 -392.475 -111.037
-513.153 -395.606 -117.547
-559.79 -407.207 -152.583
-530.458 -398.81 -131.647
-527.541 -401.429 -126.112
-528.423 -400.224 -128.199
-527.092 -398.784 -128.308
-548.535 -416.623 -131.912
-513.525 -395.615 -117.91
-507.085 -398.068 -109.017
-505.482 -395.113 -110.368
-502.83 -405.705 -97.1245
-522.05 -412.909 -109.142
-543.048 -429.765 -113.283
-497.652 -410.102 -87.5504
-495.817 -407.704 -88.1129
-499.522 -403.388 -96.1344
-500.427 -408.34 -92.0876
-488.649 -399.314 -89.3345
-497.582 -413.529 -84.0525
-513.307 -408.612 -104.695
-538.105 -398.384 -139.72
-539.907 -405.885 -134.021
-514.116 -397.765 -116.35
-529.057 -411.887 -117.17
-500.236 -394.079 -106.157
-531.833 -397.831 -134.001
-498.841 -393.651 -105.189
-509.713 -402.459 -107.254
-497.861 -410.984 -86.8768
-492.91 -403.818 -89.0922
-492.049 -403.862 -88.1867
-506.206 -403.485 -102.72
-498.29 -398.274 -100.015
-508.75 -407.376 -101.374
-507.492 -412.809 -94.6833
-499.086 -413.421 -85.6647
-506.39 -411.46 -94.9307
-499.452 -410.158 -89.2943
-510.126 -424.136 -85.99
-507.903 -421.024 -86.8784
-525.918 -416.456 -109.462
-539.059 -415.492 -123.567
-517.611 -418.114 -99.4969
-533.944 -422.363 -111.58
-532.499 -414.241 -118.257
-538.209 -415.679 -122.53
-531.5 -401.762 -129.738
-525.015 -408.856 -116.16
-511.898 -402.443 -109.455
-508.059 -424.009 -84.0491
-519.969 -418.135 -101.833
-501.732 -416.467 -85.2647
-503.508 -419.829 -83.6784
-516.513 -415.836 -100.676
-489.564 -407.728 -81.8356
-506.87 -419.03 -87.8405
-500.32 -405.85 -94.4699
-522.826 -413.349 -109.477
-498.812 -404.959 -93.8524
-507.688 -418.005 -89.6828
-510.307 -418.846 -91.4603
-504.059 -417.808 -86.2515
-520.161 -422.767 -97.3946
-519.15 -421.878 -97.2715
-507.483 -416.074 -91.4093
-518.515 -414.553 -103.963
-525.512 -426.689 -98.8224
-533.248 -420.872 -112.376
-538.179 -429.713 -108.466
-508.225 -408.143 -100.082
-542.598 -409.559 -133.039
-511.48 -405.627 -105.854
-501.653 -407.551 -94.1019
-512.334 -410.587 -101.746
-502.342 -403.973 -98.3691
-517.945 -410.586 -107.359
-518.154 -400.186 -117.968
-519.032 -411.413 -107.62
-508.79 -398.617 -110.173
-523.291 -410.856 -112.435
-528.888 -419.828 -109.06
-542.89 -410.27 -132.62
-548.713 -411.848 -136.866
-540.867 -409.636 -131.232
-540.175 -404.74 -135.435
-529.309 -407.102 -122.207
-526.033 -404.943 -121.09
-537.735 -420.593 -117.142
-534.167 -410.727 -123.44
-521.495 -411.859 -109.635
-516.279 -402.822 -113.457
-562.503 -405.398 -157.105
-506.972 -399.259 -107.712
-511.193 -406.672 -104.52
-512.864 -411.707 -101.157
-522.217 -404.389 -117.827
-504.932 -403.355 -101.577
-517.974 -398.659 -119.314
-512.934 -403.905 -109.028
-513.718 -402.713 -111.004
-510.188 -400.966 -109.223
-531.849 -402.44 -129.409
-496.251 -394.621 -101.629
-520.204 -405.537 -114.667
-514.551 -398.43 -116.12
-481.247 -389.621 -91.6262
-512.134 -401.744 -110.39
-521.937 -401.333 -120.604
-494.295 -401.108 -93.1874
-517.686 -401.03 -116.655
-509.205 -404.138 -105.067
-493.777 -399.052 -94.7247
-505.318 -414.299 -91.0184
-492.78 -406.181 -86.5995
-494.889 -408.287 -86.6015
-505.362 -401.162 -104.2
-486.319 -399.305 -87.0142
-500.589 -408.671 -91.9178
-515.276 -400.439 -114.837
-492.205 -403.427 -88.778
-517.253 -402.494 -114.759
-499.895 -402.11 -97.7844
-483.877 -397.975 -85.9021
-492.688 -400.524 -92.1638
-519.269 -406.053 -113.216
-554.58 -406.669 -147.912
-520.144 -417.085 -103.059
-591.887 -407.322 -184.565
-542.313 -405.381 -136.932
-527.837 -399.462 -128.374
-494.292 -391.985 -102.307
-510.845 -395.726 -115.119
-513.573 -405.666 -107.907
-506.306 -406.17 -100.136
-500.767 -410.293 -90.4737
-493.341 -399.797 -93.5443
-510.753 -416.091 -94.6617
-502.623 -405.741 -96.8824
-521.912 -408.906 -113.006
-512.129 -417.832 -94.2975
-491.741 -398.874 -92.8676
-495.084 -405.779 -89.3049
-530.668 -414.018 -116.65
-514.902 -405.009 -109.893
-520.441 -419.815 -100.625
-512.02 -411.758 -100.262
-511.761 -401.303 -110.458
-500.857 -411.406 -89.451
-505.767 -404.813 -100.954
-537.283 -401.831 -135.453
-528.582 -394.908 -133.674
-539.732 -392.025 -147.707
-541.256 -392.499 -148.757
-525.074 -392.886 -132.188
-520.814 -394.373 -126.442
-507.936 -398.179 -109.757
-521.311 -403.131 -118.18
-516.981 -387.885 -129.096
-495.974 -397.023 -98.9504
-504.498 -396.223 -108.275
-531.91 -395.921 -135.989
-517.221 -406.157 -111.064
-502.282 -397.41 -104.872
-499.574 -392.929 -106.645
-535.556 -398.844 -136.713
-517.397 -405.33 -112.067
-521.498 -395.74 -125.758
-505.524 -394.861 -110.664
-552.877 -398.835 -154.042
-507.582 -395.657 -111.925
-501.158 -402.564 -98.5939
-519.885 -408.672 -111.213
-562.039 -409.466 -152.573
-562.743 -397.471 -165.272
-516.743 -402.234 -114.51
-555.218 -400.083 -155.134
-542.258 -396.607 -145.651
-507.108 -393.014 -114.093
-521.748 -403.844 -117.904
-495.289 -393.243 -102.045
-494.051 -400.164 -93.8872
-504.036 -398.808 -105.228
-485.95 -397.407 -88.5433
-491.553 -403.043 -88.5099
-507.022 -399.485 -107.537
-545.938 -397.334 -148.604
-558.344 -402.485 -155.859
-537.122 -401.581 -135.541
-510.597 -411.395 -99.202
-531.146 -396.124 -135.021
-511.708 -406.122 -105.585
-505.816 -398.581 -107.234
-526.15 -403.25 -122.899
-503.903 -404.754 -99.1491
-498.105 -395.526 -102.579
-483.118 -389.256 -93.8615
-516.901 -412.016 -104.884
-520.844 -413.581 -107.263
-504.653 -400.058 -104.595
-494.367 -398.695 -95.6723
-522.466 -411.982 -110.484
-512.528 -396.078 -116.45
-524.967 -414.58 -110.387
-570.002 -412.939 -157.063
-510.25 -399.743 -110.507
-508.045 -400.399 -107.646
-533.666 -405.995 -127.671
-521.963 -406.794 -115.17
-528.076 -402.208 -125.868
-565.811 -413.624 -152.188
-566.86 -406.355 -160.505
-526.848 -398.279 -128.57
-534.045 -406.723 -127.321
-513.251 -395.143 -118.108
-592.811 -404.464 -188.347
-523.732 -392.102 -131.63
-591.848 -414.398 -177.449
-567.365 -416.651 -150.713
-556.832 -404.563 -152.268
-566.711 -410.787 -155.923
-577.275 -408.184 -169.092
-628.432 -410.95 -217.482
-530.787 -403.402 -127.384
-562.747 -412.504 -150.243
-553.904 -403.612 -150.292
-567.109 -412.934 -154.175
-559.163 -404.221 -154.943
-589.525 -408.333 -181.192
-553.796 -399.978 -153.818
-637.527 -405.198 -232.329
-581.378 -404.329 -177.049
-553.455 -399.777 -153.678
-579.329 -402.71 -176.619
-551.719 -398.404 -153.316
-542.67 -400.264 -142.406
-542.538 -397.523 -145.015
-556.365 -402.811 -153.554
-552.2 -397.03 -155.171
-545.004 -394.137 -150.867
-540.31 -399.683 -140.627
-567.302 -405.791 -161.512
-565.241 -405.703 -159.538
-572.145 -400.192 -171.953
-545.037 -403.549 -141.488
-578.513 -418.956 -159.557
-580.816 -408.026 -172.79
-553.537 -420.124 -133.413
-545.208 -409.9 -135.309
-506.672 -400.283 -106.389
-524.553 -403.961 -120.592
-517.224 -403.713 -113.511
-512.697 -411.24 -101.457
-505.796 -399.74 -106.056
-540.403 -412.32 -128.082
-531.181 -405.673 -125.508
-524.709 -410.008 -114.702
-515.196 -401.09 -114.106
-538.74 -412.742 -125.998
-570.161 -413.641 -156.52
-529.769 -400.094 -129.675
-523.495 -398.751 -124.744
-503.051 -398.216 -104.836
-550.746 -390.914 -159.832
-520.527 -393.036 -127.491
-512.91 -403.029 -109.881
-538.442 -412.394 -126.048
-504.343 -402.104 -102.24
-511.383 -400.597 -110.786
-513.609 -407.645 -105.964
-518.162 -402.598 -115.563
-517.256 -410.547 -106.709
-531.75 -406.928 -124.823
-525.196 -416.833 -108.362
-505.172 -406.472 -98.7004
-516.196 -414.721 -101.475
-508.308 -407.517 -100.791
-517.021 -405.807 -111.215
-510.243 -413.009 -97.234
-496.957 -402.309 -94.6481
-505.886 -401.555 -104.33
-507.707 -411.026 -96.6808
-515.173 -413.897 -101.276
-496.697 -406.53 -90.167
-501.34 -409.418 -91.9223
-517.263 -413.958 -103.306
-499.172 -399.008 -100.164
-515.547 -408.469 -107.078
-517.007 -413.65 -103.357
-502.609 -421.751 -80.8583
-493.64 -412.129 -81.5113
-527.667 -421.98 -105.688
-513.774 -413.203 -100.571
-508.636 -405.101 -103.535
-541.12 -414.324 -126.796
-575.576 -418.568 -157.008
-557.064 -419.96 -137.104
-561.19 -412.803 -148.387
-551.044 -414.177 -136.867
-545.326 -418.307 -127.019
-508.608 -408.29 -100.318
-544.646 -414.826 -129.82
-506.353 -414.813 -91.5397
-529.218 -411.551 -117.667
-499.556 -406.764 -92.7923
-510.947 -402.33 -108.617
-523.685 -408.677 -115.008
-534.803 -409.98 -124.823
-541.369 -420.057 -121.312
-522.035 -405.21 -116.825
-529.516 -417.077 -112.438
-510.415 -413.485 -96.9299
-506.449 -417.328 -89.121
-510.859 -414.823 -96.036
-505.646 -416.366 -89.28
-499.501 -409.449 -90.0518
-523.725 -415.126 -108.599
-534.658 -428.835 -105.823
-519.014 -410.17 -108.844
-499.321 -406.197 -93.1247
-515.082 -414.05 -101.032
-497.36 -409.092 -88.2681
-522.056 -417.755 -104.301
-517.099 -411.487 -105.612
-508.319 -405.874 -102.444
-511.933 -411.229 -100.705
-502.234 -411.797 -90.4365
-525.601 -411.636 -113.965
-537.319 -418.236 -119.083
-551.717 -411.801 -139.916
-519.163 -409.223 -109.94
-508.518 -413.14 -95.378
-507.602 -415.984 -91.6184
-497.788 -409.09 -88.6978
-518.612 -409.536 -109.076
-502.19 -413.657 -88.5328
-509.771 -414.421 -95.3494
-523.173 -427.454 -95.7195
-519.23 -421.283 -97.9471
-509.592 -416.543 -93.0488
-527.534 -433.111 -94.4225
-538.631 -411.965 -126.666
-517.715 -406.749 -110.966
-536.942 -420.11 -116.831
-544.395 -411.111 -133.284
-566.035 -415.916 -150.118
-568.46 -411.851 -156.608
-588.066 -406.553 -181.513
-567.577 -415.546 -152.031
-588.412 -419.604 -168.808
-551.774 -403.725 -148.048
-558.835 -411.814 -147.022
-577.793 -401.138 -176.655
-612.71 -404.291 -208.418
-600.977 -416.828 -184.149
-538.17 -400.832 -137.338
-527.069 -403.222 -123.848
-566.712 -407.005 -159.707
-566.125 -417.618 -148.507
-539.525 -416.474 -123.05
-541.804 -408.817 -132.987
-569.914 -397.272 -172.642
-572.193 -405.275 -166.917
-600.819 -410.105 -190.714
-568.635 -407.203 -161.433
-577.048 -411.455 -165.593
-530.125 -406.843 -123.282
-545.246 -398.355 -146.891
-530.013 -402.688 -127.325
-548.843 -403.967 -144.876
-545.762 -411.604 -134.158
-569.47 -410.273 -159.197
-591.922 -406.815 -185.107
-545.398 -411.054 -134.344
-525.251 -409.293 -115.958
-535.218 -405.378 -129.841
-520.829 -410.895 -109.934
-531.811 -407.331 -124.48
-553.21 -402.427 -150.783
-542.699 -409.712 -132.987
-540.76 -416.283 -124.478
-561.781 -409.041 -152.74
-543.001 -412.961 -130.04
-557.099 -414.16 -142.939
-540.33 -409.025 -131.305
-573.41 -410.627 -162.783
-556.008 -409.495 -146.513
-542.142 -402.062 -140.079
-540.082 -405.836 -134.246
-585.132 -406.582 -178.55
-571.781 -403.785 -167.996
-556.751 -409.73 -147.021
-543.49 -407.786 -135.704
-544.688 -401.774 -142.913
-543.224 -402.147 -141.076
-543.81 -403.103 -140.707
-552.555 -407.965 -144.59
-566.031 -412.797 -153.234
-553.17 -404.338 -148.832
-543.401 -400.181 -143.221
-547.119 -402.906 -144.214
-542.917 -408.391 -134.526
-549.127 -410.546 -138.581
-583.51 -413.951 -169.559
-534.165 -403.518 -130.647
-532.843 -399.933 -132.909
-550.144 -408.689 -141.454
-552.232 -412.985 -139.246
-538.977 -412.344 -126.632
-575.93 -407.24 -168.69
-541.779 -407.563 -134.217
-530.049 -396.364 -133.685
-540.957 -408.9 -132.057
-555.978 -403.2 -152.778
-543.374 -400.195 -143.179
-548.224 -411.26 -136.964
-553.762 -391.755 -162.007
-559.532 -409.025 -150.508
-575.388 -408.446 -166.941
-547.982 -402.036 -145.946
-544.788 -410.292 -134.496
-562.185 -408.528 -153.657
-557.764 -411.567 -146.197
-550.039 -408.724 -141.316
-589.533 -400.964 -188.568
-556.126 -402.093 -154.033
-588.722 -411.03 -177.692
-546.767 -403.57 -143.197
-587.334 -402.726 -184.607
-602.177 -406.215 -195.962
-584.336 -400.083 -184.252
-590.288 -398.915 -191.373
-646.222 -399.257 -246.965
-585.309 -413.139 -172.17
-587.611 -404.046 -183.564
-569.722 -400.133 -169.59
-587.255 -403.035 -184.22
-567.439 -398.895 -168.544
-545.723 -403.703 -142.02
-590.948 -419.223 -171.725
-570.03 -396.102 -173.928
-570.992 -407.671 -163.32
-539.607 -407.548 -132.059
-565.918 -405.425 -160.493
-545.765 -403.821 -141.944
-543.892 -399.435 -144.457
-557.029 -402.019 -155.01
-551.701 -401.241 -150.46
-573.441 -404.279 -169.162
-544.235 -401.612 -142.623
-579.573 -404.578 -174.995
-600.764 -407.773 -192.991
-576.276 -406.915 -169.361
-566.352 -408.342 -158.01
-538.843 -398.439 -140.404
-575.075 -404.976 -170.099
-569.057 -399.729 -169.329
-562.569 -411.433 -151.135
-589.413 -419.271 -170.142
-557.821 -417.334 -140.488
-544.703 -411.218 -133.485
-563.55 -411.568 -151.982
-547.985 -411.194 -136.791
-573.042 -407.734 -165.308
-530.572 -406.609 -123.963
-565.384 -420.646 -144.738
-541.3 -410.325 -130.975
-558.874 -419.891 -138.983
-532.717 -403.662 -129.055
-536.75 -397.404 -139.346
-548.991 -411.908 -137.084
-582.615 -414.755 -167.86
-591.243 -402.382 -188.861
-561.225 -404.053 -157.172
-598.638 -401.652 -196.986
-551.861 -410.086 -141.775
-570.866 -410.835 -160.03
-542.908 -409.942 -132.967
-528.772 -415.727 -113.045
-554.545 -424.996 -129.549
-538.293 -416.495 -121.798
-522.177 -413.425 -108.751
-522.107 -410.824 -111.282
-542.298 -407.821 -134.477
-518.116 -405.036 -113.079
-530.107 -405.64 -124.466
-533.961 -405.259 -128.702
-523.367 -405.141 -118.226
-521.59 -411.481 -110.109
-504.926 -398.772 -106.155
-529.178 -411.857 -117.321
-508.127 -400.663 -107.465
-507.502 -402.354 -105.148
-528.047 -402.785 -125.262
-521.542 -410.955 -110.587
-521.136 -399.338 -121.798
-544.708 -401.815 -142.892
-511.017 -396.47 -114.547
-508.167 -396.637 -111.53
-533.539 -394.816 -138.724
-525.82 -403.564 -122.255
-545.375 -412.482 -132.892
-554.36 -404.697 -149.663
-555.947 -407.235 -148.712
-545.971 -408.167 -137.804
-544.212 -403.941 -140.271
-549.356 -406.58 -142.776
-535.941 -403.104 -132.837
-552.66 -407.685 -144.975
-542.112 -410.078 -132.033
-526.053 -399.329 -126.724
-527.636 -403.056 -124.58
-519.449 -403.336 -116.113
-536.567 -405.206 -131.361
-534.538 -410.075 -124.463
-524.61 -402.478 -122.131
-526.327 -409.303 -117.024
-530.681 -414.355 -116.326
-520.757 -413.05 -107.707
-522.407 -401.148 -121.259
-524.446 -407.671 -116.775
-526.28 -413.08 -113.201
-522.803 -408.367 -114.436
-520.229 -405.867 -114.362
-535.566 -408.043 -127.523
-534.625 -401.675 -132.951
-510.46 -404.882 -105.578
-538.745 -409.883 -128.862
-543.973 -411.166 -132.806
-520.609 -409.401 -111.208
-506.883 -413.079 -93.8039
-535.303 -403.076 -132.227
-504.46 -411.111 -93.3491
-490.802 -401.114 -89.6876
-491.263 -399.572 -91.6902
-500.298 -401.036 -99.2615
-519.111 -404.613 -114.498
-520.811 -398.14 -122.67
-506.6 -405.461 -101.139
-502.125 -406.698 -95.4268
-510.262 -408.894 -101.368
-525.717 -414.794 -110.923
-496.926 -404.969 -91.9571
-503.675 -408.099 -95.5759
-506.634 -401.669 -104.965
-528.875 -406.883 -121.992
-499.222 -397.847 -101.375
-531.948 -414.418 -117.531
-513.315 -408.174 -105.142
-502.965 -404.334 -98.6315
-519.315 -412.371 -106.944
-553.523 -419.603 -133.92
-527.021 -409.306 -117.715
-512.951 -407.577 -105.374
-509.721 -401.653 -108.068
-512.483 -407.98 -104.503
-535.77 -404.92 -130.85
-522.913 -398.25 -124.663
-529.908 -401.52 -128.388
-555.977 -410.53 -145.447
-542.347 -413.823 -128.524
-526.744 -405.032 -121.712
-557.294 -417.81 -139.484
-542.413 -404.624 -137.789
-558.73 -410.227 -148.503
-560.946 -411.192 -149.754
-588.924 -414.264 -174.66
-562.78 -399.959 -162.821
-603.183 -402.307 -200.876
-599.031 -402.114 -196.917
-530.145 -388.71 -141.436
-581.596 -395.328 -186.268
-563.754 -398.484 -165.27
-552.85 -400.072 -152.778
-596.572 -393.954 -202.619
-563.008 -393.51 -169.499
-602.349 -399.261 -203.087
-582.658 -396.994 -185.664
-554.864 -388.379 -166.485
-594.078 -395.069 -199.009
-576.583 -389.212 -187.372
-667.29 -409.288 -258.002
-601.502 -403.701 -197.8
-606.503 -388.539 -217.964
-615.779 -381.255 -234.524
-615.144 -393.81 -221.335
-606.191 -395.379 -210.812
-601.095 -388.144 -212.951
-601.185 -396.872 -204.312
-577.16 -385.332 -191.828
-590.772 -396.254 -194.518
-574.177 -390.606 -183.571
-578.011 -393.02 -184.991
-653.333 -390.464 -262.869
-609.088 -388.388 -220.7
-569.389 -388.865 -180.525
-559.611 -391.079 -168.532
-578.087 -402.128 -175.959
-598.858 -394.184 -204.674
-593.797 -392.708 -201.09
-589.516 -392.081 -197.434
-591.295 -387.096 -204.2
-593.041 -397.503 -195.538
-602.254 -405.738 -196.516
