20
24
29
31
22
45
29
27
27
24
34
30
31
48
73
53
55
66
73
63
61
86
82
51
52
49
67
48
53
45
47
52
48
71
62
57
40
44
46
46
38
38
36
34
33
42
34
33
34
33
40
43
36
34
47
24
34
29
31
31
29
26
35
26
26
23
24
20
22
17
21
18
25
20
21
17
19
27
25
28
21
18
16
13
12
14
21
20
27
22
21
15
22
16
12
15
23
15
29
19
19
31
32
26
32
22
16
22
22
20
17
13
19
18
26
24
14
16
15
16
14
12
13
12
13
11
11
15
15
13
12
17
11
16
14
14
19
19
16
13
17
19
12
12
13
18
15
15
15
13
15
11
16
13
13
14
13
12
14
11
13
12
15
11
14
10
9
9
11
12
11
14
11
10
9
12
12
11
13
14
11
16
12
14
9
16
29
21
14
12
11
15
11
27
21
21
26
18
15
22
15
20
21
17
25
9
8
9
7
6
12
13
10
6
10
10
7
10
10
7
8
15
14
6
9
16
10
6
10
7
14
18
10
8
12
8
18
11
10
10
9
9
12
12
16
11
8
12
9
8
16
8
9
9
10
13
9
11
10
8
9
11
10
11
11
20
8
10
11
10
13
15
9
17
11
9
10
22
8
7
7
10
13
9
10
7
7
7
7
10
10
7
7
7
13
9
9
10
11
15
11
12
16
20
12
15
16
17
14
15
14
7
7
8
11
10
7
8
10
10
9
7
7
12
8
13
16
11
12
9
11
7
14
20
14
8
10
14
12
9
8
12
6
11
10
14
15
12
11
12
8
8
19
13
25
20
29
15
17
14
12
12
9
16
18
18
13
17
21
15
14
13
19
20
24
18
17
17
11
12
10
11
17
11
11
13
11
15
13
12
8
10
13
11
8
11
9
8
19
11
13
14
15
17
13
8
9
7
10
11
6
6
7
7
7
6
11
19
19
13
13
11
18
11
11
6
7
7
10
9
8
7
5
5
5
6
6
10
13
7
11
13
16
15
12
10
5
9
7
6
7
5
6
7
12
7
7
8
7
8
8
6
8
8
10
10
7
15
10
7
8
7
11
14
12
13
10
11
16
17
14
17
14
12
14
17
13
15
24
11
11
9
12
10
12
9
9
10
15
8
11
12
7
11
12
7
11
10
7
6
6
6
10
6
7
13
7
13
10
7
8
11
22
10
32
16
18
9
13
11
10
8
8
8
8
11
8
7
7
13
11
8
8
11
7
8
17
14
17
20
16
14
8
12
14
8
9
16
8
9
10
14
10
15
9
24
11
9
10
20
25
10
20
17
11
12
9
7
11
7
7
11
20
22
17
9
15
9
10
13
7
7
7
9
9
10
8
13
13
14
22
11
11
18
12
15
22
23
17
17
13
32
15
24
17
18
19
22
33
16
20
20
21
20
27
20
41
23
17
24
21
19
19
22
19
17
15
20
18
23
16
20
23
14
15
9
13
13
10
9
15
12
10
10
13
18
13
11
8
21
13
9
12
8
10
9
11
7
13
10
7
7
8
10
9
8
10
9
9
7
8
12
10
11
11
6
6
12
10
11
14
22
17
17
15
15
11
15
7
14
9
13
14
16
15
15
14
10
9
9
7
8
12
12
12
7
9
7
10
11
9
10
7
12
15
19
14
11
10
10
15
10
10
11
10
9
9
15
13
13
19
19
25
28
25
27
23
25
34
41
33
18
17
24
21
14
17
27
21
27
21
25
16
21
16
20
16
23
30
18
15
16
10
14
21
17
14
24
15
19
12
21
17
16
17
27
22
19
14
19
16
17
19
18
21
18
17
17
20
27
14
18
18
18
13
24
14
14
12
17
16
16
19
14
21
19
16
23
20
19
27
20
24
15
27
30
27
30
45
26
27
20
29
21
16
23
25
21
14
20
17
19
24
18
25
16
22
29
22
21
16
23
22
16
24
14
13
19
14
20
12
18
12
12
13
15
16
24
25
18
31
16
21
11
9
13
12
10
11
15
9
11
12
11
9
9
11
9
9
13
9
12
17
11
10
16
10
15
17
19
16
18
19
14
18
15
14
14
11
15
12
12
13
14
10
13
12
12
10
10
13
16
10
16
13
11
9
20
9
8
7
9
13
17
12
9
10
12
8
8
11
14
9
11
9
9
12
17
13
10
9
11
16
13
13
18
15
15
18
19
18
17
29
22
35
30
17
34
23
21
34
20
33
28
24
35
27
50
31
34
38
35
32
31
28
25
26
24
23
50
38
26
25
27
32
30
27
28
25
27
