1 1
0.72 2.22834
0.64 2.6526
0.533333 2.29372
0.54 2.60673
0.496 2.32789
0.46 1.99153
0.422857 1.52965
0.445 1.81418
0.448889 1.8804
0.448 1.8804
0.44 1.76355
0.436667 1.70828
0.427692 1.55084
0.411429 1.25084
0.426667 1.48973
0.4325 1.58128
0.428235 1.49337
0.424444 1.40878
0.421053 1.32723
0.426 1.40598
0.426667 1.40598
0.432727 1.51665
0.436522 1.58821
0.44 1.65769
0.4432 1.72523
0.446154 1.79095
0.445926 1.79095
0.438571 1.63493
0.441379 1.69582
0.441333 1.69582
0.44129 1.69582
0.44125 1.69582
0.442424 1.72362
0.442353 1.72362
0.441143 1.69696
0.434444 1.54015
0.428108 1.38636
0.429474 1.41151
0.431795 1.46088
0.433 1.48513
