0.650809
2.11356
2.32982
2.32982
2.32982
3.45531
3.45531
3.09731
3.09731
2.95028
3.39898
3.19811
6.46459
6.40252
6.40252
7.79626
8.3235
8.12106
8.08266
8.08266
8.21406
8.1246
7.81218
7.81218
8.45002
6.93104
6.93104
4.77808
3.8503
3.8503
3.36866
3.99936
4.22807
4.52143
5.27009
5.27009
5.27009
4.79184
4.79184
4.79184
4.79184
4.79184
2.9434
3.07567
3.07567
5.11144
5.11144
2.74009
4.12901
4.12901
4.42948
4.42948
4.42948
4.42948
4.54988
5.35216
2.98831
3.09784
3.09784
3.09784
3.09784
3.09784
3.09784
1.80052
1.80052
1.80052
1.83031
1.83031
1.83031
1.83031
1.83031
1.83031
2.48454
2.48454
2.48454
2.48454
2.48454
2.48454
3.02233
3.02233
2.34597
2.34597
2.65496
2.60372
1.82452
1.82452
2.9657
3.50747
3.50747
3.11468
1.99128
1.99128
2.14559
2.64921
1.99696
1.99696
2.97748
2.7824
2.7824
2.7824
2.7824
5.29628
5.29628
4.56309
3.43452
2.46004
2.46004
2.46004
2.46004
2.46004
2.46004
2.46004
2.46004
2.03982
2.03982
2.03982
2.18539
0.897572
1.33887
1.33887
1.33887
1.33887
1.33887
1.33887
1.33887
1.33887
1.33887
1.33887
1.32704
1.32704
1.28945
1.28945
1.59563
1.59563
1.59563
1.37703
1.37703
1.37703
1.37703
1.75985
1.75985
1.64887
1.64887
1.64887
1.64887
1.64887
1.64887
1.95895
1.95895
1.95895
1.95895
1.53487
1.53487
1.06158
1.02064
1.02064
1.02064
1.02064
1.02064
1.02064
1.02064
1.02064
1.02064
1.49354
1.38454
1.38454
1.38454
1.38454
1.38454
1.38454
1.38454
1.38454
1.38454
1.38454
1.38454
1.51937
1.43083
1.43083
1.67171
1.67171
2.32338
1.57399
1.57399
1.57399
1.57399
2.75986
2.75986
2.75986
2.76993
1.36775
1.31983
1.31983
3.74398
3.83589
3.88856
3.88856
3.88856
2.26929
1.578
2.36811
1.63477
1.6269
1.6269
3.10641
3.10641
1.35615
0.971059
0.971059
1.05551
1.05551
1.49714
1.20673
1.13591
1.13591
1.13591
1.61207
1.61207
1.31892
1.31892
1.31892
1.31892
1.31892
1.62761
1.62761
1.62761
2.19203
0.723279
0.723279
0.723279
2.54983
2.54983
2.27615
2.27615
0.832729
1.56032
1.52343
1.52343
1.49716
1.49716
1.49716
1.49716
1.49716
1.49716
1.49716
1.49716
0.673213
0.673213
2.11715
2.11715
1.91943
1.91943
1.91943
1.44554
1.59416
1.10683
1.10683
1.10683
1.29004
1.29004
1.29004
1.29004
1.29004
1.27449
1.27449
1.27449
1.27449
0.773303
0.773303
0.773303
1.36976
1.51979
1.51979
1.51979
1.51979
1.06528
1.06528
1.06528
1.06737
1.06737
0.714879
0.714879
0.967035
1.30538
1.30538
1.51139
0.505414
0.555241
0.555241
0.829818
0.829818
0.829818
0.829818
0.679189
1.02002
1.02002
1.02002
1.02002
1.02002
1.02002
1.02002
1.66446
1.66446
1.66446
2.00528
2.00528
2.00528
2.00528
2.00528
2.00528
2.00528
2.00528
0.924731
0.924731
0.924731
0.924731
1.33223
1.33223
0.821709
0.821709
1.27423
1.27423
1.27423
1.27423
0.680008
1.75275
1.75275
1.75275
1.75275
2.09966
1.17091
1.54296
1.54296
1.54296
1.54296
1.54296
1.54296
1.54296
1.54296
1.79467
1.79467
1.31258
1.31258
1.31258
1.31258
1.31258
1.31258
1.31258
1.31258
1.31258
1.31258
1.31258
1.31258
2.12414
2.63281
3.3908
3.41022
2.97221
2.71473
1.76595
1.76595
2.13936
1.0943
1.85392
1.85392
2.65293
2.65293
1.39653
1.88833
1.88833
1.88833
1.88833
2.10014
2.10014
2.72315
2.63818
2.63818
1.87724
1.87724
1.87724
1.87724
0.915269
1.18853
1.34475
1.34475
1.39159
1.02592
1.16594
1.16594
1.16594
1.16594
1.16594
1.97928
1.19073
1.19073
1.19073
1.21676
1.21676
1.5776
1.34943
2.40958
2.40958
2.40958
2.40958
2.40958
1.80019
1.24332
1.24332
1.24332
1.24332
0.717866
0.717866
0.717866
0.606853
0.606853
0.606853
0.606853
2.03343
2.03343
1.83753
1.12429
1.29612
1.29612
1.29612
1.13191
1.13191
1.05348
1.4593
1.4593
1.4593
1.4593
1.4593
1.4593
0.351967
0.351967
0.351967
1.06413
1.06413
1.06413
1.06413
1.85293
2.26182
2.26182
1.77746
2.70373
2.70373
1.07357
1.07357
1.07357
1.07357
1.07357
0.376073
1.2279
1.2279
1.2279
1.2279
0.678616
0.678616
0.678616
0.678616
0.678616
0.678616
0.886452
0.815141
0.815141
0.815141
1.03718
1.03718
1.03718
1.03718
1.03718
0.959088
0.959088
1.92195
1.92195
2.08123
2.08123
2.08123
1.6519
1.98509
1.98509
1.8544
1.8544
2.15819
2.15819
2.15819
1.90141
1.90141
1.88104
1.88104
2.59991
2.1411
2.14378
2.1535
2.1535
1.06324
0.966162
0.966162
0.966162
0.966162
1.49648
1.21603
1.21603
1.19678
1.19678
1.19678
1.19678
1.7642
1.7642
0.748652
0.748652
0.748652
0.748652
1.46409
1.46409
1.46409
1.46409
1.55481
1.80662
1.80662
1.80662
1.92438
2.27333
2.17889
2.17889
2.57252
2.57252
2.61824
2.61824
2.61824
2.62743
1.92586
0.681939
0.681939
0.681939
1.07934
1.38891
1.38891
1.38891
1.38891
1.43506
1.33572
1.17691
1.65126
1.65126
1.20384
1.20384
2.30801
3.28657
3.28657
2.65693
2.133
2.133
2.133
2.133
1.77134
1.77134
1.77134
1.56604
1.56604
1.78852
1.78852
2.67235
2.67235
2.49434
2.49434
2.49434
0.580931
0.371108
1.6784
2.78842
2.78842
3.50102
3.50102
2.01982
0.931642
1.18093
1.18093
0.806124
1.24728
1.24728
1.24728
1.24728
2.31523
2.00042
1.81336
1.81336
0.976232
0.976232
0.976232
0.976232
0.749035
1.10857
1.10857
1.10857
1.60689
1.21528
1.21528
1.23197
1.89263
1.89263
1.89263
0.856792
1.35413
1.88347
1.88347
1.88347
3.39827
3.39827
2.33721
2.33721
0.945787
2.20253
1.8649
2.03893
2.75117
2.75117
2.92484
2.92484
2.92484
2.28748
2.28748
2.28748
2.17367
2.17367
2.17367
2.17367
2.17367
2.17367
2.06439
2.06439
1.6997
2.58614
2.58614
3.52179
1.7654
1.92283
1.92283
1.92283
2.14701
1.92616
1.86074
2.05313
2.05313
1.41767
1.41767
1.41767
2.11379
1.99756
1.99756
1.99756
1.57597
1.57597
1.57597
1.57597
1.57597
1.57597
1.57597
1.49751
1.49751
2.34498
1.805
1.78361
1.54857
1.17939
1.20716
1.15113
1.15113
1.15113
1.15113
1.15113
1.15113
1.15113
0.956344
0.956344
0.815856
0.815856
0.815856
0.815856
0.815856
0.815856
0.815856
1.36337
1.64084
1.64084
1.64084
1.64084
1.0688
1.26664
1.43699
1.43699
1.43699
1.43699
1.43699
1.60118
1.60118
1.60118
1.60118
1.60118
1.60118
1.60118
1.60118
1.60118
1.60118
2.56142
2.18471
2.43402
1.4504
0.714811
0.714811
0.767415
1.0115
0.788995
2.3025
2.3025
2.3025
2.3025
0.596811
0.596811
1.46225
1.60324
1.60324
1.60324
1.60324
1.60324
2.1371
2.1371
2.1371
1.0453
1.6115
1.39565
1.39565
1.39565
1.39565
1.39565
0.868171
0.85944
0.85944
1.58975
1.92208
2.58447
2.58447
3.96355
3.96355
3.88728
3.88728
3.88728
3.88728
3.83876
3.83876
3.83876
3.83876
1.74461
1.74461
2.17321
2.17321
1.00278
3.09133
3.09133
3.09133
3.09133
3.09133
3.09133
3.09133
3.09133
3.09133
2.38261
1.51418
2.71711
3.84618
1.64519
1.61788
1.61788
1.61788
1.61788
2.32871
2.32871
1.37272
2.22249
2.22249
1.60154
1.60154
1.60154
1.60154
1.80776
1.80776
1.80776
2.15466
2.15466
2.69062
2.69062
2.69062
2.69062
2.55173
2.44272
2.44272
3.39237
3.33648
2.40711
2.40711
2.40711
2.40711
2.40711
2.40711
2.78821
2.31396
3.2959
2.39688
2.54324
2.54324
2.90084
2.90084
2.90084
2.90084
2.07712
2.07712
2.07712
2.07712
3.23825
1.86965
2.77669
2.35355
2.35355
2.35355
2.35355
3.60775
3.83168
4.31672
4.31672
4.31672
4.31672
3.02515
3.06517
3.64075
2.32538
2.32538
1.73506
1.73506
1.73506
1.73506
1.32877
1.32877
2.57509
3.82253
3.82253
3.22047
3.22047
3.22047
3.22047
3.22047
3.22047
3.22047
3.21147
3.21147
3.21147
3.21147
3.21147
3.21147
3.21147
1.30348
1.72826
1.72826
1.72826
1.3894
1.3894
1.3894
3.66013
3.66013
3.22769
3.22769
4.34947
4.34947
2.30792
1.29184
1.29184
1.08686
1.08686
1.08686
1.08686
1.08686
1.08686
1.08686
1.08686
1.08686
1.74684
1.08673
1.08673
0.866114
0.866114
0.866114
0.866114
1.62183
1.62183
2.12784
2.12784
2.12784
2.12784
2.12784
2.12784
2.12784
2.12784
2.12784
2.51749
2.51749
1.25393
1.65832
1.65832
1.65832
1.65832
1.65832
1.65832
1.65832
1.65832
1.65832
1.65832
1.65832
1.65832
1.65832
1.65832
1.65832
1.65832
1.65832
1.28081
1.73773
1.73773
1.73773
1.58404
1.58404
1.58404
1.56322
1.1539
1.1539
1.73433
2.50639
2.50639
2.2718
2.4023
1.45957
1.39316
1.39316
1.39316
1.39316
1.39316
0.648674
0.648674
0.648674
1.41978
1.41978
1.7804
1.7804
1.7804
1.7804
2.21399
1.95929
1.95929
1.95929
1.95929
2.12402
1.78113
1.78113
3.42783
3.32261
3.4775
3.4775
3.4775
3.44353
3.44353
5.63786
5.63786
5.63786
5.82364
6.06643
6.06643
5.6286
5.23556
5.23556
5.23556
5.68608
5.17625
5.17625
4.4754
4.4754
4.30785
3.28453
2.68313
2.68313
2.68313
2.32821
2.32821
2.32821
3.63789
3.63789
3.63789
3.74311
3.28415
3.28415
2.66425
2.24822
2.24822
2.24822
2.24822
