4.20923
4.20923
4.15525
4.42131
4.32606
4.32606
4.32606
4.32606
5.34059
5.34059
5.22418
5.22418
3.90022
3.90022
3.90022
3.90022
3.90022
3.90022
3.90022
3.90022
3.90022
3.90022
3.78952
4.27777
4.27777
4.46082
5.01994
5.01994
5.01994
5.01994
5.32329
5.32329
5.32329
5.32329
4.16721
4.16721
4.16721
5.68698
5.79485
7.14258
7.79978
7.79978
4.78895
4.78895
4.98629
5.08517
5.08517
7.94143
7.03004
7.03004
7.03004
7.03004
6.86578
7.00968
7.49719
7.49719
7.49719
7.49719
8.2265
8.2265
8.2265
8.2265
7.9709
6.39184
6.39184
6.39184
6.39184
7.97131
7.9884
7.1181
8.67084
6.11024
6.11024
4.79579
5.84257
5.84257
6.16503
6.87391
6.87391
4.49923
4.44594
4.90717
7.3587
7.3587
6.99213
7.95795
7.95795
7.95795
7.50874
8.23848
7.70801
7.70801
7.70801
7.70801
7.70801
7.70801
7.70801
7.70801
7.70801
7.70801
7.70801
7.70801
7.70801
6.0898
7.60242
7.60242
7.60242
7.89085
9.34502
7.90078
7.90078
8.43002
6.27207
6.00545
6.00545
8.89421
10.3501
10.3501
10.3501
6.16608
8.35078
8.40245
8.40245
8.40245
8.54523
8.54523
6.96551
6.96551
6.96551
5.46616
5.46616
5.46616
6.54165
7.08232
7.08232
8.93181
8.93181
8.93181
8.93181
8.93181
8.27026
8.27026
8.27026
8.27026
7.23301
5.79592
5.79592
7.06442
7.06442
7.06442
7.06442
7.06442
7.06442
7.06442
7.06442
7.06442
7.06442
7.06442
7.06442
7.06442
8.41476
8.41476
8.41476
6.72226
9.02063
9.02063
8.14088
8.14088
8.39363
8.27513
8.27513
8.27513
8.15213
8.15213
6.70101
6.70101
6.60424
6.60424
7.63567
7.63567
7.63567
7.63567
7.63567
7.63567
7.63567
7.63567
7.63567
7.83598
7.83598
6.96948
6.96948
5.86969
5.46543
5.07616
5.07616
6.50582
6.03608
6.03608
6.03608
6.03608
6.9082
8.84962
8.57694
9.70681
8.15137
8.15137
5.97302
6.10068
6.78742
5.67348
5.67348
5.67348
7.01777
7.92089
7.92089
9.54221
9.4398
9.4398
9.4398
9.4398
9.4398
9.23536
7.75084
7.75084
7.75084
7.75084
7.75084
7.75084
7.75084
5.81003
5.81003
5.28241
5.28241
5.0927
3.40465
3.40465
3.40465
3.38429
5.05605
5.05605
5.05605
5.05605
7.98328
5.3172
4.89323
5.63884
5.63884
5.2665
5.49614
5.42085
5.42085
5.80465
5.80465
5.80465
5.80465
5.80465
7.20729
7.20729
7.20729
4.25527
4.25527
5.75811
5.75811
5.75811
6.84027
6.84027
6.84027
7.38546
7.17381
5.83148
8.44328
8.44328
8.44328
7.3636
7.05353
7.05353
5.22664
4.70722
4.70722
4.70722
4.70722
4.70722
5.44185
5.44185
5.44185
5.44185
5.62138
5.62138
6.345
4.25431
5.80991
4.92309
4.92309
4.92309
5.55875
5.55875
5.55875
5.55875
5.55875
5.55875
5.55875
5.00199
5.00199
5.00199
7.35025
6.19215
4.88262
4.88262
4.88262
4.88262
4.88262
4.717
5.83163
6.14911
6.14911
5.6382
5.6382
6.59238
6.59238
6.59238
6.44482
6.46942
6.01467
5.96958
5.96958
5.96958
4.94095
5.57944
5.57944
5.57944
4.91678
6.17754
6.68906
6.34124
5.52478
4.19159
4.19159
4.07214
4.96277
4.96277
4.96277
4.96277
4.96277
4.96277
4.96277
6.7925
4.91228
4.91228
5.8998
5.8998
5.50433
5.50433
5.50433
5.50433
5.50433
5.50433
5.50433
5.50433
4.59453
4.59453
4.59453
4.14852
4.14852
4.14852
4.14852
4.14852
4.14852
4.5123
4.5123
4.5123
4.71633
8.33222
8.33222
8.33222
8.33222
8.33222
8.33222
8.33222
5.87699
6.67391
7.54916
6.47678
6.47678
6.47678
6.47678
6.47678
6.35193
7.09892
8.11568
9.97993
8.94502
8.94502
8.94502
8.04574
8.04574
7.95272
8.71051
9.15557
9.15557
9.15557
9.0109
8.7039
9.31009
9.31009
12.3549
12.3549
11.7544
11.7544
13.3046
13.3046
15.3477
15.3519
15.3519
15.3519
15.3519
15.3835
13.8299
14.5065
15.5885
15.5885
17.0338
17.207
17.207
17.8501
17.8871
17.8871
16.8693
15.6813
15.4793
18.1657
18.1657
18.1657
18.1657
15.3659
15.3659
15.3659
18.2148
18.2148
15.3358
14.7148
15.3416
15.3416
15.2825
16.4545
16.328
17.8058
17.8058
17.8058
17.871
17.871
19.6471
21.4704
19.8249
19.8249
19.8249
19.8249
19.5362
21.0658
21.0658
19.4848
18.4113
16.9471
16.9471
16.9471
17.5013
17.3808
17.3808
18.79
13.9346
13.9587
13.9587
13.9587
13.6502
13.6502
13.3575
13.6389
15.5482
17.5436
17.5436
17.5436
17.5436
16.7352
17.3095
15.9733
14.2247
16.2243
17.1161
17.1161
17.1161
17.1161
17.1161
17.1161
15.1827
14.2096
13.1484
13.1484
13.4744
13.4744
12.201
12.3703
12.3703
12.3703
12.2243
15.5988
15.5763
15.5763
17.6393
19.293
17.161
17.161
17.161
17.161
17.161
16.1274
16.3134
16.6616
16.6616
16.2332
16.2332
18.0936
16.7922
15.9738
15.9738
17.2649
18.6338
18.6338
18.5444
18.5444
17.2285
16.5987
16.5987
16.5987
16.4322
16.2957
16.2957
16.2957
15.1173
15.1173
15.1173
14.3733
14.3733
14.3733
14.3733
14.5323
14.5323
14.598
14.598
14.598
14.598
14.598
14.598
14.0996
14.0996
14.0996
14.0996
14.0996
14.0996
14.599
13.0376
13.0376
13.0376
13.8491
13.8491
13.8491
13.1438
13.1438
13.1438
13.1438
13.1438
13.1438
13.1438
15.788
18.0513
18.0513
21.1997
20.8447
19.5936
19.5936
19.1949
16.1783
16.1783
16.1783
14.1119
14.2182
14.2182
16.7976
16.7976
16.7976
18.8108
19.3941
18.4259
17.743
14.1086
14.1086
14.1086
14.1086
15.4421
15.4421
15.4421
15.4421
15.4421
15.4421
15.4421
15.4421
15.4421
15.4421
14.4742
14.4742
13.5717
13.8399
13.8399
13.8399
13.9141
13.9141
13.9141
13.9141
14.6206
15.8316
15.8316
20.0904
21.6773
20.2439
20.2439
19.7051
18.7729
18.7729
19.3436
16.2347
16.2347
16.2347
18.8993
17.25
17.25
17.25
17.25
17.25
12.0435
13.0115
13.2983
13.2983
13.2983
11.0694
11.9652
11.9652
12.4581
12.4581
12.4581
12.4581
15.5145
12.8999
11.6539
11.6539
11.6539
11.6539
12.0574
12.0574
13.6582
11.3998
11.3998
11.3998
11.3998
11.3998
10.2628
10.2628
10.2628
10.2628
10.2628
10.3437
10.3437
10.6212
12.0062
12.3568
12.5684
13.3498
13.1327
13.1327
13.7979
13.7979
13.7979
13.311
13.311
13.311
12.5863
14.9639
15.3053
13.9532
13.9532
13.9532
13.7322
12.4964
11.0285
12.1107
10.444
10.9647
10.5286
13.3465
13.3465
13.3465
12.4472
12.4472
12.4472
12.4472
12.4472
11.4165
12.3236
12.3236
12.3236
12.3236
12.2842
12.2842
11.7866
11.7866
13.3266
14.2231
16.0391
15.943
15.943
15.943
15.943
15.943
16.7451
17.4311
18.4143
14.1744
12.3766
12.3766
12.3766
12.3766
12.3766
14.9612
15.061
15.061
13.9236
15.0304
15.0304
15.0304
15.3981
15.3981
18.4463
19.1903
19.1903
19.1903
19.0516
19.0516
19.0516
19.5151
17.8402
18.0805
18.6424
18.4002
18.4002
17.8162
17.8162
19.8677
18.9584
18.9584
14.6497
15.2374
13.6026
13.6654
13.6654
16.6459
15.7746
15.7746
15.7746
15.7746
15.7746
15.7746
15.7746
15.7746
15.7746
15.7746
15.9849
13.815
12.4677
12.4677
12.4677
12.4677
12.4677
12.4677
15.1512
15.0471
15.0471
14.4839
14.4839
13.3963
13.3963
14.7179
14.7179
14.7179
14.7179
14.7179
14.7179
14.7179
14.7179
15.1627
15.1627
15.1627
15.1627
14.507
14.507
14.507
14.507
11.7258
12.3315
12.6916
12.6916
15.2841
15.2841
15.2826
15.2826
16.6761
16.2664
17.8132
16.5064
18.9455
16.4456
15.7308
14.8053
14.8053
13.3922
14.8815
14.8815
14.8815
13.167
13.167
13.167
13.167
14.697
14.697
14.697
14.697
14.697
15.5278
18.3021
18.3021
18.5891
18.5891
18.5891
17.0919
17.0919
17.0919
14.8738
14.8738
14.7166
14.7166
14.7166
17.5463
15.9007
17.0517
17.0517
17.0517
17.0517
16.2415
12.8417
12.95
12.95
11.8475
11.8475
12.747
12.747
13.2389
13.2389
12.8252
14.2413
14.2413
13.4531
17.447
17.447
16.6491
16.8417
16.8417
16.8417
18.4282
18.4282
18.4282
18.4282
17.4811
14.298
14.298
15.0703
15.0703
15.0703
13.7041
13.7041
13.7041
14.2886
14.2886
11.737
11.737
12.1888
12.1888
12.7809
12.7809
16.6433
16.8269
16.8269
17.937
17.937
15.2622
16.0836
15.2008
15.2008
15.2008
15.2008
16.127
14.4799
14.4799
13.522
13.6343
15.6596
15.6596
13.387
11.9473
16.9813
16.7969
15.4801
15.4801
15.4801
15.4801
16.6069
14.3531
14.3531
15.0761
15.0761
15.0761
15.0761
14.4168
15.5627
14.7986
11.8377
12.8208
12.8208
11.8303
11.8303
13.1291
13.5898
13.9246
13.9246
13.9246
13.9246
13.9246
13.9246
15.7546
15.6492
15.1349
15.1349
15.1349
15.9144
15.9144
15.9144
15.9144
15.9144
15.9144
15.9144
15.9144
14.9917
14.9917
14.0404
14.0404
14.3341
11.4502
11.1573
11.1573
14.1964
14.1964
14.1964
14.8079
14.8079
15.4807
16.3663
16.3663
16.3663
16.3663
16.3663
16.3663
15.9231
15.9231
16.9163
16.9163
14.9584
14.9584
14.2163
15.7733
15.7733
15.7733
16.3987
19.0723
13.7912
13.7912
11.8067
11.8067
11.8067
11.8067
11.8067
11.8067
11.4726
11.4726
11.4726
12.9822
11.5037
9.68514
8.79585
8.79585
8.79585
8.79585
9.91375
12.0598
12.0598
12.0598
12.0598
13.8343
13.8343
13.2542
14.2418
14.2418
14.2418
15.5789
12.3377
13.5883
13.5883
13.5883
11.3829
11.3829
11.3829
11.3829
12.6499
12.6499
12.6499
12.6499
10.4861
10.4861
14.0156
14.0156
12.1767
12.1767
13.1516
13.1516
13.1516
10.2659
9.76058
13.0579
13.0579
13.0579
11.9483
11.9483
11.9483
11.9483
11.9483
11.9483
11.9483
11.9483
12.2547
11.6909
11.7518
8.97382
8.97382
8.97382
8.97382
11.4483
11.4483
11.4483
11.4483
11.4483
12.7345
12.3651
11.8076
11.8076
11.8076
11.8076
11.8076
11.8076
9.67282
9.58953
9.07002
10.2775
10.2775
10.2775
10.2775
11.1839
8.9329
8.9329
9.62417
9.62417
9.62417
9.62417
9.62417
11.4307
11.4307
11.4307
11.4307
9.29049
9.29049
9.64417
9.62243
9.62243
9.62243
10.3269
10.2053
9.31759
11.6704
11.6704
10.7941
11.4473
14.0586
14.7066
14.7066
13.7034
13.7034
13.7034
13.7034
10.5861
10.5861
10.5861
10.5861
10.3097
10.3097
10.3097
10.3097
8.67753
9.26235
9.38838
9.38838
8.83909
8.83909
8.83909
9.39857
9.39857
9.39857
9.39857
10.5747
11.6412
11.6833
11.6833
11.5114
11.5114
11.998
11.998
12.2217
12.2217
9.64631
9.64631
9.64631
9.64631
10.977
10.977
9.94777
9.94777
10.6549
11.2309
11.2309
11.2309
11.2309
11.2309
11.55
11.55
11.55
11.55
10.9767
11.0874
11.0874
11.0874
11.0874
11.0874
14.157
14.7827
16.8549
12.8782
12.8782
11.4859
10.7143
10.7143
13.1058
13.1058
12.3242
12.3242
12.3242
12.3242
12.3242
12.3242
14.1401
14.1401
14.1401
14.1401
16.9537
16.9537
16.9537
20.3826
20.3826
18.8526
18.8526
20.7276
18.3574
18.3574
18.3574
18.379
18.6073
18.6073
16.8194
16.424
15.6358
15.6358
16.7873
16.7873
16.7873
16.7873
16.7873
16.7873
16.7873
16.7873
18.9358
19.4151
20.415
20.415
20.555
19.4699
22.1797
19.3852
16.317
16.317
17.4422
16.772
17.8332
17.8332
17.8332
17.8332
20.5769
20.5769
18.2215
18.2215
18.2215
18.2215
18.2215
17.3923
17.3923
19.1517
20.1275
20.1275
19.0489
18.6648
19.3592
16.7448
19.0895
19.0023
19.1069
16.3532
16.3532
15.1948
15.7273
14.2002
13.1827
13.7402
13.6355
13.6355
13.6355
13.6355
13.6355
13.6355
16.1427
16.1427
16.1427
14.2728
18.2132
18.2132
18.2132
15.7267
15.7267
15.7267
18.0136
18.0136
18.0166
18.0166
21.1936
21.1936
19.1266
15.2765
15.2765
19.3868
20.1948
19.8974
19.9529
20.8271
18.523
19.6841
19.6841
19.6841
19.6841
18.0637
18.0637
19.6256
19.6256
19.0141
20.4526
20.4526
20.4526
19.1676
19.1676
19.1676
19.8421
19.8421
19.0244
19.0244
19.0244
19.0244
17.7084
16.3955
16.3955
16.3955
17.4613
17.4613
19.6435
19.6435
19.6435
15.7707
15.7707
16.0912
18.9102
18.9102
18.9102
18.9102
18.9102
18.9102
18.9102
20.3203
22.2205
20.5625
20.5831
17.3949
17.3949
17.3949
17.3698
17.7362
17.7362
19.5399
19.8091
18.4278
18.4278
16.1917
16.1917
16.1917
16.1917
18.3045
18.3045
18.3045
18.3045
15.6843
15.6843
17.3328
17.3328
16.5467
16.5467
16.5467
16.8259
18.0723
18.0723
18.8381
19.0643
19.0643
20.7938
20.5304
16.8567
16.8567
16.8567
18.3761
18.3338
18.9935
18.9935
17.4557
18.3636
18.3636
18.3636
18.4867
15.1608
15.1608
15.1608
15.1608
15.1608
15.1608
15.4666
15.4666
15.3987
15.3987
15.3987
15.3987
13.5458
13.5458
13.5458
14.2218
14.2218
14.2218
14.2218
14.2218
16.1956
16.1956
16.1956
16.1956
16.2992
16.2992
16.2992
15.0942
15.0942
12.9093
12.9093
14.1553
14.1553
14.1553
14.1553
13.7398
13.7398
13.5573
14.468
14.468
14.3577
14.3577
13.7184
16.3966
16.3966
16.0999
16.0999
16.7206
15.0778
15.3963
15.3963
15.3963
15.3963
14.6724
14.5804
12.7702
12.7702
12.7702
12.7702
12.7702
13.0455
13.0455
13.0455
14.6201
14.1545
15.9547
15.9547
15.9547
15.9812
12.7002
12.7002
13.6394
15.6867
15.6867
15.6867
13.9219
13.9219
13.9219
13.9219
12.4513
9.67799
10.9523
10.9523
10.9523
11.184
11.184
11.2969
11.2969
11.2969
11.2969
11.2969
11.2969
7.80536
8.97753
9.43328
9.43328
9.53815
9.00889
9.33802
10.6848
10.6848
10.6848
10.6848
10.6848
10.6848
10.6848
10.6848
10.2041
10.2041
10.2041
10.4235
10.4235
10.7424
10.6686
10.6686
13.5722
13.5722
13.9354
11.7922
12.3991
14.6904
14.6904
15.1096
15.1096
15.1096
14.3205
14.3205
14.3205
14.3205
16.6768
17.8979
17.5826
17.5826
17.5826
17.5826
17.5826
17.5826
17.5826
17.5826
19.0861
19.0861
18.7725
13.022
12.9492
11.3025
15.5763
16.1824
16.6252
16.6252
16.6252
16.6252
16.6252
15.5543
15.4592
19.4312
17.9404
17.9404
17.9404
17.9404
16.4876
14.7068
14.7068
14.7295
14.7295
14.7295
14.7295
12.9075
12.9075
12.9075
12.9075
12.9075
12.9075
12.9075
12.9075
13.1841
13.1841
13.1841
13.1841
12.8884
12.8884
12.8884
12.8884
12.8884
13.2678
13.2678
13.2678
13.2678
13.1607
13.1607
13.1607
12.8716
12.8716
12.8813
12.8813
12.8967
11.5872
11.5872
11.5872
12.3464
12.3464
11.6802
11.6802
11.6802
12.3529
12.3529
13.7328
16.7502
13.2731
13.2731
13.2731
13.2731
13.2731
13.2731
13.2731
13.2731
13.2731
13.2731
13.2731
13.2731
11.6389
12.4212
12.4212
9.86794
9.86794
9.86794
9.86794
10.4768
10.9012
11.3819
11.3819
12.7731
13.8213
15.4603
15.4603
15.4603
15.4603
15.4603
15.5893
15.5893
15.5893
16.4764
16.4764
16.4764
16.4764
16.4764
16.4764
16.4764
16.4764
13.3183
13.2331
13.2331
12.9782
12.9782
12.9782
11.9774
12.6591
13.426
13.426
11.6391
10.5508
10.5508
10.3686
10.3686
10.3686
10.3686
12.1842
11.838
11.838
11.838
10.9793
10.9793
10.9793
10.9793
10.9793
10.9793
10.9793
10.9793
10.9793
10.9793
12.269
7.9788
7.9788
10.0114
11.194
11.194
11.194
11.194
11.194
11.194
8.78332
8.78332
8.78332
8.78332
8.78332
8.78332
7.25151
7.25151
7.25151
7.25151
7.25151
7.48075
8.12025
5.85425
5.85425
5.85425
6.26146
6.26146
6.26146
6.74601
6.74601
8.18381
8.18381
8.18381
8.18381
8.42919
8.42919
8.42919
8.25125
8.25125
7.74696
7.68703
7.68703
7.68703
7.43343
7.43343
7.43343
7.43343
7.43343
7.43343
7.43343
7.43343
7.43343
7.7571
7.69005
7.69005
7.41631
7.39249
7.82324
7.82324
7.82324
7.82324
7.70682
8.62719
8.2163
7.14691
8.22742
7.99539
7.99539
7.99539
7.99539
8.92718
8.92718
8.38556
8.38556
8.38556
8.38556
8.38556
8.38556
9.25274
9.25274
9.25274
9.25274
10.5572
10.5572
7.14289
7.59734
7.59734
7.59734
7.59734
7.59734
6.18568
6.18568
6.18568
7.17042
7.93151
7.93151
7.93151
7.93151
7.93151
7.93151
7.31507
7.31507
7.31507
7.31507
7.31507
7.31507
7.31507
7.31507
7.31507
7.31507
7.31507
7.31507
7.40812
5.59796
5.59796
5.59796
6.34357
6.34357
6.34357
2.91352
2.91352
2.91352
4.33947
4.33947
4.33947
8.06628
8.06628
8.06628
8.06628
5.82459
7.15114
6.00521
6.00521
6.00521
6.25084
5.78714
5.78714
5.78714
5.83036
5.83036
5.83036
5.83036
5.83036
5.83036
5.83036
5.83036
5.83036
7.30136
8.0208
8.0208
8.21077
6.48228
6.48228
6.48228
6.48228
5.08736
5.08736
5.08736
5.08736
5.08736
5.08736
5.08736
5.08736
5.08736
5.63475
5.63475
5.63475
5.63475
5.63475
5.63475
5.63475
5.1537
6.00258
6.00258
6.00258
6.00258
6.00258
6.00258
6.00258
6.00258
6.00258
6.00258
5.88633
5.34993
5.34993
5.34993
5.34993
6.70767
6.70767
6.70767
5.04136
5.07188
5.07188
5.07188
5.07188
5.07188
6.91503
4.75703
4.75703
6.56791
6.22461
6.22461
6.22461
6.59803
9.66514
7.6385
6.86873
6.86873
5.87883
5.87883
5.87883
5.87883
5.74203
5.97189
3.94341
3.94341
4.96505
4.96505
4.732
4.732
5.53562
5.99041
5.99041
7.83093
7.83093
7.83093
7.68192
7.68192
7.68192
7.68192
7.68192
7.68192
7.37242
7.37242
7.37242
8.43013
7.27597
6.51939
6.51939
5.825
5.825
5.825
5.825
6.62948
6.31035
5.21171
5.21171
5.21171
5.21171
3.63239
6.42571
6.42571
6.42571
6.42571
6.42571
6.42571
6.42571
6.42571
6.42571
6.42571
6.891
5.44959
5.44959
5.44959
5.44959
5.32838
6.52768
7.20501
7.20501
6.99298
6.99298
6.99298
6.99298
6.99298
6.99298
4.49174
5.62069
7.21651
8.15786
8.15786
9.05394
7.48637
7.48637
7.48637
7.13486
7.13486
7.13486
7.13486
7.13486
5.0565
4.9112
4.9112
6.46325
6.46325
8.97254
8.97254
9.43074
6.11103
4.5578
4.5578
4.5578
4.61104
5.50171
5.8287
5.50093
8.4956
7.1951
7.1951
7.1951
7.1951
7.1951
7.1951
7.1951
7.1951
7.47721
7.47721
6.05864
5.57441
7.84347
7.84347
8.53414
7.43771
7.43771
7.43771
8.75958
10.5521
12.6269
10.8055
11.1646
12.2239
13.0055
13.0055
13.3937
10.4732
10.4732
10.4732
10.4732
9.67088
9.67088
9.67088
9.78969
7.97354
7.99988
7.99988
8.69339
8.69339
8.69339
8.81955
8.81955
11.0404
14.3374
14.1464
14.1464
10.982
10.982
10.3546
7.51557
7.51557
7.51557
8.23547
8.23547
8.23547
10.0892
9.73569
9.73569
9.73569
9.73569
9.73569
10.1561
10.4659
10.4659
13.0423
13.0423
13.0423
9.78104
11.7326
12.367
12.367
12.367
14.2175
17.522
16.8472
16.8472
18.5658
17.9843
17.2182
17.2182
17.2182
17.2182
17.4662
17.4662
17.4662
17.658
17.5107
17.5107
17.5107
16.5484
16.6195
17.2996
17.2675
17.2675
20.6106
21.132
21.132
21.132
21.4426
20.9064
18.4947
20.5504
20.5504
20.5504
20.8624
20.736
20.2382
20.2382
20.2382
22.6807
22.6807
22.6807
24.1237
24.5064
24.5064
24.5064
24.5233
24.5233
22.7682
19.7695
19.7625
19.7625
19.0647
19.0647
19.6426
19.6426
16.8544
16.8544
16.6865
17.0144
19.6725
19.9853
19.9853
19.3425
17.623
17.623
17.623
16.0542
16.0542
20.6541
20.1967
20.1967
20.1967
20.1967
19.7507
20.2909
20.4109
20.9269
20.9269
18.5324
18.5324
18.5324
17.2686
17.4806
17.1156
18.0814
18.0814
18.0814
19.4226
18.571
18.571
20.1923
20.1923
20.1923
20.1923
19.5188
19.5188
19.5188
19.5188
19.5188
21.8075
20.2814
22.0255
21.3298
21.3298
23.2666
23.2666
22.6686
22.6686
22.6686
21.5013
20.9975
20.9975
20.9975
21.2647
21.2647
20.3169
21.9712
21.9712
20.4924
20.4924
20.4924
20.4924
19.5787
18.1564
18.0744
17.7683
17.7683
18.4442
18.6872
18.6872
18.6872
18.6872
17.8719
17.8719
17.8719
16.7247
16.7247
16.7247
16.7247
16.7247
17.8469
15.9673
15.9673
15.9673
15.2332
15.2332
15.2332
13.7072
13.7072
13.7072
13.7072
16.1514
16.1514
16.1514
16.1514
16.1514
16.1514
12.5605
11.0458
10.742
10.7987
10.7987
12.1814
15.6678
15.6678
15.6678
15.6678
16.0017
16.0017
15.7424
15.7424
15.7424
15.7424
15.7424
14.3248
14.3248
14.3248
14.3248
14.3248
15.5399
14.2409
14.2409
14.2409
14.264
15.5306
15.5306
15.5306
15.5306
15.5306
15.5306
14.4509
14.4509
15.5832
15.5832
15.5832
17.4546
16.2491
15.4339
15.5947
15.5947
15.5947
15.5947
15.5947
15.3588
15.3588
15.4792
14.5934
14.0256
13.7972
13.7972
13.7972
14.1952
14.1952
13.6378
13.6378
14.5113
14.5113
14.5113
15.1853
15.1853
15.1853
16.8303
16.8303
16.4129
15.9468
15.9468
15.9468
15.9468
17.3256
17.3256
15.7709
14.4708
13.8215
13.8215
13.8215
14.5061
14.5061
17.2154
17.2154
17.0015
17.0015
17.4845
17.503
17.503
17.503
17.503
17.503
17.503
17.503
17.5065
17.5065
17.5065
17.5065
16.3478
16.2804
16.2779
16.2779
16.2779
14.9916
15.4677
14.8527
14.73
14.6567
12.9667
12.9667
12.9667
13.2831
11.0518
12.2644
12.973
12.5936
12.3793
13.626
13.626
13.1013
13.1013
13.1013
13.1013
13.1013
13.1013
15.1347
15.1347
14.4971
14.2893
14.2893
14.2893
13.1975
13.1975
14.4779
14.4779
14.4779
14.9408
16.9715
16.9715
13.7001
13.7001
13.7001
13.7001
13.5371
14.3292
14.0241
14.0349
14.0349
14.0349
14.6775
14.6775
15.2839
15.2839
15.2839
15.2839
15.2839
15.0417
15.0417
17.6761
15.8077
15.8077
15.8077
15.8077
17.9887
17.9887
17.3545
17.3545
17.3545
13.4716
13.4716
13.4716
13.4716
13.4716
15.4508
15.4508
16.5977
16.5977
16.5977
16.5977
16.5977
16.5977
17.6471
14.0127
14.0127
13.4115
15.6102
15.6102
15.6102
17.1956
17.1956
17.501
17.501
17.501
17.501
18.282
18.282
16.1114
15.5072
13.038
13.038
13.038
12.5115
12.5115
12.9723
11.9024
11.9024
11.9024
11.9024
11.9024
13.4104
13.4104
13.9868
16.569
16.0372
16.0372
16.2867
16.2867
17.1316
16.2401
16.2401
16.2401
19.0526
19.0526
19.0526
19.0526
19.3284
19.3284
21.1523
21.1523
19.0506
19.0506
19.0506
19.0506
17.2858
17.2858
19.1037
19.1037
19.9045
19.9045
19.2063
19.2063
20.4005
16.968
16.968
16.968
15.6125
16.078
17.7296
19.213
19.2551
19.4702
17.0627
16.6933
16.6933
20.1792
20.1792
20.1792
20.1792
19.4622
19.4622
19.4622
19.4622
19.4622
19.4622
19.4622
23.5153
23.5153
23.5153
24.1959
24.1959
23.3485
24.1076
27.1322
27.1322
28.3387
28.3387
27.7603
27.6476
27.6476
28.796
28.796
28.3512
28.3512
28.2724
28.2724
27.63
27.63
29.616
27.8912
32.0985
32.9973
32.2703
32.2703
31.7783
30.3396
30.3396
31.7757
30.5615
30.5615
30.6026
30.6026
30.6026
33.3824
34.5457
34.5457
32.6814
33.0711
36.0958
34.0291
33.7649
30.6499
31.2081
31.2081
31.018
31.018
31.6257
31.6257
31.6257
32.8832
32.8832
35.288
35.288
35.288
35.288
34.9197
34.599
34.599
34.599
33.7978
33.07
33.07
32.7206
32.7206
31.9211
32.8504
32.4462
32.8318
31.846
32.4548
33.2668
32.1301
32.1301
32.1301
34.4628
34.4628
31.2889
32.8762
34.1674
37.1473
37.1473
36.0246
36.8949
36.8949
36.8949
36.8949
36.9872
36.9872
37.9985
39.9012
38.1375
38.1375
40.2991
38.0642
37.2197
37.2197
39.6192
41.8057
42.1687
42.1687
41.6769
41.6769
40.5424
39.191
45.4794
42.8073
40.7147
40.7147
41.8377
41.8377
40.3813
40.3813
40.399
40.399
41.5591
41.5591
41.4204
42.2823
36.987
36.987
36.987
36.5391
36.5391
36.5391
36.5391
36.5391
36.5391
36.5914
36.5914
36.5914
36.5914
37.8573
37.8573
39.1206
40.3135
35.3022
34.3277
34.3277
34.3277
34.3277
34.3277
34.3277
34.3277
34.3277
34.3277
34.3277
34.3277
36.9352
36.1236
36.1236
37.589
36.226
36.226
36.226
36.226
35.2646
34.1675
34.1675
36.8098
36.406
38.914
40.924
40.4164
44.0767
44.0767
41.061
41.061
41.061
41.061
40.5251
41.3149
41.9953
41.9953
41.7356
41.7356
41.7356
41.7356
39.995
39.995
37.1254
36.4162
36.4162
38.2863
38.2863
38.2863
35.6717
35.6717
35.6717
35.6717
35.6717
35.6717
35.9417
35.9616
37.2076
37.3955
37.3955
37.3955
37.3955
37.3955
37.3955
40.1145
40.1145
43.4503
43.4503
45.4509
45.3176
45.3176
45.7405
45.7405
49.1567
49.316
50.7787
50.7787
54.9762
54.9762
54.9762
54.9762
53.7665
50.9992
49.1208
49.1208
49.1208
49.1208
49.1208
49.1208
51.1615
52.4521
52.4521
53.3707
53.3707
49.7788
49.7788
49.7788
49.689
49.899
48.1954
48.1954
48.6954
46.787
46.787
47.7197
47.7197
47.7197
45.394
46.3049
50.4988
52.0293
53.1035
53.1035
53.1035
53.365
54.1498
54.1498
55.7768
55.7768
55.2407
55.2025
52.5713
50.6497
50.6497
50.6497
50.6497
49.6334
49.6334
49.5052
49.5052
49.5052
48.5293
48.5293
43.918
43.918
41.072
37.0015
37.0734
36.4106
35.9217
33.9844
33.9844
33.9844
33.9844
31.4148
31.4148
33.349
34.4088
34.4088
34.5771
34.5771
33.3381
33.3056
33.3056
34.3663
34.6093
34.6093
32.3188
31.0047
31.0047
31.0047
31.4912
31.4912
28.1912
28.1912
28.1912
26.8802
26.8802
26.8802
26.8802
26.8802
26.8802
26.8802
26.8802
29.116
30.2122
30.2122
32.7719
36.0108
36.0108
36.0108
36.0108
36.0108
37.0189
37.0189
36.3692
36.3692
35.6264
35.6264
35.6264
35.6264
35.6264
36.6356
35.9478
35.7676
36.3547
36.3547
36.3547
36.3547
33.9038
33.9038
33.9038
33.1036
33.9839
33.9839
33.9839
33.9839
33.4506
33.4506
32.1388
31.6711
31.6711
31.6711
31.6711
31.6711
31.6711
31.6711
31.6711
28.4069
28.4069
28.4069
28.4069
28.2312
28.2312
28.2312
27.2352
27.4073
27.4073
27.4073
25.2474
28.0648
27.863
27.863
29.6081
32.4097
34.0097
33.2902
33.2902
33.2902
33.2902
33.2902
33.2902
32.831
32.4704
33.948
36.8584
36.7872
38.4843
38.4843
37.9379
37.9379
36.5702
36.5702
36.484
36.7625
30.8173
25.9699
28.0971
26.2607
26.2607
26.2607
26.2607
26.7964
25.1493
25.1493
25.1493
25.1493
26.1091
26.1091
26.1091
26.1091
26.1091
26.1091
26.4618
26.4618
26.4618
26.4618
26.4618
26.4618
26.4618
26.4618
26.4618
30.7283
31.6427
32.3653
32.3653
32.3653
33.7865
33.7865
33.7865
33.7865
33.7865
33.7865
37.6407
42.9597
42.9597
45.3695
45.3695
45.3695
43.7547
41.987
40.4994
44.6203
45.1391
45.1391
45.1391
45.1391
45.0693
43.8831
43.8831
43.8831
44.0903
44.0903
44.0903
44.0903
44.2261
44.2261
44.4925
44.4925
44.8716
43.7202
46.1396
46.1396
46.8187
45.5956
45.5956
45.5956
45.4559
45.4559
45.4559
43.7528
40.3734
40.3734
40.3734
40.3734
42.3322
42.3322
42.3322
42.3322
42.9993
42.9993
42.7934
42.9241
44.3016
45.1847
43.8414
43.8414
47.041
44.7569
44.7569
44.7569
44.8515
43.8703
43.8703
45.9601
44.0689
44.0689
44.0689
44.0689
44.0396
44.0396
41.5336
41.5336
41.5336
41.5336
44.3549
44.3205
44.3205
44.3205
44.7796
44.7796
44.7796
44.7796
43.6264
43.6264
42.3481
41.9813
41.9813
42.4874
42.4874
42.7665
42.9907
40.4028
40.4028
40.4028
40.4028
40.4028
40.4028
40.8314
40.8314
40.8314
41.0861
41.0861
40.3683
40.3683
40.3683
40.3683
40.3683
42.6457
43.8897
43.8897
45.3463
42.8406
42.8406
42.8406
42.8406
39.7356
37.2269
36.3666
36.3666
36.3666
37.8096
37.8096
37.8096
39.3473
39.3473
39.3473
39.3473
37.1079
38.2559
38.2845
38.2845
40.2067
40.2067
40.2067
38.869
37.4947
37.4947
38.8677
40.2891
38.4389
37.2758
36.1181
35.9932
34.7468
34.7468
34.7468
34.7468
34.7468
32.1531
31.6671
31.6671
32.1471
32.1471
32.1471
32.1471
30.261
30.261
33.3212
31.9853
31.9853
31.9853
31.9853
35.1103
35.1103
35.1103
35.1103
35.1103
35.1103
26.1847
26.1847
26.1847
23.7976
23.7976
25.1349
25.1349
25.1349
24.7512
24.7512
25.284
24.5086
24.5086
24.5086
26.6171
26.3992
27.6847
28.9304
28.9304
24.2156
24.9219
24.9219
28.8306
29.4393
27.7068
27.7068
27.7068
27.7068
27.7068
25.3647
26.1706
26.1706
26.1706
26.1706
26.1706
27.7203
26.3487
29.234
29.234
30.4115
30.4115
30.7732
31.9923
33.8748
33.3484
33.0933
33.7988
33.7988
33.7988
33.7988
34.2286
38.4054
39.4885
38.8546
38.8546
43.431
43.431
43.431
43.6499
42.7873
42.7873
45.3152
45.3152
49.1301
46.2429
46.2429
40.6418
40.0157
38.886
41.1588
40.597
39.9248
39.9248
39.9248
39.9248
40.2672
39.3372
39.3372
43.8749
43.8749
46.983
46.983
47.4712
47.4712
45.4442
46.0655
46.0655
46.0655
47.0606
47.0606
46.148
45.2298
45.2298
45.2298
45.2298
45.074
44.9568
43.917
39.8871
42.4666
42.4666
42.4666
42.4666
42.4666
42.2403
42.2403
43.8939
43.1805
46.3944
46.3944
46.3944
46.3944
44.7114
44.7114
45.7412
45.7412
42.6393
43.8686
43.8686
47.0473
47.0473
46.2901
46.461
46.461
46.2516
45.0271
44.8791
44.8791
44.088
44.088
44.088
44.088
42.3961
42.3961
40.6776
41.4741
42.6493
45.0278
40.922
40.922
40.7985
45.4509
45.4509
45.4509
45.1088
46.713
46.713
51.7851
56.8348
56.8348
56.8348
60.0695
60.0695
62.6822
62.6822
62.6822
62.6822
62.6822
62.6822
62.6822
62.6822
62.6822
62.6822
62.6822
62.5603
62.5603
62.3993
62.3993
63.2744
63.2744
63.2744
63.2744
63.2744
62.9627
61.8741
61.8741
59.241
61.0289
57.5445
57.9389
60.5966
60.5966
60.5966
60.5966
60.7313
63.9688
64.1025
63.1316
64.3914
64.3914
63.7649
60.7105
61.7942
60.6413
60.6413
60.6413
60.6413
60.6413
60.6413
59.5363
59.5363
59.5363
59.5363
59.9377
59.7544
59.7544
58.0351
58.0351
58.0351
55.6364
54.6858
54.6858
54.6858
54.6858
50.9801
50.9801
50.9801
50.9801
47.9961
47.9961
47.9961
46.0522
46.0522
46.0522
46.0522
47.2338
47.2338
48.368
48.368
48.368
48.368
48.368
47.9639
47.9639
47.9639
47.9639
47.9639
47.9639
45.9953
43.8952
43.8952
43.8312
44.084
44.084
44.084
44.084
44.8155
44.8155
46.9093
47.1712
46.6895
45.6371
44.348
44.348
44.348
45.2461
45.2461
45.2461
42.0859
42.0859
42.0859
42.0859
43.0242
43.0242
43.2665
39.5399
39.5399
40.1934
38.1063
33.8872
36.3936
34.937
34.9637
32.4035
33.6724
29.6566
28.4733
28.4733
28.4733
28.4733
28.4733
31.4104
31.4104
31.998
31.998
31.9976
33.493
33.493
33.493
30.9147
30.9147
30.9147
30.9147
30.9147
30.9147
30.3603
30.3603
30.3603
29.6571
28.292
27.3102
27.3102
25.2202
25.2202
25.2202
26.3541
26.3541
25.7939
25.7939
24.4701
25.0746
24.6838
24.6838
25.2622
25.2622
22.7653
22.7653
22.7653
22.7653
22.7653
21.2418
21.2418
21.4224
21.4224
21.8101
19.0982
19.0982
19.0982
19.0982
23.491
23.491
19.4737
19.4737
18.6344
19.2445
19.2445
17.2596
17.811
17.811
17.811
17.811
16.2288
14.1729
14.3944
13.7518
12.4202
12.4202
12.8571
12.8571
12.6191
13.5269
13.5269
14.4211
13.3957
13.3957
13.3957
13.3957
13.3957
13.3957
13.3957
12.8794
12.8794
12.8794
12.8794
12.8794
12.8794
12.8794
13.639
14.9682
14.9682
14.9682
14.9682
14.2998
14.1323
14.1323
14.1323
13.048
13.048
13.048
11.6805
11.6805
11.6805
11.6805
11.6805
11.6636
11.6636
10.5024
10.5024
10.5024
10.5024
10.5024
10.5024
10.5024
10.5024
9.98425
9.98425
9.98425
9.98425
9.98425
9.98425
9.98425
9.98425
9.98425
10.4029
10.4029
10.4029
10.4029
12.9079
12.9079
12.9079
12.9079
14.535
11.3833
11.3833
11.3833
11.3833
13.056
13.056
13.056
13.056
13.056
13.056
12.1282
12.1282
12.9843
12.9843
12.7354
12.7354
14.8403
16.3676
14.2922
12.038
12.038
12.038
12.9228
12.9228
12.9228
12.0162
12.3932
12.3932
14.1834
11.5662
10.3433
10.3433
9.84754
9.84754
9.84754
9.84754
9.84754
9.84754
9.84754
9.84754
8.52882
6.73178
6.73178
7.38246
7.38246
6.1922
6.71109
7.27094
7.27094
8.24478
8.24478
8.73962
8.73962
8.73962
8.73962
8.48941
8.48941
8.48941
8.48941
8.48941
8.48941
8.48941
8.48941
8.48941
8.48941
8.78316
8.78316
8.70249
9.5354
9.5354
9.5354
9.5354
9.5354
9.5354
9.99079
10.1597
13.8778
13.8778
13.8778
13.8778
13.4691
13.0799
8.68589
8.68589
8.68589
10.75
11.008
11.008
9.04308
8.94408
10.2865
11.4762
11.4762
11.4762
11.4762
11.4762
11.4762
11.4762
11.4762
11.4762
11.4762
11.4762
11.4762
11.4941
11.4941
11.1954
11.1954
11.1954
11.1954
11.1954
11.1954
10.3541
10.3541
10.3541
12.0104
12.0104
12.0104
12.2753
12.2753
12.2753
12.2753
12.2753
12.3885
12.3885
12.3885
12.8603
12.7468
12.7468
14.8682
14.9153
14.1702
12.4528
12.4528
12.4528
12.4528
11.1496
13.4813
13.4813
13.06
12.1685
12.1685
11.8159
11.8159
11.8159
12.4206
12.4206
12.4206
12.4206
12.4206
12.4206
12.4206
12.4206
11.383
11.383
11.383
11.383
11.3749
12.7786
12.7786
13.3048
13.3048
13.3048
13.3048
14.8943
14.1066
13.7894
13.7894
13.7894
13.7894
13.9328
13.9328
16.9879
16.9879
16.9879
16.9879
16.9879
16.9879
14.2348
14.2348
12.1901
13.3558
14.6582
16.418
12.4876
12.4876
14.474
13.3963
11.1413
11.1413
11.3132
11.3132
11.3132
11.3132
11.3132
11.3132
11.3132
11.3132
11.9281
10.9697
10.9697
8.94475
11.3916
11.3916
12.1274
12.1274
12.1274
12.0499
12.0499
14.3781
13.9381
13.2556
12.6836
12.6836
12.2098
12.2098
12.2098
14.7172
14.7172
15.6285
15.6285
15.6285
15.6285
15.6285
15.6285
13.1112
13.1112
13.1112
12.4327
12.4327
11.1203
11.6864
11.6864
11.6864
15.1787
15.423
15.423
15.6258
17.0917
17.0917
17.0917
16.7132
16.7132
16.7132
14.3599
13.1895
12.1783
10.931
10.931
10.931
10.931
11.75
11.75
11.75
11.75
11.4728
10.3954
10.3954
10.3954
10.3954
10.3954
10.3954
10.3954
10.7558
10.7558
10.7558
12.4629
12.4629
12.4629
12.4629
12.4629
12.4629
12.4629
12.4629
12.4629
12.4629
12.4629
12.4629
12.4629
13.85
15.0286
12.3272
12.3272
12.3272
13.6909
13.6909
13.6909
13.6909
13.6909
13.0315
13.0315
13.0315
13.0315
13.0315
13.0315
12.6106
12.6106
13.5622
13.5622
12.0585
12.0585
12.6684
12.6684
13.8129
14.1268
13.6028
14.5197
14.7332
14.7332
14.0656
14.1589
14.0179
14.0179
14.0179
13.761
13.7308
13.7308
13.7308
13.7308
10.9187
10.9187
13.4344
13.4344
13.4344
13.4344
13.4344
17.1385
14.8966
14.8966
15.3904
15.3904
15.3904
14.7702
14.7702
14.7702
14.7702
14.7702
15.2162
15.2162
15.2162
15.2162
15.6018
15.6018
15.6018
15.6018
15.6018
17.502
17.502
17.502
17.502
17.502
17.502
17.502
17.502
17.502
18.1339
19.3694
19.3694
19.3694
19.8942
19.8942
19.8942
19.8942
21.7231
21.7231
21.7231
21.7231
24.063
22.5875
18.633
22.157
22.157
22.157
20.0112
20.5387
20.5387
20.5387
20.5387
20.5387
20.5387
21.6347
20.4009
20.4009
20.4009
20.6764
20.6764
19.7172
19.7172
22.3552
22.3552
22.7716
22.7716
22.7716
22.7716
20.0681
20.0681
20.0681
18.2311
20.1568
20.1568
17.5213
16.9131
13.9871
14.3688
14.701
17.2562
18.1858
18.1858
18.2518
18.2518
18.2518
18.2518
18.2518
18.2518
18.2518
18.2518
18.2518
18.2518
19.6618
21.7535
21.7535
20.6825
18.7461
18.7461
20.7485
18.6346
19.9174
21.292
22.3897
22.2626
22.2626
22.3418
22.3418
21.0062
21.2501
23.4495
23.4495
21.5903
20.4873
22.1577
22.4227
22.4227
22.4227
21.2067
21.2067
21.4509
21.4509
21.4509
21.4509
22.4179
23.5398
21.6314
21.6314
21.2914
19.3951
19.3951
19.2567
19.2567
24.4695
24.4695
24.4695
24.4695
21.4457
21.476
21.476
21.476
21.3334
21.3334
21.5573
23.7463
23.7463
23.7463
24.1894
19.4697
19.4697
19.9982
19.9982
19.9982
19.9982
17.2852
16.5139
16.5139
16.5139
16.5139
16.5139
16.5139
16.5139
16.999
16.999
15.6006
15.6006
12.7383
12.7383
12.7383
12.7383
12.7383
16.4802
19.1013
19.1013
18.0913
18.0913
16.6253
16.6253
16.6253
16.6253
14.5114
16.7759
16.7759
17.0048
17.6031
19.1336
19.1336
19.1336
19.1336
18.4648
18.4648
19.4401
19.4401
19.4401
19.4401
19.4401
17.9731
17.9731
17.9731
17.9731
16.665
16.665
16.3176
16.3176
13.7412
11.438
11.438
11.438
9.04482
9.04482
9.8797
9.8797
9.8797
9.8797
9.8797
9.71176
12.72
12.9258
10.3225
10.3225
10.9722
10.9722
11.9542
13.6236
13.6236
12.9876
12.9876
12.9876
11.0972
11.0612
10.8825
10.6763
10.6763
10.6763
10.3632
10.3632
10.3632
10.3632
10.3632
10.3632
10.3632
11.9235
11.8584
11.8584
11.8584
11.8584
11.8584
11.8584
11.8584
10.4727
10.4727
10.4809
10.4809
10.4809
12.3036
12.8436
12.8436
12.8436
12.8436
12.8436
13.3942
13.3942
13.3942
9.70964
9.70964
9.95928
9.95928
10.5574
12.4931
12.4931
13.4264
10.4764
12.4162
11.7681
11.7681
11.7681
11.8115
11.8115
13.7391
15.6421
11.6914
11.6914
11.6914
11.6914
11.2269
11.2269
11.1267
11.1267
12.4415
12.4415
13.0279
16.1086
16.1086
16.1086
16.1086
16.1086
15.2716
13.991
13.991
13.991
13.612
11.91
11.91
11.91
11.6168
11.6168
11.6168
11.6168
10.359
10.359
10.359
10.359
10.359
9.93748
9.93748
13.0882
13.0882
13.8809
14.4683
14.184
14.184
11.2061
11.2061
11.2061
11.2061
11.2061
10.7289
10.7289
10.7289
11.3719
12.5783
12.5783
12.5783
12.5783
12.5783
12.5783
12.5783
12.5783
13.386
13.386
11.0456
11.0456
11.0456
11.0456
11.0456
11.0456
10.4718
10.4718
12.4665
12.4665
12.4665
12.4665
12.4665
11.7172
12.1161
11.3236
11.3236
10.1934
10.1934
11.8508
11.9196
11.9196
11.9196
11.3521
11.3521
11.3521
11.3521
11.5966
11.5966
11.5966
13.4689
13.4689
13.4689
13.4689
13.4689
13.4689
12.107
13.4422
13.4422
13.4422
11.7409
9.46614
9.46614
9.46614
9.46614
9.60244
9.60244
9.60244
9.60244
9.60244
12.1451
12.1451
13.0848
12.7003
12.7003
12.7003
13.1742
13.1742
13.0652
11.5883
10.8812
10.8812
10.8812
14.195
14.195
14.339
14.387
14.117
14.117
13.6996
12.4124
12.4124
12.4124
12.4124
12.4124
12.4124
12.4124
15.4367
15.4367
16.8953
16.1105
16.1105
15.9572
15.9572
15.9572
15.8107
15.8107
15.8107
16.8416
16.8416
16.8416
17.7095
18.9168
18.9168
19.5142
19.5142
19.5142
17.8801
15.8449
16.6747
16.7161
14.4095
14.4095
14.4095
14.4095
14.4095
14.4095
13.4767
13.1816
13.1816
13.1816
13.1816
13.1816
13.1816
12.68
15.9384
15.9384
15.4205
15.4205
15.4205
15.4205
15.2293
15.2293
15.2293
15.2605
16.0626
16.0626
15.2935
14.8955
14.8955
12.4681
12.212
12.212
10.8329
10.8329
10.7016
10.7016
10.7175
10.7175
10.7175
10.3646
10.3646
10.3646
10.3646
10.5694
11.761
11.761
11.761
10.5161
10.5161
10.5161
10.4887
10.4887
10.4887
10.4887
10.4887
10.4887
10.4887
10.4887
10.4887
10.4887
10.4887
16.7706
16.8951
16.8951
16.8951
16.8951
18.9
18.9
19.4803
15.6103
17.6932
17.6932
18.1883
18.1883
17.6277
17.6277
17.6277
17.6277
17.2719
17.2719
17.2719
17.2719
14.4558
14.4558
15.8888
15.8888
17.7152
18.5908
18.1629
18.1629
18.1629
18.1629
18.1629
18.1629
18.1629
23.1999
23.1999
23.1999
23.1999
23.1999
23.1999
23.1999
23.1999
24.1619
24.1619
24.1619
24.1619
24.1619
21.2365
25.8172
25.8172
23.3705
23.3705
25.0709
23.66
25.6952
27.5893
26.3134
26.3134
26.3134
25.9703
25.9703
25.9703
25.9703
27.0948
24.4382
27.1403
27.1403
27.7876
26.3145
26.3145
24.451
24.451
24.451
21.5162
20.6922
20.6922
20.6922
20.6922
21.0242
22.0702
20.4759
20.4759
18.2206
18.2206
16.5341
16.5341
16.5341
16.5341
17.8402
17.8402
19.3685
18.4177
17.9487
16.0046
16.0046
16.0046
16.0046
18.1176
19.0446
19.0446
19.0446
19.0446
17.005
18.811
18.811
19.6509
19.6509
19.6509
19.6509
19.6509
19.6509
20.6607
22.139
22.139
22.139
22.139
20.5146
17.9096
17.9096
15.8173
15.8173
15.8173
17.6054
18.198
18.198
19.05
16.4418
16.4418
16.4418
16.4418
16.4418
16.4418
16.4418
16.4418
16.409
16.409
17.1417
20.0028
20.0028
19.9295
19.9295
19.9295
19.6255
19.6255
19.6255
16.9834
16.4695
20.1054
19.6181
19.6181
19.6181
20.8662
19.4892
19.4892
18.5212
18.5212
18.5212
18.5212
16.9914
16.9914
16.9914
16.9914
18.6668
17.469
17.469
15.5423
17.8696
17.8696
17.8696
17.8696
17.8696
17.8696
17.8696
17.8696
17.8696
19.8036
19.8036
19.7218
19.7218
19.7218
19.7218
17.8681
17.5071
17.0991
17.0991
17.0991
17.0991
16.4404
15.4255
15.4255
15.4255
15.4255
15.4255
13.676
13.0602
13.0602
13.0602
12.9026
12.9026
14.2187
14.5904
14.5904
14.9741
14.9741
14.9741
17.0847
17.0847
17.413
17.413
17.413
17.413
17.9647
18.4016
18.8097
17.3853
17.3853
17.3853
17.3853
17.3853
18.4921
18.4921
16.7446
16.7446
13.9507
16.4988
14.5235
14.5235
16.6495
16.6495
16.6495
15.7917
15.7917
15.7917
15.7917
18.7725
18.7725
18.7725
18.7725
18.7725
16.4707
16.4707
16.4707
16.9238
16.9238
18.2139
16.1412
16.1412
14.9442
17.6963
16.6499
16.6499
16.6499
16.6499
16.6499
16.6499
16.6499
16.6499
16.6499
16.6499
16.6378
16.6378
16.6378
16.427
16.427
16.427
16.427
16.427
18.3923
19.7246
19.7246
19.7246
19.7246
19.7246
19.7246
19.7246
17.7803
17.7803
17.7803
17.7803
17.7803
17.7085
17.7085
17.7085
18.1353
18.1353
18.1353
17.7549
17.7549
17.7549
17.7549
17.7549
17.5307
16.5935
16.5935
16.5935
16.5935
16.7782
16.7782
16.7782
15.6395
15.6395
15.6395
15.6395
15.6395
15.6395
18.1519
18.105
19.5337
19.5337
19.5337
20.5765
20.5765
18.932
17.1188
18.3038
18.3038
18.3038
18.3038
18.3038
18.3038
18.3038
18.3038
18.3038
18.3038
15.6569
15.6569
16.0406
16.0406
16.1502
16.1502
17.0186
17.0186
17.0186
17.0261
17.0261
17.0261
16.6593
17.2203
17.2203
17.2203
16.0839
15.7666
16.3144
15.6422
15.6422
15.6422
15.6422
15.6422
15.6422
15.6422
15.6422
16.8675
13.6718
15.8753
18.3089
17.3281
17.3281
17.3281
17.3281
17.9612
17.9612
19.6136
19.2772
19.2654
18.1598
18.1598
18.1598
18.1598
18.1598
18.1598
14.8625
17.3255
14.9527
14.9527
14.9527
14.9527
14.9527
14.9527
14.9527
14.9527
14.9527
17.8527
17.8527
15.791
15.0504
15.1544
15.1544
15.1544
15.1544
15.1544
15.1544
15.1544
14.7649
14.7649
15.2872
15.3702
15.3702
15.3702
15.3702
16.0159
17.0405
17.0405
17.0405
17.0405
18.0061
18.0061
18.0061
19.1919
18.8099
18.8099
18.8099
18.8099
17.4947
15.9404
15.9404
18.1724
18.1724
20.1695
20.1695
20.865
16.2158
16.267
16.267
16.267
16.267
16.267
16.267
15.2252
14.8406
14.8406
14.8406
14.8406
14.8406
16.1039
16.1039
16.1039
16.1039
18.6937
18.6937
18.6937
18.6937
20.0021
20.69
18.7722
17.4915
17.9016
17.9016
17.9016
17.9016
16.8383
15.969
15.969
15.969
19.349
20.0908
20.0908
20.0908
20.0908
21.6692
21.6692
23.6816
23.6816
22.0347
25.5128
25.5128
27.9503
26.6236
27.076
27.076
28.3221
28.3221
28.3221
28.3221
27.4355
25.7931
25.2485
25.2485
25.2485
24.7038
24.8212
24.741
24.741
24.339
24.339
24.339
24.339
24.339
24.339
24.339
24.339
25.4976
23.4269
23.4269
22.2511
23.5564
24.436
24.436
24.436
22.3618
21.7879
23.1684
22.8911
21.8378
21.8378
23.1728
23.8658
21.6386
21.6386
22.6712
27.8213
27.6857
27.6857
27.6857
27.6857
27.6857
27.6857
27.6857
28.1129
28.1129
28.1129
28.1129
28.1129
28.1129
29.7699
30.5284
29.6354
29.1514
28.8546
28.7029
28.7029
29.081
29.081
29.081
29.3528
29.2368
29.2368
30.9494
30.9494
32.1561
32.1561
31.644
31.644
34.0465
34.407
34.407
32.2127
32.2127
32.2127
32.4346
36.1031
36.1031
35.629
32.1322
30.9586
29.2116
29.2116
29.2116
29.2116
29.2787
29.2787
29.2787
32.1262
32.1262
29.4722
31.9788
31.7435
31.7435
31.7435
30.0238
30.0238
30.0238
29.4525
29.4525
28.5083
30.1799
26.0483
25.4469
27.033
27.033
30.1407
30.223
29.1531
31.5611
27.182
27.1098
27.1098
24.7869
29.425
29.9868
29.9868
29.9868
29.9868
28.9497
28.9497
27.8794
27.8794
27.1298
28.7516
27.3415
27.3415
29.0845
31.6187
32.7124
32.1591
32.6959
34.9095
35.3156
36.4874
36.4874
38.1638
36.4583
36.4583
36.6551
36.6551
36.6551
35.2564
34.5138
34.5138
36.6423
36.6423
36.6423
36.4118
36.3759
37.8318
37.4116
37.4116
37.4116
37.4116
37.4116
38.2167
34.9341
35.4246
35.4246
32.3151
32.3151
32.3151
32.3151
26.9214
28.8594
28.8594
27.2757
27.2757
27.4556
27.4556
26.3381
28.6927
28.8679
28.8679
28.8679
26.6331
26.6331
26.4105
27.1372
27.1372
30.9858
30.9858
31.6841
31.6841
32.9348
32.9348
38.0159
37.5402
37.5402
37.5402
37.5402
37.5402
37.5402
37.5402
37.5402
37.5402
37.5402
38.1366
38.1366
37.8412
40.073
38.3895
38.3895
37.3619
38.0086
37.6847
37.6847
37.6057
31.1133
31.3383
31.3383
31.3383
31.3383
31.3383
24.0604
24.0604
24.788
24.788
24.788
24.1205
24.1205
24.8277
23.7497
23.7497
23.7497
22.4678
24.138
25.7956
25.7956
25.7956
24.783
24.783
22.0272
22.0272
22.0272
23.2016
23.2016
23.2016
21.9339
