0.351867 1.50769
0.351195 1.45225
0.350526 1.39691
0.349858 1.36927
0.350954 1.38682
0.351861 1.43942
0.352765 1.46193
0.353803 1.51689
0.354745 1.53934
0.355546 1.59416
0.356344 1.63147
0.357368 1.6588
0.358023 1.70098
0.358721 1.74308
0.359462 1.7604
0.36029 1.80487
0.361252 1.85419
0.36212 1.8739
0.362894 1.9231
0.36371 1.94275
0.364478 1.98202
0.365199 2.02856
0.365783 2.04814
0.366588 2.07989
0.367568 2.13356
0.368456 2.16036
0.369163 2.20416
0.369557 2.22846
0.370082 2.24301
0.370693 2.27209
0.371347 2.30354
0.371954 2.32287
0.372602 2.35423
0.373293 2.37111
0.374112 2.41684
0.37471 2.4505
0.375164 2.4697
0.375861 2.50086
0.376426 2.51284
0.376988 2.54393
0.377592 2.57736
0.37815 2.59882
0.37875 2.63217
0.379477 2.64644
0.3799 2.67734
0.380451 2.71055
0.380956 2.72714
0.381503 2.75081
0.382177 2.76263
0.382848 2.80749
0.383431 2.84285
0.384141 2.86874
0.384645 2.89932
0.385147 2.92514
0.385775 2.94155
0.386316 2.97435
0.386939 3.00709
0.387434 3.02577
0.388095 3.0491
0.388544 3.08405
0.388908 3.09335
0.389479 3.11427
0.390048 3.14907
0.390366 3.16066
0.390807 3.18149
0.390956 3.18842
0.391602 3.19765
0.392121 3.23224
0.392556 3.25757
0.392948 3.28056
0.393381 3.28285
0.39377 3.30808
0.394158 3.33327
0.394463 3.33327
0.394849 3.35612
0.395396 3.39034
0.39582 3.40173
0.396242 3.42449
0.396475 3.43586
0.396992 3.45629
0.397426 3.48122
0.397859 3.50385
0.398209 3.5129
0.398276 3.51968
0.398625 3.5287
0.398972 3.54223
0.399439 3.57148
0.399944 3.58272
0.400128 3.60293
0.40059 3.62311
0.400733 3.63206
0.401153 3.64772
0.401373 3.66112
0.402068 3.68119
0.402326 3.70571
0.402622 3.71016
0.402917 3.72573
0.403291 3.75015
0.40378 3.7568
0.403994 3.78561
0.40405 3.78561
0.404693 3.79887
0.404904 3.82316
0.405349 3.8474
0.405636 3.8518
0.405689 3.865
0.405897 3.8694
0.406066 3.87817
0.406234 3.88474
0.40675 3.89788
0.407225 3.9263
0.407429 3.94158
0.407325 3.93722
0.407643 3.93939
0.407846 3.95463
0.408277 3.96767
0.408631 3.99372
0.409022 4.01323
0.409411 4.02189
0.409951 4.06082
0.410376 4.07595
0.41082 4.09969
0.411224 4.11693
0.411627 4.14276
0.411802 4.14921
0.412353 4.17282
0.412602 4.18783
0.41255 4.18569
0.412834 4.20065
0.413358 4.20919
0.413618 4.23692
0.413729 4.24331
0.413765 4.24119
0.414135 4.2603
0.414392 4.27303
0.414723 4.28786
0.415015 4.30267
0.415343 4.3217
0.415744 4.34069
0.41607 4.35755
0.416211 4.36386
0.416572 4.37648
0.417078 4.39748
0.417253 4.41007
0.417647 4.43102
0.417894 4.44776
0.418003 4.44985
0.418547 4.4728
0.418943 4.48947
0.419302 4.52067
0.419804 4.54559
0.420088 4.55804
0.420085 4.55804
0.420188 4.56011
0.420327 4.56837
0.420751 4.58692
0.420817 4.59104
0.420741 4.58487
0.420877 4.59719
0.421084 4.60333
0.421643 4.62583
0.421883 4.63809
0.422368 4.66055
0.422676 4.67686
0.422717 4.68704
0.422933 4.69719
0.423288 4.71342
0.423432 4.7195
0.423888 4.74176
0.423962 4.75388
0.424084 4.7559
0.424206 4.75993
0.424362 4.76999
0.424497 4.774
0.424735 4.78604
0.425076 4.80207
0.425106 4.80607
0.425274 4.80607
0.425577 4.82404
0.425947 4.83999
0.426248 4.85792
0.426616 4.87581
0.426678 4.88773
0.426807 4.8917
0.426969 4.90358
0.427131 4.90951
0.427427 4.92531
0.427352 4.92334
0.427378 4.92137
0.427438 4.9253
0.427597 4.9253
0.42779 4.94296
0.427848 4.93904
0.427873 4.94883
0.428012 4.94101
0.42815 4.94687
0.428222 4.96053
0.428524 4.97804
0.428661 4.98387
0.428929 4.99941
0.429064 5.00911
0.429035 5.00136
0.429301 5.0149
0.429338 5.0149
0.429504 5.02262
0.429638 5.03033
0.429803 5.04574
0.430131 5.06112
0.430327 5.07456
0.430491 5.0784
0.430557 5.08223
0.430591 5.08798
0.430688 5.08606
0.430722 5.08415
0.430626 5.08606
0.430724 5.08987
0.431013 5.09938
0.431269 5.11458
0.431301 5.12027
0.431506 5.13353
0.43171 5.143
0.431724 5.15056
0.431705 5.143
0.431876 5.14866
0.432142 5.15243
0.432281 5.16748
0.43245 5.17312
0.432588 5.18439
0.432537 5.19564
0.432768 5.19377
0.432717 5.19003
0.432728 5.1919
0.432864 5.20123
0.433156 5.21242
0.433415 5.23104
0.433425 5.23476
0.433666 5.24405
0.433813 5.25703
0.433991 5.26259
0.43415 5.27185
0.434248 5.2811
0.434253 5.27925
0.43435 5.28478
0.434385 5.29032
0.434359 5.28663
0.434302 5.2848
0.434246 5.27929
0.434373 5.28662
0.434286 5.28662
0.434443 5.28662
0.434508 5.28662
0.434634 5.29575
0.434819 5.30853
0.434914 5.31582
0.434948 5.314
0.435223 5.32673
0.435046 5.3231
0.434899 5.30858
0.435113 5.32309
0.435219 5.33033
0.435385 5.33395
0.435491 5.3448
0.435507 5.34841
0.435642 5.35202
0.435628 5.35202
0.435762 5.35561
0.435867 5.3664
0.435912 5.36999
0.435957 5.36999
0.43606 5.37716
0.436016 5.37537
0.436208 5.37895
0.436223 5.38788
0.436502 5.40037
0.436487 5.40216
0.436531 5.40572
0.436603 5.40927
0.436734 5.40927
0.436923 5.42525
0.437083 5.4359
0.437154 5.44299
0.437313 5.45184
0.437442 5.45361
0.437542 5.46244
0.43767 5.47126
0.437567 5.47126
0.437464 5.45893
0.437477 5.46069
0.437576 5.46069
0.437588 5.45894
0.437601 5.46771
0.437728 5.47122
0.43774 5.47472
0.437838 5.47822
0.437907 5.48521
0.43809 5.49044
0.43833 5.50439
0.438597 5.52529
0.438637 5.52703
0.438733 5.53572
0.438715 5.53051
0.43871 5.52877
0.438649 5.53397
0.438785 5.53397
0.438667 5.53224
0.438831 5.5426
0.43891 5.54433
0.438904 5.54433
0.439096 5.54949
0.439258 5.56327
0.43956 5.57875
0.439762 5.59592
0.439907 5.60622
0.439913 5.61136
0.439947 5.60793
0.440202 5.62162
0.44043 5.6353
0.440379 5.63701
0.440246 5.6353
0.440307 5.63018
0.440339 5.63359
0.440289 5.63359
0.440212 5.62509
0.4403 5.62509
0.440387 5.63697
0.440447 5.63697
0.440562 5.64883
0.440731 5.6539
0.44079 5.65559
0.440986 5.66911
0.441018 5.67417
0.441076 5.67755
0.441162 5.6826
0.440622 5.66745
0.440084 5.63045
0.440197 5.62204
0.440284 5.6254
0.440208 5.6254
0.440375 5.63043
0.44038 5.64047
0.440331 5.63545
0.440267 5.62877
0.440311 5.63211
0.440382 5.63711
0.440479 5.63878
0.440522 5.64378
0.440539 5.64378
0.440647 5.65042
0.440755 5.65707
0.440677 5.65541
0.440678 5.65541
0.440892 5.66038
0.44084 5.66204
0.440815 5.66535
0.440816 5.65874
0.44087 5.66534
0.440924 5.67029
0.440899 5.66864
0.441006 5.66864
0.441138 5.68016
0.441297 5.69495
0.441482 5.70152
0.441614 5.70644
0.441877 5.72776
0.441929 5.73431
0.441903 5.73595
0.441929 5.73431
0.442034 5.74085
0.442034 5.73922
0.44219 5.74574
0.442216 5.75389
0.442449 5.76691
0.442579 5.77017
0.44263 5.7783
0.442836 5.78642
0.442758 5.78804
0.442834 5.79615
0.442937 5.79453
0.442858 5.79291
0.442934 5.79615
0.442984 5.79938
0.442829 5.79292
0.442865 5.79777
0.442824 5.7897
0.442962 5.80259
0.442896 5.79776
0.443085 5.80259
0.443069 5.8058
0.443072 5.8058
0.443176 5.81863
0.443127 5.81863
0.443205 5.82502
0.443283 5.82183
0.443412 5.82821
0.44354 5.84096
0.44339 5.833
0.443467 5.83777
0.443443 5.83618
0.443445 5.8346
0.443396 5.83776
0.443398 5.8346
0.443375 5.83302
0.443501 5.84249
0.442683 5.79203
0.442934 5.80778
0.441114 5.6916
0.441232 5.69629
0.441324 5.70878
0.44166 5.72744
0.44209 5.75536
0.442033 5.75227
0.442192 5.76615
0.442423 5.77691
0.442437 5.77999
0.442904 5.8075
0.443343 5.8395
0.443613 5.85619
0.44381 5.87134
0.443982 5.8804
0.443825 5.87437
0.443973 5.88188
0.444003 5.88489
0.443987 5.88638
0.444155 5.89829
0.444115 5.89531
0.444373 5.90863
0.444606 5.92929
0.444861 5.94696
0.445181 5.96604
0.445103 5.9675
0.445138 5.97188
0.445262 5.9777
0.445474 5.99512
0.445885 6.01827
0.445872 6.02548
0.44597 6.03124
0.446045 6.03698
0.446032 6.03842
0.446237 6.05126
0.446419 6.0655
0.446621 6.07827
0.446606 6.08536
0.445022 5.98086
0.44345 5.88789
0.441888 5.77971
0.440338 5.68723
0.438798 5.57961
0.437269 5.47228
0.435751 5.38053
0.434243 5.27376
0.432745 5.18247
0.431258 5.07624
0.429781 4.9703
0.428314 4.87973
0.426857 4.77432
0.42541 4.6842
0.423973 4.57932
0.422546 4.47472
0.421128 4.38529
0.419719 4.2812
0.41832 4.19221
0.41693 4.08864
0.415549 3.98535
0.414178 3.89702
0.412816 3.79423
0.411462 3.70634
0.410117 3.60404
0.408781 3.50201
0.407454 3.41476
0.406135 3.31322
0.404825 3.22639
0.403523 3.12533
0.40223 3.02453
0.400945 2.93833
0.399668 2.83801
0.398399 2.75221
0.397138 2.65236
0.395886 2.55275
0.394641 2.46757
0.393403 2.36843
0.392174 2.28365
0.390952 2.18496
0.389738 2.08652
0.388531 2.00233
0.387332 1.90434
0.38614 1.82053
0.384956 1.72298
0.383778 1.62567
0.382608 1.54245
0.381445 1.44558
0.380289 1.36273
0.37914 1.26629
0.377998 1.17008
0.376863 1.0878
0.375735 0.992012
0.374613 0.910093
0.373498 0.814732
0.37239 0.719595
0.371288 0.638228
0.370193 0.543507
0.369104 0.462494
0.368022 0.368184
0.366945 0.274093
0.365876 0.193618
0.364812 1
0.363755 0.91987
0.362703 0.826584
0.361658 0.733513
0.360619 0.653907
0.359585 0.56123
0.358558 0.48196
0.357536 0.389674
0.356521 0.297596
0.355511 0.218838
0.354506 0.127145
0.353508 0.0487145
0.352515 0.947847
0.351527 0.856739
0.350545 0.778807
0.349569 0.688074
0.348598 0.610463
0.347632 0.520102
0.346672 0.429939
0.345717 0.352815
0.344767 0.263019
0.343822 0.186207
0.342883 0.0967738
0.341948 0.00753476
0.341019 0.936396
0.340095 0.847514
0.339176 0.771483
0.338261 0.682956
0.337352 0.594618
0.336448 0.519051
0.335548 0.431062
0.334653 0.355793
0.333763 0.268151
0.332878 0.180694
0.331997 0.105877
0.331121 0.0187618
0.33025 0.950331
0.329383 0.863554
0.328521 0.776957
0.327663 0.702875
0.32681 0.616612
0.325961 0.542814
0.325116 0.456882
0.324276 0.371126
0.32344 0.297762
0.322609 0.212332
0.321782 0.139245
0.320959 0.054139
0.32014 0.975751
0.319325 0.903088
0.31903 0.866803
0.319807 0.905254
0.320551 0.945866
0.321335 0.9974
0.322117 1.03793
0.32279 1.07077
0.323461 1.11669
0.324191 1.15273
0.325329 1.21927
0.326431 1.27264
0.327437 1.32919
0.328499 1.39107
0.329512 1.45068
0.330701 1.51019
0.331824 1.57934
0.332763 1.63327
0.333698 1.6785
0.334778 1.73763
0.335809 1.80097
0.33682 1.85991
0.337739 1.90485
0.338519 1.95293
0.339401 1.99985
0.340307 2.04245
0.341108 2.08817
0.341963 2.13488
0.342727 2.1794
0.343605 2.21961
0.344297 2.26083
0.345046 2.3041
0.345835 2.35047
0.346579 2.39362
0.347232 2.43041
0.34784 2.4577
0.348489 2.4965
0.349352 2.54465
0.350097 2.58857
0.350565 2.61781
0.351174 2.64703
0.351596 2.67413
0.352103 2.70225
0.352608 2.7293
0.353069 2.7584
0.353429 2.7719
0.353802 2.79472
0.354289 2.81856
0.354589 2.83306
0.354973 2.85685
0.355485 2.88268
0.355853 2.9023
0.356291 2.92292
0.356672 2.94869
0.357023 2.96722
0.357514 2.98779
0.357962 3.01964
0.358395 3.03914
0.358812 3.06581
0.359089 3.08015
0.359476 3.09755
0.359807 3.11596
0.360249 3.13844
0.360745 3.1711
0.361198 3.19761
0.361609 3.2129
0.36206 3.24547
0.36244 3.26479
0.362847 3.28714
0.363295 3.31556
0.363673 3.33178
0.36387 3.34293
0.36426 3.36115
0.364662 3.38542
0.364954 3.4026
0.365299 3.41673
0.36563 3.4369
0.366043 3.45604
0.366222 3.47013
0.36655 3.48622
0.366824 3.49727
0.367287 3.52538
0.36745 3.5344
0.367789 3.54743
0.368169 3.57245
0.368465 3.58245
0.368775 3.60244
0.369057 3.61641
0.369324 3.62738
0.369591 3.64532
0.369912 3.65826
0.370204 3.67716
0.370483 3.68809
0.37076 3.70596
0.370984 3.71687
0.371211 3.72777
0.371532 3.7446
0.371705 3.75153
0.371958 3.7624
0.372304 3.77918
0.372649 3.80385
0.372953 3.81765
0.373256 3.83341
0.373492 3.84915
0.373781 3.86193
0.374016 3.87568
0.374303 3.88844
0.374643 3.90903
0.374797 3.91295
0.375016 3.9247
0.375209 3.9335
0.375467 3.94718
0.375646 3.95597
0.375771 3.95987
0.375962 3.96961
0.375524 3.93943
0.375087 3.89663
0.37465 3.86455
0.374215 3.82182
0.373781 3.77913
0.373348 3.74714
0.372916 3.70452
0.372484 3.67259
0.372054 3.63005
0.371625 3.59816
0.371197 3.55569
0.370769 3.52387
0.370343 3.48147
0.369918 3.43911
0.369493 3.40737
0.36907 3.36508
0.368648 3.33339
0.368226 3.29118
0.367806 3.25954
0.367386 3.2174
0.366968 3.18582
0.36655 3.14374
0.366134 3.10171
0.366534 3.12271
0.36682 3.13892
0.367091 3.15607
0.367337 3.16559
0.367722 3.17891
0.368139 3.20742
0.368471 3.22926
0.368727 3.23969
0.369146 3.26623
0.369451 3.28422
0.369768 3.30315
0.370096 3.323
0.370512 3.34567
0.370904 3.36737
0.371457 3.39942
0.371821 3.42202
0.372158 3.43518
0.372583 3.46055
0.372868 3.47838
0.37319 3.49431
0.373425 3.50648
0.373782 3.52331
0.374263 3.5532
0.374593 3.56906
0.374935 3.58584
0.375338 3.60818
0.374778 3.56634
0.37423 3.51525
0.373683 3.47443
0.373137 3.42345
0.372594 3.37252
0.372052 3.32166
0.371511 3.28101
0.370972 3.23025
0.370434 3.17955
0.369898 3.1289
0.369364 3.08843
0.368831 3.03789
0.3683 2.98741
0.36777 2.93698
0.367242 2.88661
0.366715 2.84636
0.36619 2.79609
0.365666 2.74588
0.365144 2.69573
0.364623 2.65565
0.364104 2.6056
0.363586 2.5556
0.36307 2.50566
0.362555 2.46575
0.362042 2.41591
0.36153 2.36613
0.361019 2.3164
0.36051 2.27666
0.360003 2.22703
0.359497 2.17745
0.358992 2.12794
0.358489 2.08836
0.357987 2.03894
0.357486 1.98957
0.356987 1.94026
0.356489 1.90085
0.355993 1.85164
0.355498 1.80248
0.355004 1.75337
0.354512 1.70432
0.354021 1.66511
0.353532 1.61615
0.353044 1.56725
0.352557 1.5184
0.352071 1.47936
0.351587 1.4306
0.351104 1.3819
0.350623 1.33325
0.350143 1.29437
0.349664 1.24581
0.349186 1.19731
0.34871 1.14886
0.348235 1.11013
0.347761 1.06178
0.347289 1.01347
0.346818 0.965217
0.346348 0.926651
0.34588 0.878489
0.345412 0.830379
0.344946 0.782319
0.344482 0.743909
0.344018 0.695941
0.343556 0.648025
0.343095 0.600159
0.342635 0.552343
0.342177 0.514127
0.341719 0.466403
0.341263 0.418728
0.340808 0.371104
0.340355 0.33304
0.339902 0.285505
0.339451 0.23802
0.339001 0.190585
0.338552 0.152672
0.338104 0.105326
0.337658 0.058029
0.337212 0.0107811
0.336768 0.981122
0.336325 0.933963
0.335883 0.886852
0.335443 0.83979
0.335003 0.802175
0.334565 0.7552
0.334128 0.708274
0.333692 0.661395
0.333257 0.623927
0.332823 0.577136
0.33239 0.530392
0.331959 0.483696
0.331528 0.437048
0.331099 0.399764
0.330671 0.353201
0.330244 0.306686
0.329818 0.260218
0.329393 0.223078
0.328969 0.176695
0.328546 0.130359
0.328124 0.0840695
0.327704 0.0470717
0.327284 0.000866563
0.326866 0.963077
0.326449 0.916965
0.326032 0.880108
0.325617 0.834079
0.325203 0.788097
0.32479 0.74216
0.324378 0.705444
0.323967 0.659589
0.323557 0.613781
0.323148 0.568018
0.32274 0.531441
0.322333 0.48576
0.321927 0.440124
0.321523 0.394534
0.321119 0.348989
0.320716 0.312585
0.320314 0.26712
0.319913 0.221701
0.319514 0.176326
0.319115 0.140058
0.318717 0.094764
0.318324 0.0495139
0.317931 0.0043081
0.31754 0.972903
0.317149 0.927777
0.316759 0.882695
0.316371 0.846661
0.315983 0.801658
0.315596 0.756698
0.31521 0.711783
0.314826 0.675881
0.314442 0.631044
0.314059 0.58625
0.313677 0.550446
0.313295 0.50573
0.312915 0.461057
0.312536 0.416427
0.312158 0.380754
0.31178 0.336202
0.311404 0.291692
0.311028 0.256115
0.310653 0.211681
0.310279 0.167291
0.309906 0.122942
0.309534 0.0874942
0.309163 0.043222
0.308793 1
0.308427 0.964646
0.308061 0.920492
0.307697 0.876379
0.307333 0.832308
0.306971 0.797082
0.306609 0.753086
0.306248 0.709131
0.305887 0.673998
0.305528 0.630118
0.305169 0.586279
0.304812 0.551238
0.304455 0.507474
0.304099 0.46375
0.303744 0.428801
0.303389 0.385151
0.303036 0.341542
0.302683 0.306684
0.302331 0.263148
0.30198 0.219652
0.30163 0.184885
0.30128 0.141462
0.300932 0.0980798
0.300584 0.0634028
0.300237 0.0200926
0.299891 0.982697
0.299545 0.948109
0.299201 0.904911
0.298857 0.861752
0.298514 0.818634
0.298174 0.784167
0.297836 0.741119
0.297498 0.70671
0.297161 0.663733
0.296825 0.620796
0.296489 0.586474
0.296157 0.543608
0.295826 0.50078
0.295496 0.466546
0.295166 0.423788
0.294837 0.38961
0.294509 0.346922
0.294181 0.304274
0.293855 0.270182
0.293529 0.227603
0.293203 0.193567
0.292879 0.151056
0.292555 0.108584
0.292232 0.0746343
0.291909 0.0322311
0.291588 1
0.291267 0.957665
0.290946 0.915369
0.290627 0.881558
0.290308 0.83933
0.28999 0.805574
0.289672 0.763413
0.289355 0.72129
0.289039 0.687619
0.288724 0.645563
0.288409 0.611945
0.288095 0.569957
0.287782 0.528006
0.287469 0.494472
0.287157 0.452587
0.286846 0.419106
0.286535 0.377289
0.286225 0.335508
0.285916 0.30211
0.285607 0.260395
0.285299 0.227049
0.284992 0.185401
0.284685 0.143789
0.284379 0.110525
0.284074 0.0689785
0.283769 0.0357673
0.283465 1
0.283162 0.958555
0.282859 0.925425
0.282557 0.884045
0.282255 0.850967
0.281955 0.809651
0.281654 0.768372
0.281355 0.735374
0.281056 0.694159
0.280758 0.661212
0.28046 0.620061
0.280163 0.578946
0.279867 0.546079
0.279571 0.505027
0.279276 0.472211
0.278981 0.431223
0.278688 0.39027
0.278394 0.357533
0.278102 0.316643
0.27781 0.283957
0.277518 0.24313
0.277228 0.202338
0.276937 0.16973
0.276648 0.129
0.276359 0.0964417
0.27607 0.0557748
0.275783 0.0151424
0.275496 0.983762
0.275209 0.943192
0.274923 0.91076
0.274638 0.870252
0.274353 0.829778
0.274069 0.797423
0.273785 0.75701
0.273502 0.724704
0.27322 0.684353
0.272938 0.644035
0.272656 0.611805
0.272376 0.571549
0.272096 0.539368
0.271818 0.499172
0.271542 0.467039
0.271266 0.426904
0.27099 0.386802
0.270716 0.354744
0.270441 0.314703
0.270168 0.282693
0.269894 0.242711
0.269622 0.21075
0.26935 0.170828
0.269078 0.130939
0.268807 0.0990514
0.268537 0.0592219
0.268267 0.027382
0.267997 0.992049
0.267728 0.960256
0.26746 0.920545
0.267192 0.888799
0.266925 0.849147
0.266658 0.809527
0.266392 0.777854
0.266127 0.738293
0.265862 0.706667
0.265597 0.667164
0.265333 0.635585
0.265069 0.59614
0.264806 0.564607
0.264544 0.52522
0.264282 0.485865
0.264021 0.454404
0.263762 0.415106
0.263504 0.383691
0.263246 0.344451
0.262989 0.313082
0.262733 0.273899
0.262476 0.242576
0.262221 0.20345
0.261966 0.172172
0.261711 0.133103
0.261457 0.10187
0.261203 0.0628577
0.26095 0.0316703
0.260697 1
0.260445 0.968858
0.260194 0.929958
0.259942 0.898861
0.259692 0.860017
0.259441 0.821204
0.259192 0.790176
0.258942 0.751419
0.258694 0.720436
0.258445 0.681735
0.258198 0.650796
0.25795 0.61215
0.257703 0.581255
0.257457 0.542664
0.257213 0.511814
0.25697 0.473278
0.256727 0.442471
0.256485 0.40399
0.256243 0.373228
0.256001 0.334801
0.25576 0.304082
0.25552 0.26571
0.25528 0.235035
0.25504 0.204378
0.254801 0.166085
0.254562 0.135472
0.254324 0.0972321
0.254086 0.0666622
0.253848 0.0284766
0.253662 0.00557959
0.253476 0.977117
0.25329 0.954245
0.253105 0.923766
0.25292 0.900919
0.252735 0.870473
0.25255 0.840046
0.252366 0.817238
0.252182 0.786844
0.251998 0.764061
0.251815 0.7337
0.251631 0.710941
0.251448 0.680613
0.251266 0.657879
0.251083 0.627584
0.251563 0.648917
0.252113 0.683306
0.25268 0.716987
0.253188 0.7479
0.253769 0.782225
0.254307 0.815158
0.254837 0.846698
0.255383 0.87959
0.255903 0.910407
0.256413 0.941206
0.25685 0.964462
0.257351 0.994539
0.257827 1.02186
0.258342 1.05122
0.258874 1.08261
0.25942 1.1167
0.259917 1.14669
0.26047 1.17938
0.260958 1.20865
0.261387 1.2345
0.261848 1.25965
0.262325 1.28683
0.262842 1.31806
0.263309 1.34656
0.26371 1.36894
0.264176 1.39469
0.264673 1.42382
0.265129 1.45022
0.265593 1.47796
0.266015 1.50365
0.266509 1.53271
0.26693 1.55702
0.26739 1.58266
0.267786 1.60559
0.268253 1.63256
0.268695 1.65681
0.269088 1.67903
0.269465 1.69922
0.269905 1.7241
0.270281 1.74829
0.27072 1.76978
0.271102 1.79126
0.271548 1.81877
0.271953 1.83955
0.272349 1.861
0.272753 1.88444
0.273164 1.90786
0.273518 1.92726
0.273936 1.95266
0.274361 1.97604
0.274761 2.00008
0.275209 2.02477
0.275576 2.04477
0.27603 2.07343
0.276373 2.09142
0.27673 2.11205
0.277135 2.13467
0.277523 2.15595
0.277848 2.17389
0.278156 2.18916
0.278464 2.20377
0.278811 2.22234
0.279165 2.24223
0.279479 2.25813
0.279824 2.27535
0.280231 2.29983
0.280575 2.31901
0.280997 2.34215
0.281347 2.36263
0.281658 2.37979
0.282078 2.40157
0.282406 2.42135
0.282717 2.43717
0.283052 2.45627
0.283386 2.4747
0.283727 2.49444
0.28406 2.50891
0.284424 2.53059
0.284686 2.54439
0.285064 2.56605
0.285426 2.58835
0.285733 2.60343
0.286102 2.62374
0.286408 2.64011
0.286752 2.65975
0.287019 2.67283
0.287301 2.68721
0.287621 2.69963
0.287863 2.71465
0.288228 2.72966
0.288546 2.74923
0.288918 2.7701
0.28922 2.78769
0.289626 2.81113
0.289993 2.83
0.290382 2.85406
0.290702 2.87095
0.291036 2.88394
0.291408 2.9047
0.291711 2.92091
0.292104 2.93971
0.292398 2.95589
0.292707 2.97078
0.293098 2.99276
0.293421 3.00569
0.293765 3.02441
0.294109 3.04313
0.294468 3.06183
0.294788 3.07987
0.295107 3.09597
0.295419 3.10949
0.295692 3.11913
0.296032 3.13841
0.296319 3.1564
0.296753 3.17629
0.297224 3.1968
0.297761 3.22947
0.298221 3.25059
0.298644 3.27616
0.299027 3.29532
0.299358 3.30681
0.29977 3.32721
0.300248 3.35396
0.300665 3.37432
0.301096 3.39594
0.301525 3.42071
0.301954 3.43911
0.302375 3.4632
0.302735 3.48031
0.303079 3.4955
0.303431 3.5113
0.303847 3.53025
0.30427 3.55297
0.304618 3.57063
0.305003 3.58638
0.305408 3.60903
0.305856 3.63356
0.306303 3.65555
0.306742 3.68065
0.307084 3.69884
0.30747 3.71388
0.307833 3.73579
0.308159 3.74767
0.308455 3.76204
0.308837 3.78077
0.309226 3.8001
0.309541 3.81444
0.309892 3.83062
0.310227 3.84431
0.310591 3.86295
0.310932 3.88095
0.311315 3.90143
0.31164 3.91444
0.311971 3.93116
0.312345 3.94725
0.312696 3.96703
0.312989 3.97877
0.313275 3.99111
0.313624 4.00713
0.313972 4.02623
0.314333 4.04284
0.314686 4.06252
0.315067 4.07972
0.31544 4.1012
0.315749 4.11592
0.316113 4.13369
0.316336 4.14226
0.316677 4.15449
0.316941 4.16916
0.317267 4.18442
0.317571 4.19662
0.317201 4.15823
0.316832 4.11134
0.316464 4.07118
0.316097 4.02437
0.315795 3.99096
0.315493 3.9509
0.315192 3.91754
0.314892 3.87753
0.314592 3.84422
0.314292 3.80427
0.313993 3.77101
0.313695 3.73112
0.313397 3.6979
0.3131 3.65807
0.312803 3.6249
0.312507 3.58512
0.312771 3.59235
0.313124 3.61762
0.313517 3.63807
0.313806 3.6549
0.314102 3.66811
0.314466 3.69212
0.314733 3.70531
0.315054 3.72328
0.315266 3.73107
0.31549 3.74064
0.315701 3.74782
0.315993 3.76396
0.316243 3.7747
0.316561 3.79141
0.316797 3.80453
0.317067 3.81586
0.317288 3.82598
0.317538 3.83669
0.317843 3.85453
0.318119 3.8682
0.318368 3.88245
0.318736 3.89847
0.319035 3.90796
0.319489 3.93223
0.3198 3.9482
0.320124 3.9612
0.32046 3.97655
0.320843 3.99483
0.32121 4.01427
0.321497 4.02604
0.321823 4.03897
0.322188 4.05482
0.322552 4.07536
0.322921 4.09352
0.323259 4.10816
0.323595 4.12278
0.32398 4.14381
0.32425 4.15256
0.324547 4.1683
0.324862 4.18112
0.325163 4.19217
0.325447 4.20728
0.325782 4.22703
0.326078 4.24038
0.32634 4.25081
0.326601 4.26298
0.326842 4.27398
0.326474 4.23465
0.326108 4.19016
0.325742 4.1457
0.325377 4.10128
0.325012 4.0569
0.324649 4.01255
0.324286 3.97457
0.323924 3.9303
0.323563 3.88606
0.323203 3.84186
0.322844 3.7977
0.322485 3.75358
0.322127 3.70949
0.32177 3.66544
0.321414 3.62771
0.321058 3.58373
0.320704 3.53979
0.32035 3.49588
0.319997 3.45201
0.319644 3.40818
0.319293 3.36438
0.318942 3.32062
0.318592 3.28315
0.318243 3.23945
0.317894 3.1958
0.317546 3.15218
0.317199 3.1086
0.316853 3.06505
0.316508 3.02155
0.316163 2.97807
0.315819 2.93464
0.315476 2.89743
0.315133 2.85406
0.314792 2.81073
0.314451 2.76743
0.31411 2.72417
0.314494 2.74269
0.314882 2.76569
0.315339 2.79483
0.31577 2.82004
0.316099 2.8385
0.316447 2.85472
0.316863 2.88098
0.317221 2.90275
0.317579 2.92227
0.318036 2.95236
0.318404 2.97464
0.318766 2.99133
0.319146 3.0158
0.319568 3.0408
0.319896 3.06023
0.320258 3.08353
0.320569 3.10071
0.320924 3.12065
0.321289 3.14278
0.32163 3.16048
0.321927 3.18092
0.322241 3.19694
0.321923 3.15997
0.321605 3.12358
0.321287 3.08115
0.32097 3.04482
0.320654 3.00851
0.320339 2.96617
0.320024 2.92992
0.31971 2.88765
0.319396 2.85144
0.319083 2.80924
0.318771 2.77309
0.318459 2.73696
0.318148 2.69485
0.317837 2.65878
0.317527 2.61672
0.317218 2.58071
0.316909 2.53871
0.316601 2.50275
0.316293 2.46082
0.315986 2.42491
0.31568 2.38902
0.315374 2.34718
0.315069 2.31134
0.314764 2.26957
0.31446 2.23378
0.314157 2.19207
0.313854 2.15634
0.313552 2.11468
0.31325 2.079
0.312949 2.04335
0.312648 2.00178
0.312348 1.96617
0.312049 1.92467
0.31175 1.88912
0.311452 1.84767
0.311154 1.81217
0.310857 1.77669
0.310561 1.73533
0.310265 1.69991
0.309969 1.65861
0.309675 1.62323
0.30938 1.58199
0.309087 1.54667
0.308795 1.50549
0.30855 1.47609
0.308305 1.44672
0.30806 1.41148
0.307816 1.38214
0.307572 1.34695
0.307329 1.31764
0.307086 1.28835
0.306843 1.25322
0.306601 1.22396
0.306359 1.18887
0.306117 1.15965
0.305876 1.13045
0.305635 1.09542
0.305395 1.06625
0.305155 1.03127
0.304915 1.00213
0.304676 0.973013
0.304437 0.93809
0.304199 0.909005
0.304668 0.938599
0.305131 0.968705
0.305575 0.996683
0.305991 1.02939
0.306445 1.05839
0.306865 1.09106
0.307159 1.10634
0.30747 1.1274
0.307775 1.1495
0.308114 1.1737
0.308412 1.19526
0.308745 1.21838
0.309066 1.2415
0.309386 1.26408
0.309677 1.28508
0.309974 1.30606
0.310293 1.32861
0.31056 1.34696
0.310845 1.36111
0.311151 1.38416
0.311429 1.40196
0.31169 1.42185
0.312018 1.44382
0.312301 1.46474
0.312589 1.48356
0.312882 1.50498
0.313147 1.52274
0.313457 1.54519
0.31376 1.56658
0.314037 1.58692
0.313864 1.56972
0.31369 1.54678
0.313517 1.52386
0.313344 1.50095
0.313172 1.47804
0.312999 1.45515
0.312827 1.43226
0.312655 1.40939
0.312483 1.39224
0.312311 1.36938
0.312139 1.34654
0.311968 1.3237
0.311797 1.30087
0.311626 1.27805
0.311455 1.25524
0.311284 1.23244
0.311114 1.20965
0.310943 1.19257
0.310773 1.1698
0.310603 1.14703
0.310434 1.12428
0.310264 1.10154
0.310095 1.0788
0.309926 1.05608
0.309757 1.03336
0.309589 1.01633
0.309883 1.0282
0.310193 1.05088
0.310469 1.07047
0.310767 1.09211
0.311071 1.11477
0.310858 1.09315
0.311228 1.10858
0.311643 1.13738
0.312029 1.1636
0.312397 1.19185
0.312843 1.22369
0.313199 1.24883
0.313577 1.27499
0.313961 1.30319
0.314343 1.33035
0.314015 1.29502
0.314641 1.3339
0.315261 1.37837
0.315885 1.42281
0.31648 1.46466
0.317063 1.50596
0.317644 1.54672
0.318235 1.58796
0.318786 1.62509
0.319308 1.66422
0.319829 1.69926
0.320388 1.73782
0.320903 1.77331
0.321351 1.8032
0.321804 1.83306
0.322321 1.86695
0.322876 1.90737
0.323402 1.94423
0.323943 1.98157
0.324445 2.01836
0.324968 2.05463
0.32544 2.08835
0.325884 2.116
0.326339 2.14816
0.326808 2.17878
0.327244 2.20888
0.327706 2.23945
0.328124 2.268
0.328547 2.29703
0.328974 2.32553
0.329421 2.354
0.329803 2.37946
0.330195 2.4059
0.330662 2.43829
0.331009 2.45971
0.331415 2.48409
0.331862 2.51491
0.332314 2.5482
0.332695 2.57302
0.333118 2.60228
0.333472 2.62607
0.333814 2.64737
0.334165 2.67013
0.334548 2.69832
0.334888 2.71759
0.335275 2.74623
0.335629 2.76941
0.336004 2.79505
0.336367 2.81722
0.336667 2.8374
0.336965 2.85412
0.337327 2.87968
0.337582 2.89295
0.3379 2.91503
0.338181 2.92877
0.338576 2.95768
0.338976 2.9851
0.339323 3.00908
0.339659 3.02864
0.340046 3.05894
0.340359 3.07896
0.340662 3.09799
0.340901 3.11115
0.341228 3.13356
0.341576 3.15499
0.341834 3.17104
0.34217 3.19389
0.342489 3.21478
0.342839 3.24002
0.343158 3.25894
0.343465 3.28075
0.343767 3.29771
0.344104 3.32287
0.344383 3.34125
0.344683 3.3601
0.344988 3.37701
0.345291 3.39921
0.345579 3.41705
0.345913 3.44066
0.346189 3.45752
0.34648 3.47677
0.346761 3.49264
0.34703 3.51138
0.34734 3.53203
0.34763 3.5517
0.347903 3.56752
0.348165 3.58621
0.348402 3.59866
0.348643 3.61349
0.348904 3.62784
0.349139 3.64408
0.349364 3.65602
0.349588 3.67033
0.349802 3.68321
0.350096 3.70131
0.350324 3.71607
0.350501 3.72368
0.350662 3.73223
0.350819 3.74079
0.35098 3.74886
0.351191 3.76072
0.351352 3.77163
0.351588 3.78585
0.351768 3.79723
0.351903 3.80575
0.352088 3.81663
0.352247 3.82562
0.352461 3.8398
0.352197 3.81051
0.351934 3.77935
0.351671 3.7482
0.351408 3.71707
0.351145 3.68596
0.350883 3.65487
0.350622 3.62379
0.35036 3.59273
0.3501 3.56169
0.349839 3.53066
0.349579 3.49965
0.349319 3.46866
0.34906 3.43769
0.348801 3.40673
0.348542 3.3758
0.348284 3.34487
0.348295 3.34066
0.348336 3.34441
0.348356 3.34628
0.348189 3.32849
0.348022 3.3079
0.347856 3.28731
0.34769 3.27188
0.347524 3.25131
0.34736 3.23075
0.347196 3.21019
0.347032 3.18964
0.346868 3.1691
0.346704 3.14857
0.346541 3.13318
0.346378 3.11266
0.346214 3.09215
0.346051 3.07164
0.345889 3.05114
0.345726 3.03066
0.345563 3.01529
0.345401 2.99482
0.345239 2.97435
0.345077 2.95389
0.344915 2.93343
0.344753 2.91299
0.344592 2.89766
0.34443 2.87723
0.344269 2.8568
0.344108 2.83638
0.343947 2.81597
0.343786 2.79557
0.343627 2.78027
0.343468 2.75988
0.343309 2.7395
0.343151 2.71912
0.342992 2.69876
0.342834 2.68348
0.342676 2.66313
0.342518 2.64278
0.34236 2.62244
0.342202 2.60211
0.342045 2.58687
0.341887 2.56655
0.341732 2.54623
0.341576 2.52593
0.341421 2.50563
0.341266 2.49041
0.34111 2.47013
0.340956 2.44985
0.340801 2.42958
0.340646 2.41438
0.340492 2.39413
0.340337 2.37388
0.340183 2.35363
0.340031 2.33846
0.339878 2.31823
0.339726 2.29801
0.339574 2.27779
0.339422 2.26263
0.339271 2.24243
0.339119 2.22224
0.338967 2.20709
0.338816 2.18691
0.338665 2.16674
0.338514 2.14657
0.338363 2.13145
0.338212 2.11129
0.338061 2.09115
0.337911 2.07604
0.33776 2.0559
0.33761 2.03578
0.33746 2.01566
0.33731 2.00057
0.33716 1.98046
0.33701 1.96036
0.336861 1.94529
0.336711 1.9252
0.336562 1.90512
0.336413 1.88505
0.336264 1.87
0.336115 1.84993
0.335966 1.82988
0.335817 1.80983
0.335669 1.7948
0.33552 1.77477
0.335372 1.75474
0.335224 1.73972
0.335076 1.71971
0.334928 1.6997
0.33478 1.6797
0.334633 1.66471
0.334485 1.64472
0.334338 1.62474
0.33419 1.60975
0.334043 1.58979
0.333896 1.56982
0.33375 1.54987
0.333603 1.53491
0.333456 1.51497
0.33331 1.49503
0.333163 1.48008
0.333017 1.46016
0.332871 1.44025
0.332725 1.42034
0.332579 1.40541
0.332434 1.38551
0.332288 1.36562
0.332143 1.34574
0.331997 1.33083
0.331854 1.31096
0.33171 1.2911
0.331567 1.27621
0.331424 1.25636
0.33128 1.23651
0.331137 1.22164
0.330995 1.2018
0.330852 1.18198
0.330709 1.16712
0.330567 1.1473
0.330424 1.1275
0.330282 1.11265
0.330141 1.09285
0.330001 1.07307
0.32986 1.05823
0.32972 1.03846
0.32958 1.01869
0.32944 1.00387
0.3293 0.984115
0.32916 0.964367
0.329021 0.94956
0.328881 0.929824
0.328742 0.915027
0.328603 0.895302
0.328463 0.875585
0.328324 0.860802
0.328185 0.841096
0.328047 0.821398
0.327908 0.806629
0.327769 0.786942
0.327631 0.767263
0.327492 0.752508
0.327356 0.73284
0.327219 0.718094
0.327083 0.698438
0.326946 0.67879
0.32681 0.664058
0.327067 0.680123
0.327297 0.6944
0.327554 0.716701
0.327787 0.736319
0.328034 0.751919
0.328254 0.771526
0.3285 0.787562
0.328812 0.814726
0.328888 0.820514
0.328966 0.825855
0.329031 0.829861
0.32911 0.835647
0.329176 0.840543
0.329269 0.851222
0.329362 0.856116
0.32945 0.865903
0.329548 0.871241
0.329627 0.879691
0.329719 0.885028
0.329821 0.890363
0.329914 0.900589
0.330021 0.905923
0.330109 0.916591
0.330197 0.921035
0.330298 0.9317
0.330242 0.927701
0.330186 0.917928
0.33013 0.913042
0.330074 0.903271
0.330017 0.898386
0.329961 0.893501
0.329905 0.883734
0.329849 0.878851
0.329793 0.869086
0.329737 0.864204
0.329681 0.854441
0.329623 0.84956
0.329566 0.8398
0.329508 0.834921
0.329451 0.825164
0.329393 0.820285
0.329336 0.81053
0.329278 0.800777
0.329221 0.795901
0.329164 0.78615
0.329106 0.781276
0.329049 0.771527
0.329152 0.775958
0.32926 0.787033
0.329372 0.793234
0.329475 0.803863
0.329578 0.809176
0.329681 0.820245
0.329775 0.824672
0.329873 0.834411
0.329976 0.839722
0.33007 0.849457
0.330163 0.85521
0.330275 0.865385
0.330378 0.870694
0.330471 0.881751
0.330574 0.886616
0.330677 0.897228
0.330765 0.901208
0.330868 0.911817
0.330957 0.915796
0.331055 0.925961
0.331162 0.936566
0.331259 0.94231
0.331353 0.951145
0.33145 0.955562
0.331548 0.966162
0.33165 0.971462
0.331766 0.983383
0.331846 0.987357
0.331943 0.996627
0.33205 1.00281
0.332134 1.01119
0.332227 1.01649
0.33232 1.02531
0.332422 1.03105
0.332528 1.04207
0.332607 1.04604
0.332695 1.0553
0.332779 1.05971
0.332881 1.06853
0.332987 1.07426
0.333084 1.08396
0.333168 1.08924
0.333273 1.09806
0.333355 1.10687
0.333436 1.10995
0.333541 1.12052
0.333646 1.12537
0.333737 1.1355
0.333832 1.1399
0.333918 1.14826
0.334009 1.15399
0.334082 1.16191
0.334163 1.16851
0.334263 1.17423
0.334363 1.18391
0.334458 1.18787
0.334526 1.19622
0.334626 1.19974
0.334693 1.20722
0.334802 1.21821
0.334897 1.22348
0.334997 1.23315
0.335092 1.23886
0.3352 1.24853
0.335295 1.25292
0.335394 1.26259
0.335471 1.26742
0.335552 1.27489
0.335629 1.28191
0.33576 1.29113
0.335886 1.29903
0.33603 1.30913
0.33616 1.32229
0.3363 1.3315
0.336412 1.33984
0.336534 1.35168
0.336668 1.36088
0.336785 1.36921
0.336911 1.3771
0.337045 1.39025
0.337184 1.40032
0.337301 1.4069
0.337431 1.41653
0.337547 1.42835
0.337678 1.4393
0.337769 1.44674
0.337869 1.45024
0.338 1.4603
0.338123 1.47168
0.338219 1.47999
0.338329 1.48874
0.338432 1.49836
0.33853 1.50186
0.338628 1.51104
0.33874 1.51934
0.338842 1.52896
0.338949 1.53901
0.339056 1.5425
0.33914 1.5508
0.339251 1.5591
0.339322 1.56652
0.33942 1.57395
0.339536 1.57831
0.339629 1.58792
0.339722 1.59577
0.339824 1.60494
0.339939 1.61453
0.340041 1.6189
0.340131 1.62675
0.340226 1.63547
0.340316 1.64288
0.340423 1.64768
0.340527 1.65727
0.340643 1.66729
0.340711 1.67383
0.340778 1.67949
0.340859 1.68254
0.340957 1.69126
0.341051 1.6991
0.341141 1.70737
0.341226 1.71042
0.341324 1.71869
0.341409 1.72565
0.34149 1.73349
0.341561 1.73523
0.341651 1.74349
0.341718 1.74871
0.341807 1.75611
0.34191 1.76002
0.341999 1.77002
0.342093 1.77698
0.342204 1.78698
0.342311 1.79132
0.342396 1.80045
0.342512 1.81001
0.342601 1.81783
0.342685 1.82217
0.342787 1.82999
0.342885 1.83867
0.342956 1.84562
0.343047 1.84909
0.343133 1.85734
0.343232 1.86559
0.343318 1.8734
0.343403 1.87904
0.343494 1.88555
0.34357 1.89292
0.343656 1.89986
0.343737 1.90333
0.343814 1.91026
0.343899 1.9172
0.343967 1.91893
0.344079 1.9276
0.344164 1.93757
0.344253 1.94406
0.344352 1.95143
0.344249 1.9432
0.344147 1.92891
0.344044 1.91463
0.343942 1.90511
0.343839 1.89083
0.343964 1.89559
0.344092 1.9051
0.344216 1.91461
0.34434 1.92542
0.344455 1.93406
0.344566 1.93882
0.344672 1.94875
0.344817 1.96084
0.344969 1.96905
0.345102 1.97941
0.34524 1.99149
0.345387 2.00142
0.345529 2.01436
0.345662 2.02514
0.345795 2.03592
0.345937 2.04627
0.346048 2.0523
0.346181 2.06221
0.346318 2.07212
0.346447 2.08332
0.346562 2.09193
0.346707 2.10226
0.346831 2.11345
0.346955 2.12291
0.347087 2.1328
0.347228 2.14098
0.347356 2.15
0.347466 2.15989
0.347584 2.16892
0.347707 2.1788
0.347808 2.18567
0.34794 2.19512
0.348085 2.20714
0.348221 2.21486
0.348361 2.22473
0.34848 2.23632
0.348584 2.24189
0.348694 2.25219
0.348829 2.26162
0.348943 2.27148
0.349039 2.27748
0.349161 2.28347
0.349287 2.29332
0.349431 2.30532
0.349566 2.31645
0.349706 2.32715
0.349832 2.33742
0.34994 2.3464
0.350053 2.35453
0.350184 2.36479
0.350288 2.36906
0.35044 2.38146
0.350552 2.39043
0.350678 2.40069
0.350821 2.41222
0.350968 2.42417
0.351076 2.43271
0.351166 2.43911
0.351261 2.44338
0.351395 2.45277
0.351584 2.4694
0.351776 2.48346
0.352017 2.50093
0.352183 2.51243
0.35241 2.52861
0.35258 2.54265
0.352798 2.55882
0.352977 2.56987
0.35312 2.58177
0.353324 2.59324
0.353533 2.61193
0.353723 2.62509
0.353892 2.63697
0.354113 2.65266
0.354307 2.6675
0.354518 2.68487
0.354851 2.70774
0.355136 2.72975
0.355407 2.74836
0.355752 2.77414
0.356048 2.79526
0.356386 2.821
0.356685 2.84125
0.35701 2.86738
0.357312 2.89097
0.357623 2.91285
0.357911 2.93472
0.358187 2.95364
0.358495 2.97632
0.358842 3.00109
0.359111 3.02374
0.359393 3.04176
0.359695 3.06522
0.359929 3.08238
0.360175 3.09786
0.360455 3.11918
0.360696 3.13589
0.360928 3.15092
0.361168 3.1676
0.361458 3.19012
0.361744 3.21178
0.361999 3.22802
0.362288 3.2509
0.36256 3.27044
0.362784 3.28581
0.363021 3.30159
0.363245 3.31861
0.363485 3.33353
0.363729 3.35301
0.363965 3.36957
0.364229 3.38778
0.364442 3.40308
0.36461 3.41424
0.3648 3.42498
0.364976 3.43902
0.365185 3.45346
0.365403 3.46995
0.365607 3.48479
0.365762 3.49633
0.365936 3.50827
0.366115 3.52102
0.366323 3.53377
0.366478 3.54611
0.36662 3.55515
0.366812 3.56746
0.366991 3.58142
0.367178 3.59537
0.367328 3.60521
0.36749 3.61463
0.36768 3.62815
0.367858 3.64206
0.367599 3.61343
0.36734 3.58194
0.367083 3.55047
0.366826 3.52352
0.36657 3.49208
0.366314 3.46066
0.366059 3.42926
0.365803 3.39787
0.365548 3.37098
0.365294 3.33963
0.36504 3.30829
0.364786 3.27697
0.364533 3.24567
0.364279 3.21885
0.364027 3.18758
0.363774 3.15632
0.363522 3.12508
0.363271 3.09386
0.363019 3.06711
0.362768 3.03592
0.362518 3.00474
0.362267 2.97358
0.362017 2.94244
0.361768 2.91576
0.361518 2.88465
0.361269 2.85356
0.361021 2.82248
0.360773 2.79142
0.360525 2.76481
0.360277 2.73378
0.36003 2.70276
0.359783 2.67177
0.359536 2.64078
0.35929 2.61424
0.359044 2.58329
0.358799 2.55236
0.358554 2.52144
0.358309 2.49054
0.358064 2.46406
0.35782 2.43319
0.357576 2.40233
0.357333 2.37149
0.357089 2.34067
0.356847 2.31426
0.356604 2.28347
0.356362 2.25269
0.35612 2.22193
0.355878 2.19119
0.355637 2.16485
0.355396 2.13413
0.355156 2.10344
0.354915 2.07275
0.354675 2.04209
0.354437 2.01581
0.354199 1.98518
0.353962 1.95456
0.353725 1.92395
0.353488 1.89773
0.353251 1.86715
0.353015 1.83659
0.352779 1.80605
0.352543 1.77988
0.352308 1.74937
0.352073 1.71887
0.351838 1.68839
0.351604 1.66227
0.35137 1.63182
0.351136 1.60138
0.350902 1.57096
0.350669 1.54489
0.350436 1.5145
0.350204 1.48412
0.349972 1.45376
0.34974 1.42775
0.349508 1.39742
0.349277 1.3671
0.349046 1.3368
0.348815 1.30651
0.348585 1.28057
0.348355 1.25031
0.348125 1.22007
0.347895 1.18984
0.347666 1.16395
0.347437 1.13375
0.347209 1.10357
0.34698 1.0734
0.346752 1.04756
0.346525 1.01742
0.346297 0.987297
0.34607 0.95719
0.345843 0.931396
0.345617 0.901317
0.345391 0.871254
0.345165 0.841206
0.344939 0.815462
0.344714 0.785442
0.344489 0.755438
0.344264 0.725448
0.34404 0.699755
0.343816 0.669794
0.343592 0.639848
0.343368 0.609917
0.343145 0.580001
0.342922 0.554371
0.3427 0.524483
0.342477 0.49461
0.342255 0.464753
0.342033 0.439172
0.341812 0.409343
0.34159 0.379528
0.34137 0.349728
0.341149 0.324197
0.340928 0.294425
0.340708 0.264668
0.340489 0.234926
0.340269 0.209444
0.34005 0.17973
0.339831 0.15003
0.339612 0.120345
0.339394 0.094913
0.339176 0.0652557
0.338958 0.0356131
0.33874 0.0059854
0.338523 0.983079
0.338306 0.953479
0.338089 0.923893
0.337873 0.894322
0.337657 0.864766
0.337441 0.839444
0.337225 0.809915
0.33701 0.7804
0.336795 0.750901
0.33658 0.725627
0.336365 0.696154
0.336151 0.666696
0.335937 0.637253
0.335724 0.612027
0.33551 0.582611
0.335297 0.553209
0.335084 0.523822
0.334871 0.498644
0.334659 0.469284
0.334448 0.439938
0.334238 0.410606
0.334027 0.385476
0.333817 0.356171
0.333608 0.326881
0.333398 0.301786
0.333189 0.272522
0.332981 0.243273
0.332774 0.214038
0.332566 0.18899
0.33236 0.159782
0.332153 0.130588
0.331946 0.105575
0.33174 0.0764076
0.331534 0.047254
0.331329 0.0222766
0.331123 0.99584
0.330918 0.966727
0.330713 0.941784
0.330508 0.912697
0.330304 0.883625
0.3301 0.858717
0.329896 0.829671
0.329692 0.800638
0.329489 0.775765
0.329286 0.746759
0.329083 0.717767
0.32888 0.692928
0.328678 0.663962
0.328476 0.63501
0.328274 0.606072
0.328072 0.581279
0.327871 0.552367
0.32767 0.523468
0.327469 0.49871
0.327268 0.469837
0.327068 0.440979
0.326867 0.416254
0.326668 0.387422
0.326468 0.358603
0.326268 0.333912
0.326069 0.305119
0.32587 0.27634
0.325672 0.251683
0.325473 0.222929
0.325275 0.19419
0.325077 0.169566
0.324879 0.140852
0.324682 0.112151
0.324484 0.0875617
0.324287 0.0588865
0.324091 0.030225
0.323894 0.00566891
0.323698 0.979547
0.323502 0.950924
0.323306 0.922316
0.32311 0.897805
0.322915 0.869221
0.32272 0.840651
0.322525 0.816173
0.32233 0.787628
0.322136 0.759097
0.321942 0.734652
0.321748 0.706146
0.321554 0.677653
0.321361 0.653241
0.321167 0.624774
0.320974 0.596319
0.320781 0.571941
0.320589 0.543511
0.320397 0.515095
0.320204 0.490749
0.320013 0.462358
0.319821 0.433981
0.31963 0.409667
0.319438 0.381315
0.319247 0.352975
0.319057 0.328694
0.318866 0.300379
0.318676 0.272078
0.318486 0.243789
0.318296 0.219553
0.318107 0.191289
0.317917 0.163038
0.317728 0.138834
0.317539 0.110608
0.317351 0.0823953
0.317162 0.0582233
0.316974 0.0300349
0.316786 0.00185965
0.316598 0.979884
0.31641 0.951733
0.316223 0.923596
0.316036 0.899488
0.315849 0.871374
0.315662 0.843274
0.315476 0.819198
0.31529 0.791122
0.315104 0.763059
0.314918 0.739015
0.314732 0.710976
0.314547 0.68295
0.314362 0.658938
0.314177 0.630936
0.313992 0.602947
0.313808 0.574971
0.313623 0.551001
0.313439 0.523049
0.313256 0.49511
0.313072 0.471172
0.312889 0.443257
0.312705 0.415354
0.312522 0.391448
0.31234 0.363569
0.312157 0.335703
0.311975 0.311829
0.311793 0.283986
0.311611 0.256157
0.311429 0.232313
0.311247 0.204508
0.311067 0.176715
0.310887 0.152902
0.310707 0.125133
0.310528 0.0973763
0.310349 0.073595
0.310169 0.0458618
0.30999 0.0181413
0.309812 0.996042
0.309633 0.968345
0.309455 0.944615
0.309277 0.916941
0.309099 0.88928
0.308921 0.865581
0.308744 0.837943
0.308566 0.810318
0.308389 0.786649
0.308212 0.759048
0.308036 0.731458
0.307859 0.70782
0.307683 0.680254
0.307507 0.656636
0.307331 0.629093
0.307155 0.601562
0.30698 0.577975
0.306804 0.550467
0.306629 0.522972
0.306454 0.499415
0.306822 0.525102
0.307162 0.553631
0.307526 0.581079
0.307862 0.609941
0.308221 0.640571
0.308587 0.667984
0.308952 0.699656
0.3093 0.725267
0.309691 0.757623
0.310123 0.793515
0.31053 0.826548
0.310913 0.857079
0.311312 0.890787
0.311724 0.924478
0.312133 0.957444
0.312575 0.991454
0.313033 1.03288
0.313474 1.06791
0.313891 1.10115
0.314297 1.13367
0.314713 1.16581
0.315127 1.19865
0.315528 1.23005
0.315915 1.26038
0.316338 1.29456
0.316703 1.32309
0.317034 1.34985
0.317387 1.38046
0.317731 1.40754
0.318084 1.43496
0.318402 1.45955
0.318758 1.488
0.319086 1.51362
0.319416 1.53923
0.319767 1.56657
0.320107 1.59321
0.320443 1.62018
0.320779 1.64574
0.321094 1.67128
0.321422 1.69681
0.321733 1.72338
0.32207 1.75028
0.322377 1.77367
0.32269 1.79776
0.323017 1.82392
0.323351 1.85042
0.32362 1.87063
0.323929 1.89432
0.324205 1.91486
0.32451 1.93852
0.324804 1.96148
0.325105 1.98442
0.325369 2.00388
0.325676 2.02888
0.325976 2.05144
0.32567 2.01086
0.326081 2.04102
0.326492 2.0715
0.326911 2.10716
0.32736 2.14106
0.327791 2.17424
0.328182 2.20741
0.328559 2.23364
0.328906 2.25917
0.329259 2.28778
0.32967 2.31844
0.330019 2.34598
0.33036 2.36971
0.330749 2.39859
0.331128 2.43019
0.331493 2.45697
0.331854 2.48372
0.332237 2.51526
0.332555 2.53718
0.33294 2.56628
0.333299 2.59605
0.333631 2.61929
0.333968 2.64628
0.334319 2.67188
0.334671 2.69815
0.335007 2.72508
0.335336 2.74859
0.335762 2.78024
0.336181 2.80881
0.336599 2.84041
0.33706 2.87605
0.337457 2.90454
0.337878 2.93435
0.338368 2.97192
0.338774 3.00201
0.339198 3.03107
0.339592 3.06111
0.340008 3.09314
0.340378 3.11942
0.34075 3.14466
0.341115 3.17055
0.341492 3.19844
0.341877 3.22428
0.342284 3.25446
0.342721 3.2893
0.343135 3.32109
0.343472 3.34215
0.343875 3.37356
0.344214 3.39726
0.344589 3.42493
0.344907 3.44525
0.345237 3.46922
0.345557 3.48983
0.345879 3.50977
0.346253 3.53897
0.34658 3.56152
0.346934 3.58802
0.347275 3.61119
0.347602 3.63401
0.347895 3.65417
0.34823 3.67562
0.348545 3.69904
0.348879 3.72309
0.349178 3.74383
0.349494 3.76488
0.349816 3.78821
0.350165 3.81382
0.350501 3.83678
0.350826 3.86103
0.351154 3.88493
0.351435 3.9039
0.351707 3.91959
0.352045 3.94538
0.352345 3.96724
0.352627 3.98647
0.352905 4.00275
0.353167 4.0213
0.353452 4.04113
0.353695 4.05574
0.353949 4.07099
0.354215 4.09012
0.354495 4.10923
0.354798 4.12994
0.355062 4.14805
0.355295 4.16258
0.355554 4.17904
0.355813 4.19646
0.356068 4.21418
0.356278 4.22576
0.356592 4.24763
0.35689 4.26852
0.357187 4.29164
0.357445 4.30735
0.357673 4.32241
0.357906 4.33811
0.358133 4.3525
0.358371 4.36689
0.358587 4.3803
0.358809 4.3937
0.359081 4.41379
0.359261 4.42334
0.359546 4.44244
0.359849 4.46597
0.360077 4.48026
0.360299 4.49264
0.360541 4.50723
0.360707 4.51515
0.360838 4.51958
0.361106 4.53634
0.361319 4.55119
0.361522 4.5635
0.36171 4.57422
0.361929 4.5884
0.362104 4.59785
0.36231 4.61074
0.362531 4.62552
0.362708 4.63588
0.362931 4.65189
0.363125 4.66349
0.363349 4.67697
0.363499 4.68511
0.363746 4.70388
0.363935 4.71544
0.364109 4.72606
0.364329 4.74104
0.364554 4.75601
0.364699 4.7638
0.364834 4.76847
0.365012 4.77936
0.365159 4.78775
0.365353 4.79955
0.365564 4.81383
0.365767 4.82716
0.365909 4.8346
0.366045 4.8411
0.366246 4.8544
0.366495 4.87264
0.366649 4.8816
0.366807 4.88993
0.366958 4.89826
0.367129 4.90873
0.367237 4.91212
0.367343 4.91551
0.367529 4.92749
0.367724 4.93947
0.367812 4.94224
0.367981 4.95113
0.368093 4.95604
0.368289 4.96951
0.368471 4.98144
0.36863 4.9897
0.368783 4.99886
0.36895 5.00741
0.369199 5.02479
0.369387 5.03576
0.369585 5.04793
0.369766 5.05797
0.370011 5.07498
0.370246 5.09046
0.370432 5.10107
0.370578 5.10895
0.370781 5.12136
0.370949 5.12983
0.371107 5.13889
0.371274 5.14734
0.371509 5.16332
0.371702 5.17447
0.371894 5.18832
0.372053 5.19583
0.372229 5.20544
0.372401 5.21595
0.37254 5.22135
0.372754 5.23573
0.372893 5.24291
0.37305 5.25099
0.37326 5.26533
0.37337 5.26831
0.373515 5.27547
0.373741 5.29126
0.373922 5.30287
0.37402 5.30495
0.374199 5.31505
0.374331 5.32099
0.374471 5.32811
0.37467 5.34085
0.374793 5.34647
0.374913 5.35032
0.375062 5.35859
0.375219 5.36775
0.375371 5.37512
0.375545 5.38455
0.375693 5.39368
0.375894 5.40692
0.376049 5.41427
0.376201 5.42513
0.376345 5.43218
0.376554 5.44625
0.375955 5.37245
0.375379 5.29523
0.374804 5.22132
0.374232 5.14749
0.373661 5.07053
0.373092 4.99687
0.372524 4.9233
0.371958 4.8498
0.371394 4.7732
0.370832 4.69987
0.370271 4.62663
0.369712 4.55029
0.369155 4.47721
0.3686 4.40422
0.368046 4.3313
0.367493 4.2553
0.366943 4.18256
0.366394 4.10989
0.365847 4.03415
0.365301 3.96164
0.364757 3.88922
0.364215 3.81688
0.363674 3.74147
0.363134 3.66929
0.362597 3.59719
0.362061 3.52517
0.361526 3.4501
0.360994 3.37824
0.360462 3.30645
0.359933 3.23163
0.359404 3.16001
0.358878 3.08846
0.358353 3.01699
0.357829 2.9425
0.357307 2.87119
0.356787 2.79996
0.356268 2.72571
0.35575 2.65463
0.355234 2.58363
0.35472 2.51271
0.354207 2.43878
0.353695 2.36802
0.353185 2.29732
0.352676 2.22364
0.352169 2.1531
0.351664 2.08264
0.351159 2.01225
0.350657 1.93888
0.350155 1.86864
0.349655 1.79848
0.349157 1.72839
0.348661 1.65534
0.348166 1.5854
0.347673 1.51554
0.347181 1.44575
0.34669 1.373
0.346201 1.30336
0.345713 1.2338
0.34525 1.16732
0.344788 1.10091
0.344328 1.03156
0.343868 0.965286
0.34341 0.899079
0.342953 0.832938
0.342497 0.766862
0.342043 0.700853
0.34159 0.634908
0.341138 0.569028
0.340688 0.503214
0.34024 0.437464
0.339792 0.368795
0.339345 0.303178
0.3389 0.237625
0.338456 0.172136
0.338013 0.106711
0.337571 0.0413503
0.33713 0.976263
0.336691 0.91103
0.336252 0.84586
0.335815 0.780754
0.335379 0.71571
0.334944 0.65073
0.33451 0.582864
0.334077 0.518012
0.333645 0.453224
0.333215 0.388497
0.332785 0.323833
0.332357 0.259232
0.33193 0.194692
0.331504 0.130215
0.331079 0.0657988
0.330655 0.00144469
0.330232 0.938631
0.32981 0.8744
0.32939 0.81023
0.32897 0.743209
0.328551 0.679164
0.328134 0.61518
0.328897 0.685442
0.329637 0.753527
0.330376 0.822075
0.331053 0.884763
0.331724 0.944761
0.3324 1.00707
0.333044 1.06485
0.333678 1.12363
0.334322 1.1813
0.334971 1.24338
0.335613 1.30199
0.336291 1.36473
0.336928 1.42297
0.337281 1.45428
0.337612 1.4848
0.337933 1.5127
0.338273 1.54423
0.338605 1.57522
0.338929 1.60307
0.339257 1.63376
0.339582 1.66184
0.33992 1.69355
0.340267 1.72446
0.340593 1.75431
0.340919 1.78363
0.34126 1.81553
0.340966 1.77536
0.3415 1.81938
0.342045 1.87009
0.342585 1.91791
0.343099 1.96466
0.343585 2.00646
0.34409 2.05183
0.34462 2.09871
0.34512 2.14503
0.345599 2.18746
0.346082 2.22958
0.346545 2.27142
0.347023 2.31398
0.347482 2.35472
0.347944 2.39413
0.348366 2.43096
0.348813 2.46929
0.349219 2.50528
0.349635 2.54022
0.350079 2.57947
0.350485 2.61537
0.350885 2.64869
0.351287 2.68427
0.351716 2.72109
0.3521 2.75458
0.352477 2.78626
0.352886 2.82223
0.353291 2.8579
0.35367 2.889
0.354026 2.91982
0.35436 2.94707
0.354707 2.97531
0.355083 3.00706
0.35545 3.03927
0.355809 3.06895
0.35616 3.0991
0.356487 3.12647
0.356853 3.15732
0.357195 3.18664
0.357533 3.21519
0.357843 3.24021
0.358168 3.2662
0.358388 3.28444
0.358578 3.30017
0.358783 3.31613
0.358989 3.33359
0.35921 3.35178
0.359467 3.3717
0.359697 3.39236
0.359934 3.41276
0.360166 3.43339
0.360387 3.45227
0.360585 3.46841
0.360829 3.48901
0.361049 3.50712
0.361258 3.52496
0.361469 3.54206
0.3617 3.56211
0.361945 3.58116
0.362157 3.59946
0.362382 3.61799
0.362607 3.63552
0.362819 3.65329
0.363047 3.67203
0.363235 3.68558
0.363456 3.70405
0.363676 3.72202
0.363867 3.73678
0.364048 3.75079
0.364263 3.76798
0.364503 3.78688
0.364715 3.80577
0.364905 3.81974
0.365154 3.84228
0.365359 3.8582
0.365545 3.87239
0.365743 3.88877
0.365933 3.90343
0.36616 3.92223
0.366347 3.93736
0.36651 3.94858
0.36673 3.96686
0.366934 3.98391
0.367107 3.99706
0.367266 4.008
0.367467 4.02502
0.367615 4.0345
0.367772 4.04615
0.368024 4.06677
0.368223 4.0818
0.36841 4.09537
0.368615 4.11037
0.368819 4.12561
0.369054 4.14373
0.369276 4.16233
0.369457 4.17487
0.369663 4.19054
0.369904 4.20982
0.370141 4.22908
0.370397 4.25145
0.37064 4.27188
0.370814 4.2846
0.370986 4.2966
0.37123 4.31531
0.371432 4.33256
0.371608 4.34549
0.371823 4.36223
0.372033 4.37825
0.372202 4.38995
0.372413 4.40714
0.372634 4.42407
0.372823 4.4398
0.373029 4.45552
0.372648 4.40507
0.372268 4.35015
0.371889 4.29788
0.371511 4.24304
0.371133 4.19085
0.370757 4.1387
0.370973 4.15385
0.371172 4.16782
0.371379 4.18532
0.371589 4.20163
0.371135 4.13858
0.370682 4.0763
0.37023 4.01149
0.36978 3.94673
0.36933 3.88462
0.368882 3.81998
0.368434 3.7554
0.367988 3.69346
0.367543 3.629
0.367099 3.56459
0.366656 3.50025
0.366214 3.43853
0.365773 3.3743
0.365333 3.31013
0.364895 3.24858
0.364457 3.18452
0.36402 3.12053
0.363585 3.05914
0.36315 2.99526
0.362716 2.93143
0.362284 2.87021
0.361852 2.8065
0.361422 2.74285
0.360993 2.68179
0.360564 2.61825
0.360137 2.55476
0.35971 2.49387
0.359285 2.4305
0.358861 2.36718
0.358437 2.30645
0.358015 2.24325
0.357594 2.1801
0.357173 2.11953
0.356754 2.05649
0.356335 1.99351
0.355918 1.93058
0.355502 1.87022
0.355087 1.80741
0.354673 1.74716
0.35426 1.68445
0.353848 1.6218
0.353437 1.5617
0.353027 1.49916
0.352618 1.43667
0.35221 1.37674
0.351803 1.31436
0.351397 1.25203
0.350991 1.19225
0.350587 1.13003
0.350184 1.06787
0.349781 1.00824
0.349379 0.946185
0.348979 0.886661
0.348579 0.82471
0.34818 0.762813
0.347782 0.703443
0.347385 0.641651
0.346989 0.579913
0.346594 0.520695
0.3462 0.459062
0.345806 0.397482
0.345414 0.338415
0.345022 0.27694
0.344632 0.217973
0.344242 0.156601
0.343853 0.0952821
0.343465 0.0364654
0.343077 0.97552
0.342691 0.914357
0.342306 0.855689
0.341921 0.794628
0.341537 0.73362
0.341154 0.6751
0.340772 0.614194
0.340391 0.553339
0.340011 0.494967
0.339632 0.434214
0.339253 0.375939
0.338875 0.315287
0.338498 0.254686
0.338122 0.196557
0.337747 0.136056
0.337372 0.0756067
0.336999 0.017623
0.336626 0.958968
0.336254 0.898669
0.335883 0.840829
0.335513 0.78063
0.335143 0.722885
0.334774 0.662784
0.334407 0.602734
0.33404 0.545132
0.333673 0.48518
0.333308 0.425277
0.332943 0.367818
0.332579 0.308013
0.332216 0.248259
0.331854 0.19094
0.331493 0.131283
0.331132 0.0716742
0.330772 0.0144966
0.330413 0.957156
0.330054 0.900071
0.329697 0.840656
0.32934 0.781289
0.328984 0.724343
0.328629 0.665072
0.328274 0.60585
0.327921 0.549043
0.327568 0.489915
0.327215 0.430837
0.326864 0.374167
0.326513 0.315183
0.326163 0.258603
0.325814 0.199713
0.326502 0.267327
0.32719 0.335529
0.32786 0.404104
0.328538 0.474118
0.329174 0.536824
0.329836 0.604169
0.330465 0.668479
0.3311 0.731035
0.33172 0.793967
0.332314 0.854299
0.332918 0.913735
0.333523 0.97482
0.334098 1.03119
0.334666 1.08774
0.335218 1.14317
0.335771 1.19688
0.336274 1.24631
0.336811 1.29993
0.337333 1.35034
0.337824 1.39882
0.338359 1.45189
0.338871 1.5005
0.339369 1.55034
0.339872 1.59824
0.34033 1.64317
0.340753 1.68324
0.341245 1.7304
0.341717 1.77669
0.342153 1.81875
0.342633 1.86455
0.343099 1.91094
0.343382 1.93788
0.343694 1.96793
0.344 1.99818
0.344278 2.02216
0.344549 2.04779
0.34485 2.07715
0.345159 2.10755
0.345437 2.13438
0.34571 2.16058
0.345991 2.18677
0.346273 2.21398
0.346559 2.24139
0.346849 2.26712
0.347105 2.29221
0.347374 2.3175
0.347627 2.34153
0.347892 2.36638
0.348148 2.38997
0.348432 2.41769
0.348707 2.44436
0.348967 2.46667
0.349243 2.49311
0.349488 2.51664
0.349745 2.5416
0.350038 2.56964
0.35031 2.59643
0.350539 2.61744
0.35077 2.63844
0.351009 2.65964
0.35124 2.68041
0.351498 2.70487
0.351716 2.72541
0.351959 2.74841
0.352184 2.76852
0.352433 2.79252
0.352666 2.81384
0.352906 2.83659
0.353157 2.85953
0.353397 2.88184
0.353636 2.90496
0.353841 2.92295
0.354065 2.9438
0.354252 2.95994
0.354466 2.97933
0.35468 2.99913
0.354966 3.02503
0.35522 3.04765
0.355456 3.06863
0.355707 3.09123
0.355944 3.1132
0.356185 3.13495
0.356409 3.15507
0.356643 3.17558
0.356885 3.19811
0.357123 3.21859
0.357355 3.24008
0.357555 3.25791
0.357739 3.27431
0.357966 3.29455
0.358183 3.31458
0.35837 3.33116
0.358575 3.35076
0.35884 3.37499
0.359089 3.39679
0.359333 3.41877
0.359581 3.44074
0.359854 3.46612
0.36012 3.49068
0.360371 3.51281
0.360581 3.5305
0.360817 3.55199
0.361059 3.57327
0.361302 3.59514
0.361533 3.61639
0.361759 3.63623
0.362009 3.65906
0.362235 3.67867
0.362457 3.69806
0.362647 3.71285
0.362865 3.73182
0.363075 3.75038
0.363283 3.76753
0.363491 3.78607
0.363675 3.80041
0.363886 3.81872
0.364096 3.83742
0.364304 3.85531
0.364494 3.87101
0.364726 3.89165
0.364927 3.90852
0.365108 3.92378
0.365316 3.94182
0.365513 3.95885
0.365728 3.97745
0.365921 3.99406
0.366072 4.00394
0.366261 4.02053
0.366476 4.03829
0.366707 4.06137
0.366889 4.07635
0.367072 4.09152
0.36724 4.10511
0.367411 4.11888
0.36761 4.13598
0.367799 4.15131
0.367963 4.16525
0.368144 4.18017
0.36832 4.19429
0.368509 4.21055
0.36868 4.22563
0.368858 4.24012
0.369016 4.25244
0.369197 4.2673
0.369355 4.28019
0.369532 4.29483
0.369713 4.31083
0.369884 4.3239
0.370053 4.33812
0.370175 4.3465
0.37034 4.35993
0.370506 4.37373
0.370675 4.38656
0.370857 4.40307
0.371036 4.41899
0.371189 4.43102
0.371376 4.44731
0.371515 4.45758
0.371663 4.46919
0.371838 4.48409
0.371982 4.49512
0.372105 4.50401
0.372267 4.51676
0.372393 4.52525
0.372577 4.54223
0.37271 4.55129
0.372829 4.56015
0.372975 4.57151
0.373119 4.58306
0.373286 4.5969
0.373441 4.60939
0.373595 4.62245
0.373748 4.63455
0.373887 4.64586
0.374034 4.65718
0.374195 4.67078
0.374321 4.67978
0.374455 4.69011
0.374586 4.70082
0.374737 4.71267
0.374874 4.72356
0.375018 4.73482
0.375137 4.74321
0.375287 4.75541
0.375424 4.76608
0.375616 4.7815
0.375781 4.7933
0.375959 4.80774
0.376153 4.82313
0.376295 4.83223
0.37651 4.85044
0.376688 4.86483
0.376254 4.80124
0.37582 4.73467
0.375387 4.67024
0.374955 4.60586
0.374524 4.53946
0.374095 4.4752
0.373666 4.41099
0.373238 4.34476
0.372811 4.28066
0.372385 4.21662
0.37196 4.15262
0.371536 4.08663
0.371113 4.02274
0.370691 3.95892
0.37027 3.89309
0.36985 3.82937
0.369431 3.7657
0.369012 3.70004
0.368595 3.63649
0.368179 3.57298
0.367763 3.50749
0.367349 3.44409
0.366935 3.38075
0.366523 3.31542
0.366111 3.25219
0.3657 3.18901
0.36529 3.12385
0.364881 3.06077
0.364473 2.99775
0.364066 2.93275
0.36366 2.86983
0.363255 2.80697
0.362851 2.74213
0.362447 2.67937
0.362044 2.61667
0.361643 2.55401
0.361242 2.48939
0.360842 2.42684
0.360443 2.36434
0.360045 2.29988
0.359648 2.23749
0.359251 2.17514
0.358856 2.11084
0.358461 2.0486
0.358067 1.98641
0.357674 1.92227
0.357282 1.86018
0.356891 1.79815
0.356501 1.73416
0.356111 1.67223
0.355723 1.61035
0.355335 1.54652
0.354948 1.48474
0.354562 1.42301
0.354177 1.35934
0.353792 1.29771
0.353409 1.23613
0.353026 1.17261
0.352644 1.11113
0.352263 1.0497
0.351882 0.988317
0.351503 0.925007
0.351124 0.863725
0.350747 0.802492
0.350369 0.739335
0.349993 0.678202
0.349618 0.617117
0.349243 0.554113
0.348869 0.493127
0.348496 0.432189
0.348124 0.369336
0.347753 0.308497
0.347382 0.247705
0.347012 0.185003
0.346643 0.124309
0.346275 0.0636635
0.345908 0.00111147
0.345541 0.941405
0.345175 0.880904
0.34481 0.818501
0.344446 0.758096
0.344082 0.697739
0.343719 0.635484
0.343357 0.575223
0.342996 0.515009
0.342635 0.454841
0.342275 0.392782
0.341916 0.332711
0.341558 0.272685
0.3412 0.210773
0.340844 0.150842
0.340488 0.0909585
0.340132 0.0291915
0.339778 0.971075
0.339424 0.911332
0.339071 0.84971
0.338719 0.79006
0.338367 0.730456
0.338016 0.668978
0.337666 0.609467
0.337316 0.550003
0.336968 0.488668
0.33662 0.429296
0.336272 0.369969
0.335926 0.308776
0.33558 0.249542
0.335235 0.190353
0.33489 0.129302
0.334547 0.0702046
0.334204 0.0111522
0.333861 0.952417
0.33352 0.891553
0.333179 0.832637
0.332839 0.773765
0.332499 0.713041
0.33216 0.65426
0.331822 0.595523
0.331485 0.534938
0.331148 0.476292
0.330812 0.417689
0.330593 0.378016
0.330375 0.340251
0.330157 0.300617
0.329939 0.262889
0.329722 0.22518
0.329505 0.185604
0.329288 0.147932
0.329072 0.108396
0.328855 0.0707616
0.328639 0.033145
0.328424 0.994362
0.328208 0.956782
0.327993 0.917343
0.327778 0.879801
0.327564 0.842277
0.327349 0.802896
0.327136 0.765409
0.326922 0.726067
0.326708 0.688617
0.326495 0.651184
0.326282 0.6119
0.32607 0.574504
0.325857 0.535258
0.325645 0.4979
0.325434 0.460559
0.325222 0.42137
0.325011 0.384065
0.3248 0.344915
0.324589 0.307647
0.324379 0.270397
0.324169 0.231304
0.323959 0.19409
0.323749 0.155035
0.32354 0.117857
0.323331 0.0806973
0.323122 0.0416985
0.322959 0.0119982
0.322797 0.983301
0.322634 0.953624
0.322472 0.925811
0.32231 0.896155
0.322148 0.86651
0.321986 0.836877
0.321825 0.807254
0.321663 0.777643
0.321502 0.748043
0.321341 0.718454
0.32118 0.688877
0.321019 0.659311
0.320859 0.629755
0.320698 0.600211
0.320538 0.572524
0.320378 0.543001
0.320218 0.51349
0.320058 0.483989
0.319898 0.4545
0.319739 0.425022
0.319579 0.395555
0.31942 0.366099
0.319261 0.336654
0.319173 0.320096
0.319084 0.303542
0.318995 0.28883
0.318907 0.272282
0.318819 0.255737
0.31873 0.239197
0.318642 0.222659
0.318554 0.206125
0.318465 0.189595
0.318377 0.173068
0.318289 0.156545
0.318201 0.14186
0.318113 0.125343
0.318025 0.10883
0.317937 0.0923197
0.317849 0.0758133
0.317761 0.0593103
0.317673 0.0428108
0.317586 0.0263147
0.317498 0.0116544
0.31741 0.996336
0.317323 0.97985
0.317235 0.963367
0.317147 0.946888
0.31706 0.930412
0.316973 0.91394
0.316885 0.897471
0.316798 0.882835
0.316711 0.866373
0.316623 0.849914
0.316536 0.833459
0.316449 0.817007
0.316362 0.800558
0.316275 0.784113
0.316188 0.767672
0.316101 0.751234
0.316014 0.736625
0.315927 0.720193
0.315841 0.703765
0.315754 0.68734
0.315667 0.670919
0.31558 0.654501
0.315494 0.638086
0.315407 0.621675
0.315321 0.60709
0.315234 0.590685
0.315148 0.574284
0.315062 0.557886
0.314975 0.541492
0.314889 0.525101
0.314803 0.508713
0.314717 0.492329
0.31463 0.477768
0.314544 0.461391
0.314458 0.445016
0.314372 0.428645
0.314286 0.412278
0.3142 0.395914
0.314115 0.379553
0.314029 0.363196
0.313943 0.346842
0.313857 0.332308
0.313772 0.31596
0.313745 0.310512
0.313718 0.305064
0.313692 0.299616
0.313666 0.295984
0.31364 0.290537
0.313614 0.285091
0.313587 0.28146
0.313561 0.276014
0.313535 0.270568
0.313509 0.265123
0.313483 0.261493
0.313456 0.256048
0.31343 0.250604
0.313404 0.246975
0.313378 0.241531
0.313352 0.236088
0.313326 0.230645
0.313299 0.227016
0.313273 0.221574
0.313247 0.216132
0.313221 0.212504
0.313195 0.207063
0.313169 0.201622
0.313143 0.196182
0.313116 0.192555
0.31309 0.187115
0.313064 0.181676
0.313038 0.176236
0.313012 0.17261
0.312986 0.167172
0.31296 0.161734
0.312934 0.158109
0.312908 0.152671
0.312882 0.147234
0.312855 0.141797
0.312829 0.138173
0.312803 0.132737
0.312777 0.127301
0.312751 0.123677
0.312725 0.118242
0.312699 0.112807
0.312673 0.107373
0.312647 0.10375
0.312621 0.0983165
0.312595 0.0928831
0.312569 0.089261
0.312543 0.0838282
0.312517 0.0783958
0.312491 0.0729638
0.312465 0.0693426
0.312439 0.0639112
0.312413 0.0584802
0.312387 0.0530495
0.312361 0.0494293
0.312335 0.0439993
0.312309 0.0385696
0.312283 0.0349501
0.312257 0.029521
0.312314 0.0339626
0.312371 0.0408713
0.312428 0.0454769
0.312486 0.0523848
0.312543 0.0592923
0.312599 0.063897
0.312656 0.0706392
0.312713 0.0775454
0.312768 0.0841223
0.312825 0.0887259
0.312882 0.0956308
0.312939 0.102535
0.312995 0.106974
0.31305 0.113549
0.313105 0.120287
0.313163 0.12719
0.31322 0.131792
0.313277 0.138694
0.313332 0.145431
0.313388 0.152167
0.313445 0.156768
0.313497 0.163011
0.313553 0.169746
0.313608 0.174017
0.313664 0.180916
0.313719 0.18765
0.313771 0.191921
0.313827 0.198654
0.313878 0.205059
0.313932 0.209492
0.313986 0.216224
0.31404 0.222956
0.314092 0.227225
0.314145 0.233627
0.314197 0.240194
0.314247 0.244298
0.314301 0.250699
0.314355 0.25513
0.314409 0.261859
0.314463 0.268588
0.314509 0.27269
0.314561 0.278434
0.314615 0.285161
0.314666 0.289263
0.314719 0.295825
0.31477 0.302223
0.31482 0.30616
0.314873 0.312721
0.314927 0.319446
0.31498 0.323874
0.315035 0.330598
0.315089 0.33519
0.31514 0.341586
0.315193 0.34798
0.315247 0.352407
0.315298 0.358802
0.31535 0.365523
0.315404 0.369785
0.315453 0.37585
0.315505 0.382243
0.315558 0.386668
0.31561 0.39306
0.315663 0.397649
0.315714 0.40404
0.315764 0.409939
0.315814 0.414199
0.315863 0.419934
0.315915 0.426651
0.315992 0.435006
0.316065 0.443032
0.31614 0.449256
0.316214 0.457445
0.316289 0.466125
0.316368 0.474312
0.316444 0.48299
0.316516 0.490685
0.316591 0.499197
0.316665 0.507218
0.316742 0.515729
0.316816 0.524076
0.316886 0.531603
0.316964 0.540276
0.317024 0.546002
0.317084 0.551565
0.317145 0.559417
0.317215 0.566288
0.317282 0.57283
0.317341 0.580681
0.317403 0.586569
0.317468 0.592619
0.317525 0.600141
0.317586 0.606027
0.317646 0.613711
0.317707 0.619596
0.317767 0.624991
0.317826 0.632673
0.317885 0.638557
0.317946 0.644277
0.318009 0.652121
0.318072 0.658331
0.318134 0.664376
0.318196 0.672218
0.318273 0.679733
0.318349 0.687084
0.318431 0.697211
0.318513 0.705213
0.318588 0.714685
0.318665 0.722032
0.318742 0.729869
0.318818 0.739011
0.3189 0.747663
0.318975 0.754518
0.319051 0.763821
0.319134 0.772143
0.319208 0.779486
0.319292 0.789602
0.319363 0.796617
0.31944 0.805915
0.319514 0.812928
0.319583 0.819778
0.319659 0.82891
0.319738 0.836737
0.319811 0.843748
0.319893 0.853855
0.319971 0.861354
0.320053 0.869667
0.320134 0.879934
0.320206 0.886942
0.320272 0.893297
0.320347 0.902095
0.320423 0.909426
0.320498 0.918711
0.320577 0.926366
0.320652 0.933695
0.320721 0.942326
0.320797 0.949491
0.320864 0.955841
0.320938 0.965283
0.321016 0.973097
0.321086 0.980096
0.321164 0.989536
0.321237 0.996534
0.321313 1.00434
0.321387 1.01329
0.321455 1.0198
0.321529 1.02712
0.321599 1.03574
0.321675 1.04322
0.321748 1.05054
0.321823 1.05981
0.321898 1.06713
0.32197 1.07461
0.322041 1.08143
0.322109 1.08989
0.322185 1.09736
0.322256 1.10419
0.322329 1.11345
0.322394 1.12011
0.32246 1.1258
0.322536 1.13522
0.322611 1.14253
0.322682 1.14951
0.322756 1.15877
0.322825 1.16527
0.322892 1.17257
0.322967 1.18102
0.323032 1.18751
0.323091 1.19319
0.323199 1.2039
0.323305 1.21705
0.323408 1.22808
0.323508 1.2383
0.323607 1.24869
0.323707 1.25907
0.323809 1.26961
0.323905 1.27966
0.324008 1.29004
0.324095 1.2996
0.324195 1.31111
0.324284 1.32018
0.324383 1.33023
0.324479 1.3406
0.324568 1.34935
0.324667 1.35955
0.324768 1.37073
0.32486 1.37963
0.324956 1.39129
0.325055 1.40165
0.325146 1.41104
0.325234 1.41978
0.325322 1.42852
0.325413 1.4379
0.325505 1.44728
0.325599 1.4565
0.325693 1.46831
0.325783 1.47752
0.32588 1.48739
0.325968 1.49612
0.326058 1.50549
0.326158 1.51632
0.326255 1.52618
0.326345 1.53506
0.32644 1.54476
0.326531 1.55623
0.326619 1.56527
0.326705 1.57351
0.326798 1.58303
0.32689 1.59256
0.326983 1.6024
0.327069 1.61112
0.327161 1.62032
0.327237 1.62951
0.327323 1.6379
0.327418 1.6479
0.327501 1.65629
0.327598 1.66613
0.327677 1.67435
0.327773 1.68419
0.327868 1.69353
0.32795 1.70369
0.328041 1.71304
0.328137 1.72303
0.328228 1.73253
0.328317 1.74155
0.328406 1.75057
0.328487 1.75927
0.328578 1.76861
0.328662 1.7765
0.328746 1.78664
0.328839 1.79613
0.328926 1.80531
0.329007 1.81303
0.329092 1.82204
0.32917 1.8296
0.32925 1.8378
0.329319 1.8444
0.329402 1.8526
0.329486 1.86112
0.329574 1.87173
0.329658 1.88041
0.329749 1.88973
0.329832 1.89809
0.329926 1.90805
0.330006 1.91624
0.330078 1.92315
0.330156 1.93102
0.330229 1.93857
0.330304 1.94579
0.330374 1.95237
0.330451 1.95992
0.330529 1.96794
0.330615 1.97789
0.330701 1.98704
0.330774 1.9941
0.330858 2.0026
0.330936 2.01046
0.331011 2.01816
0.331092 2.02601
0.331174 2.03451
0.331248 2.04205
0.331321 2.04974
0.331396 2.05567
0.331462 2.06304
0.331534 2.06977
0.331613 2.07762
0.33169 2.08595
0.331753 2.09171
0.331835 2.10116
0.331908 2.10853
0.331992 2.11685
0.332063 2.12421
0.332144 2.1319
0.332216 2.13974
0.332285 2.14598
0.332372 2.15462
0.332312 2.14614
0.332392 2.15254
0.332454 2.15813
0.332534 2.16613
0.3326 2.17268
0.332684 2.18227
0.332744 2.18771
0.332807 2.19362
0.332883 2.20129
0.332952 2.20768
0.333024 2.21535
0.333101 2.22302
0.333172 2.22988
0.333245 2.23707
0.33331 2.24314
0.333386 2.25064
0.33346 2.25814
0.333529 2.26596
0.333609 2.2741
0.333683 2.28144
0.333755 2.28878
0.33383 2.29643
0.333901 2.30313
0.333986 2.31174
0.334067 2.31876
0.334142 2.32609
0.334233 2.3355
0.334314 2.34394
0.334392 2.35207
0.334477 2.36115
0.334551 2.36832
0.334637 2.37708
0.334731 2.38711
0.3348 2.393
0.334884 2.40128
0.334959 2.40876
0.335042 2.41735
0.335139 2.42754
0.335228 2.43708
0.33531 2.44552
0.335387 2.45331
0.335466 2.46015
0.335546 2.46842
0.335628 2.47652
0.335742 2.48797
0.335872 2.50068
0.336001 2.51419
0.336096 2.52308
0.336219 2.53483
0.336348 2.54817
0.336459 2.55928
0.336592 2.57261
0.336713 2.58371
0.33682 2.59371
0.336927 2.6037
0.337048 2.6167
0.337165 2.62747
0.337288 2.63999
0.337381 2.64855
0.33751 2.66185
0.337632 2.67373
0.337762 2.68702
0.337872 2.69779
0.337975 2.70744
0.338094 2.71946
0.338211 2.72974
0.338321 2.74097
0.338449 2.7533
0.338553 2.76373
0.338671 2.77526
0.338786 2.78664
0.338898 2.79769
0.338997 2.80732
0.339116 2.81916
0.339231 2.83053
0.339335 2.83905
0.339443 2.85009
0.339551 2.86081
0.339653 2.87059
0.339751 2.88005
0.339854 2.8895
0.339963 2.90006
0.340068 2.9103
0.340174 2.92069
0.340279 2.92935
0.340382 2.94037
0.340488 2.95076
0.34059 2.9602
0.340644 2.96507
0.340709 2.97058
0.340757 2.97545
0.340816 2.98033
0.340859 2.98442
0.340916 2.98882
0.340975 2.99495
0.341038 3.00076
0.34109 3.00548
0.341139 3.00925
0.341203 3.01584
0.341249 3.01993
0.341321 3.02668
0.341384 3.03265
0.341446 3.03877
0.341506 3.04426
0.341576 3.0518
0.34163 3.05588
0.341687 3.06184
0.34176 3.06827
0.341858 3.07831
0.341938 3.08615
0.342028 3.09431
0.342129 3.10497
0.342226 3.11406
0.342316 3.12189
0.342416 3.13192
0.342516 3.14179
0.342597 3.14962
0.342689 3.15823
0.342772 3.16621
0.342864 3.17513
0.342974 3.18577
0.343075 3.19609
0.343167 3.20485
0.343246 3.21189
0.343339 3.22158
0.343429 3.23018
0.343518 3.23815
0.343608 3.24674
0.343695 3.25517
0.34378 3.26314
0.343864 3.27126
0.343958 3.27922
0.344037 3.28733
0.344133 3.29685
0.344202 3.30294
0.344281 3.30995
0.344366 3.31666
0.34445 3.32539
0.344524 3.33225
0.344606 3.33973
0.344691 3.34783
0.344777 3.35531
0.344866 3.36387
0.344946 3.37182
0.345023 3.37882
0.345096 3.3852
0.34518 3.3922
0.345246 3.39874
0.345326 3.40543
0.345419 3.41476
0.345505 3.42315
0.345594 3.43108
0.345672 3.43792
0.345748 3.44507
0.345831 3.45346
0.345908 3.46045
0.345981 3.46588
0.346072 3.47535
0.346133 3.48032
0.346213 3.48792
0.346281 3.49366
0.346361 3.50002
0.346423 3.50545
0.346497 3.51228
0.346573 3.51956
0.346659 3.52778
0.346724 3.53289
0.34678 3.53707
0.346851 3.54373
0.346915 3.54869
0.346997 3.55643
0.347065 3.56154
0.347134 3.56804
0.347214 3.57562
0.347288 3.58197
0.347371 3.59016
0.347446 3.5965
0.347522 3.60346
0.3476 3.61088
0.347677 3.61815
0.347753 3.6251
0.347834 3.63205
0.347913 3.63993
0.347978 3.64564
0.348039 3.65012
0.348118 3.65784
0.348196 3.66432
0.348281 3.67327
0.348354 3.68021
0.348442 3.68807
0.348525 3.6964
0.348584 3.70087
0.348659 3.70735
0.348729 3.71366
0.348803 3.7206
0.348877 3.72753
0.34895 3.73354
0.349027 3.74108
0.34909 3.74678
0.349165 3.75339
0.34923 3.75893
0.349303 3.76555
0.34937 3.77063
0.349455 3.77939
0.349533 3.78646
0.349607 3.79369
0.34968 3.79984
0.349743 3.80537
0.349821 3.81274
0.349883 3.81812
0.349953 3.82426
0.350028 3.8301
0.350086 3.83562
0.350158 3.84207
0.350228 3.84851
0.350298 3.85495
0.350377 3.86155
0.350436 3.8663
0.350504 3.87305
0.350571 3.87903
0.350632 3.88408
0.350667 3.8873
0.350689 3.88868
0.350726 3.89159
0.350764 3.89634
0.350791 3.89818
0.350823 3.90063
0.350858 3.90431
0.350884 3.90676
0.350916 3.90936
0.350938 3.91135
0.350965 3.9138
0.350989 3.91518
0.351019 3.91824
0.351046 3.92007
0.351076 3.92329
0.351104 3.92574
0.351138 3.92834
0.351176 3.93232
0.351201 3.93461
0.351227 3.9366
0.351252 3.93889
0.35128 3.94119
0.35131 3.94348
0.351269 3.93721
0.351228 3.93048
0.351186 3.92376
0.351145 3.91703
0.351104 3.90862
0.351063 3.9019
0.351022 3.89517
0.350982 3.88845
0.350941 3.88172
0.3509 3.87332
0.350859 3.8666
0.350818 3.85988
0.350777 3.85316
0.350737 3.84643
0.350696 3.83803
0.350655 3.83132
0.350616 3.8246
0.350578 3.81788
0.35054 3.81116
0.350501 3.80444
0.350463 3.79773
0.350424 3.79101
0.350386 3.78597
0.350348 3.77926
0.350309 3.77254
0.350271 3.76583
0.350232 3.75912
0.350194 3.7524
0.350156 3.74569
0.350117 3.73898
0.350079 3.73227
0.350041 3.72556
0.350002 3.71885
0.349964 3.71214
0.349926 3.70543
0.349887 3.69872
0.349849 3.69201
0.349811 3.68531
0.349773 3.6786
0.349734 3.67189
0.349696 3.66519
0.349658 3.65848
0.34962 3.65178
0.349581 3.64507
0.349543 3.63837
0.349505 3.63167
0.349467 3.62496
0.349429 3.61994
0.34939 3.61324
0.349352 3.60654
0.349314 3.59984
0.349276 3.59314
0.349238 3.58644
0.3492 3.57974
0.349161 3.57304
0.349123 3.56634
0.349085 3.55965
0.349047 3.55295
0.349009 3.54625
0.348971 3.53956
0.348933 3.53286
0.348895 3.52617
0.348858 3.51948
0.34882 3.51278
0.348782 3.50609
0.348745 3.4994
0.348707 3.49438
0.348669 3.48769
0.348632 3.481
0.348594 3.47431
0.348557 3.46762
0.348519 3.46093
0.348481 3.45424
0.348444 3.44756
0.348406 3.44087
0.348369 3.43418
0.348331 3.4275
0.348293 3.42081
0.348256 3.4158
0.348218 3.40911
0.348181 3.40243
0.348143 3.39574
0.348106 3.38906
0.348068 3.38238
0.348031 3.3757
0.347993 3.36902
0.347956 3.36234
0.347918 3.35566
0.347881 3.34898
0.347843 3.3423
0.347806 3.33562
0.347768 3.33061
0.347731 3.32393
0.347694 3.31726
0.347656 3.31058
0.347619 3.3039
0.347581 3.29723
0.347544 3.29055
0.347506 3.28388
0.347469 3.27721
0.347432 3.27053
0.347394 3.26386
0.347357 3.25719
0.34732 3.25219
0.347282 3.24551
0.347245 3.23884
0.347208 3.23217
0.34717 3.2255
0.347133 3.21884
0.347096 3.21217
0.347058 3.2055
0.347021 3.19883
0.346984 3.19217
0.346946 3.1855
0.346909 3.17883
0.346872 3.17384
0.346835 3.16717
0.346799 3.16051
0.346762 3.15384
0.346794 3.15566
0.346832 3.1593
0.346857 3.16187
0.346888 3.16475
0.34692 3.16792
0.346951 3.17004
0.346969 3.17171
0.347005 3.17504
0.347036 3.17852
0.347067 3.18124
0.347098 3.18412
0.347135 3.18775
0.347163 3.19062
0.347195 3.19289
0.34723 3.19652
0.347261 3.1997
0.347225 3.19456
0.347188 3.1879
0.347151 3.18125
0.347114 3.1746
0.347077 3.16794
0.34704 3.16296
0.347004 3.1563
0.346967 3.14965
0.34693 3.143
0.346956 3.14406
0.346991 3.14739
0.347015 3.14935
0.347047 3.15252
0.347073 3.15494
0.347101 3.1566
0.347127 3.15872
0.347159 3.16234
0.347192 3.16536
0.347228 3.16959
0.347261 3.17231
0.34729 3.17533
0.347322 3.1785
0.347353 3.18152
0.347392 3.18514
0.347425 3.18786
0.347464 3.19178
0.347503 3.19495
0.347543 3.19963
0.347585 3.20355
0.347634 3.20838
0.34767 3.21185
0.347713 3.21592
0.347755 3.21969
0.347794 3.22271
0.347826 3.22573
0.34787 3.2307
0.347913 3.23462
0.347951 3.23824
0.347999 3.24276
0.348033 3.24563
0.348073 3.24954
0.348117 3.25346
0.348166 3.25873
0.348212 3.26325
0.348253 3.26762
0.348292 3.27094
0.348327 3.27425
0.348373 3.27907
0.348447 3.2866
0.348506 3.29262
0.348544 3.29563
0.348593 3.29939
0.348646 3.30436
0.348697 3.30947
0.348737 3.31293
0.3488 3.31805
0.348851 3.32391
0.348899 3.32843
0.34895 3.33264
0.349004 3.33805
0.349066 3.34466
0.349128 3.35052
0.349179 3.35533
0.349227 3.35984
0.349295 3.3675
0.349343 3.37156
0.349385 3.37501
0.349439 3.38057
0.349488 3.38477
0.349541 3.39018
0.349589 3.39483
0.349652 3.40024
0.349697 3.40474
0.349743 3.40894
0.34968 3.39949
0.349617 3.38794
0.349553 3.37639
0.34949 3.36649
0.349427 3.35494
0.349364 3.3434
0.349301 3.3335
0.349238 3.32196
0.349175 3.31042
0.349112 3.30053
0.349049 3.28899
0.348986 3.27746
0.348923 3.26757
0.34886 3.25604
0.348797 3.24451
0.348735 3.23298
0.348672 3.2231
0.348609 3.21157
0.348546 3.20005
0.348483 3.19017
0.348421 3.17865
0.348358 3.16713
0.348295 3.15726
0.348232 3.14574
0.34817 3.13422
0.348107 3.12435
0.348045 3.11284
0.347982 3.10133
0.347919 3.09147
0.347857 3.07996
0.347794 3.06845
0.347732 3.05859
0.347669 3.04709
0.347607 3.03559
0.347545 3.02573
0.347482 3.01423
0.34742 3.00274
0.347357 2.99288
0.347295 2.98139
0.347233 2.9699
0.347286 2.97452
0.347343 2.9796
0.347404 2.98616
0.34747 2.99302
0.34753 2.99794
0.347583 3.00376
0.347638 3.00958
0.347696 3.01464
0.347763 3.02165
0.347825 3.02866
0.347876 3.03268
0.347935 3.03879
0.347989 3.0446
0.348049 3.04981
0.348105 3.05562
0.348164 3.06203
0.348211 3.0659
0.348268 3.07141
0.348322 3.07691
0.348252 3.0659
0.348183 3.0528
0.348113 3.04135
0.348043 3.02825
0.347974 3.0168
0.347904 3.00371
0.347835 2.99226
0.347765 2.98081
0.347695 2.96773
0.347626 2.95628
0.347557 2.9432
0.347487 2.93176
0.347418 2.91869
0.347489 2.92478
0.347561 2.93235
0.347633 2.93948
0.347697 2.94631
0.347755 2.95121
0.347818 2.95848
0.34787 2.96264
0.347928 2.96872
0.347989 2.97407
0.348045 2.97941
0.348116 2.98653
0.348169 2.99201
0.348237 2.99824
0.348309 3.0064
0.348371 3.01173
0.348432 3.01826
0.348486 3.02315
0.348545 3.02907
0.348606 3.03455
0.348673 3.04122
0.348733 3.047
0.348794 3.05307
0.348864 3.06047
0.348926 3.06595
0.348998 3.07454
0.349065 3.08031
0.349122 3.08667
0.349186 3.09303
0.349234 3.09718
0.349299 3.10339
0.349364 3.10945
0.349434 3.11758
0.349487 3.12187
0.349557 3.12971
0.349612 3.13458
0.349668 3.14005
0.349735 3.14715
0.349795 3.15306
0.349855 3.15867
0.349928 3.16591
0.350002 3.17388
0.350074 3.18156
0.350127 3.18687
0.350192 3.19278
0.350256 3.20001
0.350309 3.20473
0.350368 3.2099
0.350427 3.21653
0.350493 3.22302
0.350558 3.22951
0.350613 3.23438
0.350678 3.2416
0.350737 3.2472
0.350794 3.2531
0.350857 3.259
0.350915 3.26459
0.350975 3.27078
0.35104 3.27712
0.351095 3.28271
0.35117 3.29008
0.351227 3.29626
0.351283 3.30156
0.35134 3.3073
0.351397 3.31216
0.351465 3.31849
0.351525 3.3254
0.351583 3.3307
0.351639 3.33673
0.351704 3.34305
0.351758 3.34864
0.351812 3.35334
0.351863 3.35805
0.351925 3.36407
0.351978 3.36936
0.352022 3.37333
0.352079 3.37833
0.352129 3.38361
0.352185 3.38905
0.352244 3.39463
0.352314 3.40212
0.352371 3.4074
0.352419 3.41225
0.352465 3.41606
0.352519 3.42047
0.35259 3.42853
0.352646 3.43382
0.352708 3.44056
0.352753 3.44438
0.352788 3.44746
0.352847 3.45273
0.352915 3.45948
0.352976 3.46637
0.353033 3.4715
0.353092 3.47721
0.35314 3.48205
0.353201 3.48776
0.353264 3.49464
0.353321 3.49991
0.353381 3.50606
0.353427 3.51031
0.353487 3.51617
0.353528 3.52012
0.353565 3.5226
0.353623 3.52758
0.353664 3.53197
0.353717 3.53636
0.353765 3.54162
0.35382 3.54659
0.35388 3.5523
0.353934 3.55785
0.353993 3.56355
0.354042 3.56852
0.354086 3.57217
0.354135 3.57627
0.354186 3.58138
0.354232 3.58591
0.354281 3.59029
0.354345 3.597
0.354396 3.60153
0.35444 3.60562
0.354483 3.60883
0.354525 3.61292
0.35457 3.61685
0.354608 3.61948
0.354647 3.62298
0.354696 3.62677
0.354739 3.63144
0.35478 3.63436
0.354835 3.6399
0.354877 3.64369
0.354924 3.64777
0.354972 3.65258
0.355029 3.65797
0.355078 3.66205
0.35513 3.66744
0.35519 3.67355
0.35524 3.6785
0.355298 3.68404
0.355333 3.68666
0.355388 3.69219
0.355425 3.6951
0.35547 3.69961
0.355523 3.70383
0.355571 3.70819
0.355626 3.7143
0.35568 3.71939
0.355716 3.72245
0.35577 3.72768
0.35582 3.73175
0.355873 3.73757
0.355923 3.74207
0.355977 3.74759
0.356027 3.75239
0.356067 3.75573
0.356118 3.76038
0.356165 3.76473
0.356201 3.76793
0.356249 3.77243
0.356297 3.77649
0.356344 3.78056
0.356395 3.78578
0.356441 3.79042
0.356487 3.79463
0.356531 3.7984
0.356577 3.80304
0.356624 3.80768
0.35668 3.81276
0.356727 3.81711
0.356771 3.82088
0.356805 3.82407
0.356857 3.8287
0.356897 3.83232
0.35693 3.83479
0.356969 3.83812
0.357012 3.84203
0.357055 3.84608
0.357094 3.84941
0.35713 3.85231
0.357174 3.85636
0.357207 3.85897
0.357246 3.8623
0.35728 3.86505
0.357332 3.87025
0.357381 3.87503
0.357412 3.8772
0.357464 3.8824
0.357499 3.88515
0.357557 3.89021
0.357607 3.89541
0.357653 3.89975
0.357702 3.90394
0.357749 3.90842
0.357799 3.91275
0.35784 3.91608
0.357888 3.9207
0.357924 3.92344
0.357961 3.92662
0.358013 3.93138
0.358057 3.9347
0.3581 3.93889
0.358141 3.94221
0.358202 3.94855
0.358245 3.95259
0.358282 3.95548
0.358323 3.95836
0.358367 3.96211
0.358416 3.9673
0.358466 3.97206
0.3585 3.97479
0.358545 3.97811
0.358598 3.98358
0.358661 3.98949
0.358707 3.99395
0.358753 3.99784
0.358796 4.00144
0.358852 4.00691
0.35891 4.01238
0.35896 4.01699
0.359003 4.02116
0.359044 4.02375
0.359095 4.02878
0.359142 4.03267
0.359189 4.03698
0.359236 4.04101
0.359299 4.04632
0.359329 4.04905
0.359375 4.05337
0.359416 4.05638
0.359471 4.06155
0.359518 4.06586
0.359562 4.07003
0.359619 4.07491
0.359665 4.07907
0.359714 4.08367
0.359749 4.08539
0.3598 4.09098
0.359861 4.09629
0.359901 4.09973
0.359943 4.10346
0.360001 4.1092
0.360043 4.11235
0.360097 4.11723
0.360134 4.12024
0.360177 4.12396
0.360222 4.12754
0.360268 4.13213
0.360324 4.13743
0.360379 4.1423
0.360437 4.14845
0.360493 4.15346
0.36055 4.15962
0.360598 4.1632
0.360639 4.16735
0.360684 4.17092
0.360711 4.17264
0.360753 4.17593
0.360803 4.18079
0.360857 4.18537
0.3609 4.18923
0.360936 4.19194
0.360977 4.1948
0.361016 4.19794
0.360938 4.1858
0.360859 4.17166
0.360781 4.15909
0.360702 4.14496
0.360623 4.13239
0.360545 4.11826
0.360467 4.10413
0.360388 4.09158
0.36031 4.07745
0.360231 4.0649
0.360153 4.05078
0.360075 4.03666
0.359996 4.02412
0.359918 4.01001
0.35984 3.99746
0.359762 3.98336
0.359684 3.96925
0.359606 3.95671
0.359528 3.94261
0.35945 3.93008
0.359372 3.91598
0.359294 3.90189
0.359216 3.88936
0.359138 3.87527
0.35906 3.86275
0.358982 3.84867
0.358904 3.83458
0.358827 3.82207
0.358749 3.80799
0.358671 3.79548
0.358594 3.7814
0.358516 3.76733
0.358439 3.75483
0.358361 3.74076
0.358283 3.72826
0.358206 3.7142
0.358129 3.70014
0.358051 3.68764
0.357974 3.67359
0.357896 3.66109
0.357819 3.64704
0.357742 3.633
0.357665 3.62051
0.357587 3.60647
0.35751 3.59398
0.357433 3.57994
0.357356 3.56591
0.357279 3.55343
0.357202 3.5394
0.357125 3.52693
0.357048 3.5129
0.356971 3.49887
0.356894 3.48641
0.356817 3.47239
0.35674 3.45993
0.356663 3.44591
0.356587 3.4319
0.35651 3.41944
0.356433 3.40543
0.356357 3.39298
0.35628 3.37897
0.356203 3.36497
0.356127 3.35253
0.35605 3.33853
0.355974 3.32609
0.355897 3.31209
0.355821 3.2981
0.355744 3.28566
0.355668 3.27168
0.355592 3.25925
0.355515 3.24526
0.355439 3.23128
0.355363 3.21886
0.355286 3.20488
0.35521 3.19246
0.355134 3.17849
0.355058 3.16452
0.354982 3.1521
0.354906 3.13814
0.35483 3.12573
0.354754 3.11177
0.354678 3.09781
0.354602 3.0854
0.354526 3.07145
0.35445 3.05905
0.354374 3.0451
0.354299 3.03115
0.354223 3.01876
0.354147 3.00482
0.354071 2.99242
0.353996 2.97849
0.35392 2.96455
0.353844 2.95217
0.353769 2.93823
0.353693 2.92585
0.353618 2.91193
0.353543 2.898
0.353468 2.88563
0.353393 2.87171
0.353318 2.85933
0.353243 2.84542
0.353168 2.83305
0.353093 2.81914
0.353018 2.80678
0.352943 2.79287
0.352868 2.77896
0.352794 2.76661
0.352719 2.75271
0.352644 2.74035
0.352569 2.72646
0.352495 2.71411
0.35242 2.70022
0.352345 2.68633
0.352271 2.67398
0.352196 2.6601
0.352122 2.64776
0.352047 2.63388
0.351973 2.62154
0.351898 2.60766
0.351824 2.59533
0.35175 2.58146
0.351675 2.56759
0.351601 2.55526
0.351527 2.5414
0.351453 2.52908
0.351378 2.51522
0.351304 2.5029
0.35123 2.48904
0.351156 2.47673
0.351082 2.46288
0.351008 2.44903
0.350934 2.43672
0.35086 2.42287
0.350786 2.41057
0.350712 2.39673
0.350638 2.38442
0.350564 2.37059
0.35049 2.35675
0.350417 2.34446
0.350343 2.33063
0.35027 2.31834
0.350196 2.30451
0.350123 2.29222
0.35005 2.2784
0.349976 2.26612
0.349903 2.2523
0.34983 2.24002
0.349757 2.22621
0.349684 2.21393
0.349611 2.20013
0.349537 2.18785
0.349464 2.17405
0.349391 2.16178
0.349318 2.14798
0.349245 2.13572
0.349173 2.12192
0.3491 2.10966
0.349027 2.09587
0.348954 2.08361
0.348881 2.06983
0.348808 2.05604
0.348736 2.04379
0.348663 2.03001
0.34859 2.01776
0.348517 2.00399
0.348445 1.99175
0.348372 1.97797
0.348293 1.9642
0.348214 1.95044
0.348135 1.93667
0.348056 1.92138
0.347977 1.90762
0.347899 1.89386
0.348002 1.90428
0.348108 1.91595
0.348201 1.92609
0.348297 1.93734
0.348396 1.94817
0.348492 1.95969
0.348576 1.96886
0.348657 1.97788
0.348745 1.98731
0.348833 1.99758
0.348931 2.00785
0.349025 2.01922
0.349114 2.02823
0.349188 2.03725
0.349266 2.04529
0.349354 2.05499
0.349437 2.06372
0.349516 2.07314
0.349588 2.08007
0.349692 2.09115
0.349797 2.1032
0.349908 2.11608
0.350008 2.12729
0.350108 2.13795
0.350217 2.14999
0.350311 2.16023
0.350421 2.17268
0.350519 2.18264
0.350618 2.19328
0.350726 2.20517
0.350829 2.21734
0.350926 2.22743
0.351025 2.23848
0.351134 2.25077
0.351222 2.25892
0.351325 2.27094
0.351424 2.28184
0.351521 2.29192
0.351613 2.30227
0.351716 2.31372
0.35182 2.32407
0.35192 2.33579
0.352012 2.34586
0.352112 2.35634
0.352215 2.36819
0.352302 2.37784
0.352407 2.38941
0.352502 2.39905
0.352605 2.41076
0.352703 2.4215
0.352789 2.43045
0.352886 2.44105
0.352979 2.45137
0.353072 2.46059
0.353168 2.47105
0.35326 2.48136
0.353345 2.49044
0.353444 2.50158
0.353551 2.51367
0.353658 2.52439
0.353749 2.5347
0.35384 2.54514
0.353938 2.55558
0.354026 2.56533
0.354109 2.57426
0.354196 2.58235
0.354289 2.5921
0.354381 2.60294
0.354474 2.61309
0.354569 2.62352
0.354656 2.63312
0.354745 2.64272
0.354894 2.65903
0.355026 2.67287
0.355175 2.68958
0.355317 2.70506
0.355461 2.72108
0.355581 2.7334
0.355721 2.74886
0.355871 2.76528
0.356008 2.78073
0.35613 2.79345
0.356259 2.80712
0.356393 2.82146
0.356534 2.83758
0.356673 2.85247
0.356792 2.86476
0.356913 2.87704
0.357027 2.88959
0.357162 2.90405
0.357272 2.9151
0.35741 2.92968
0.357551 2.94631
0.357688 2.9613
0.357819 2.97506
0.357952 2.98935
0.35807 3.00256
0.358199 3.01617
0.358314 3.02814
0.35845 3.04256
0.358566 3.05493
0.358689 3.06839
0.358813 3.08211
0.35893 3.09352
0.359039 3.10493
0.359157 3.11756
0.359274 3.13032
0.359394 3.1424
0.359508 3.15474
0.359614 3.16559
0.359734 3.1782
0.359846 3.18958
0.359965 3.20246
0.360073 3.2137
0.360187 3.22562
0.360288 3.23564
0.360389 3.24552
0.360506 3.25837
0.360621 3.27054
0.360729 3.28136
0.360848 3.29421
0.360962 3.30651
0.361077 3.31867
0.361172 3.32758
0.361289 3.34027
0.361376 3.34851
0.361485 3.35998
0.361588 3.37023
0.361705 3.38264
0.361808 3.39289
0.361906 3.40327
0.362012 3.41419
0.36212 3.42483
0.362214 3.43453
0.362321 3.44597
0.362422 3.4558
0.362515 3.46509
0.362616 3.47504
0.362724 3.48701
0.362831 3.49817
0.362927 3.50745
0.363052 3.52062
0.363165 3.53351
0.363267 3.54386
0.363377 3.5554
0.36348 3.56587
0.363588 3.57781
0.363699 3.58935
0.363788 3.5982
0.36389 3.60839
0.363982 3.61791
0.364078 3.62729
0.364169 3.63627
0.364264 3.64551
0.364338 3.6522
0.364428 3.6613
0.364519 3.66987
0.364612 3.67977
0.364725 3.6914
0.364812 3.70063
0.364901 3.70891
0.364986 3.7168
0.365087 3.72735
0.365181 3.73723
0.365275 3.74698
0.365363 3.75499
0.365453 3.76366
0.365539 3.77286
0.36564 3.78287
0.36572 3.79073
0.365808 3.79926
0.365893 3.80779
0.365961 3.81352
0.366066 3.82457
0.366158 3.83349
0.366263 3.84467
0.366348 3.85359
0.366439 3.86223
0.366532 3.87181
0.366613 3.87952
0.366704 3.88882
0.366794 3.89773
0.366882 3.90623
0.366955 3.91273
0.367053 3.92349
0.367131 3.93092
0.367216 3.93901
0.367292 3.94618
0.367359 3.95228
0.367448 3.96063
0.367524 3.96792
0.367605 3.976
0.367689 3.98408
0.367764 3.9911
0.367849 3.99971
0.367932 4.00712
0.368022 4.01678
0.368105 4.02511
0.368188 4.03305
0.368266 4.04071
0.368336 4.04627
0.368409 4.0534
0.368474 4.05908
0.368556 4.06701
0.368623 4.07295
0.368704 4.0806
0.36879 4.08957
0.368853 4.09459
0.368951 4.10527
0.369025 4.11173
0.369104 4.11951
0.369195 4.12913
0.369268 4.13571
0.369338 4.14203
0.369436 4.15217
0.369531 4.1627
0.36958 4.16612
0.369652 4.17283
0.369733 4.18059
0.369807 4.18782
0.369879 4.19426
0.369955 4.20175
0.370041 4.21042
0.370115 4.21738
0.370187 4.22434
0.370251 4.22972
0.370335 4.23838
0.370403 4.24481
0.370475 4.25124
0.370546 4.2574
0.370627 4.26579
0.370707 4.27392
0.370795 4.28282
0.370871 4.29003
0.370941 4.29618
0.371015 4.3039
0.371097 4.31202
0.371162 4.31791
0.371245 4.32601
0.371317 4.33242
0.371379 4.33817
0.371454 4.34562
0.371535 4.35398
0.371609 4.36091
0.371689 4.36861
0.371759 4.37514
0.371823 4.38127
0.371891 4.38767
0.371947 4.3921
0.372007 4.39679
0.372064 4.40188
0.37212 4.4067
0.372193 4.41322
0.372253 4.41856
0.372324 4.42533
0.3724 4.43249
0.372456 4.43835
0.372504 4.44303
0.372549 4.44784
0.372586 4.45071
0.372636 4.45539
0.372688 4.46072
0.372723 4.46358
0.372772 4.46813
0.372795 4.46943
0.372829 4.47203
0.372873 4.47541
0.372932 4.4819
