45
47
47
56
59
59
54
46
52
58
56
51
44
47
42
53
44
52
46
59
48
47
62
60
46
51
49
71
54
65
48
45
52
47
49
61
44
55
53
71
79
74
56
63
58
55
44
85
60
64
58
56
76
68
65
74
80
77
74
109
90
64
84
72
63
54
54
94
66
58
119
71
60
67
61
56
66
80
74
57
48
59
72
70
69
115
79
99
84
97
89
73
104
74
68
81
66
75
68
75
72
75
69
61
66
85
83
91
64
92
78
70
74
61
81
69
83
81
80
68
67
88
72
77
70
82
69
79
71
62
64
61
63
71
74
111
96
77
68
74
94
72
66
77
85
60
65
98
70
78
89
80
69
81
76
68
88
73
64
68
86
101
83
73
103
99
83
96
67
74
86
93
83
72
69
82
67
84
81
73
79
85
69
82
66
104
72
85
86
98
69
70
62
61
65
71
72
79
59
65
65
80
97
97
80
80
66
77
95
75
93
83
72
64
77
119
93
76
85
142
101
79
71
87
72
67
91
76
97
66
62
72
63
64
57
52
54
55
70
54
61
65
69
75
54
63
79
66
62
67
67
70
57
85
88
77
75
87
92
57
72
73
80
62
63
72
69
77
79
55
85
74
99
65
66
102
75
67
64
55
67
54
52
70
75
60
75
57
56
59
74
62
72
79
60
60
82
66
70
54
58
70
54
70
64
67
55
63
67
68
63
55
52
79
77
62
65
58
62
55
83
59
66
66
69
57
52
52
62
55
62
62
57
83
60
50
72
56
55
61
53
52
57
54
68
64
58
58
73
78
52
58
73
47
64
50
61
63
57
55
62
58
51
57
53
54
59
49
52
54
54
65
79
84
66
87
67
60
53
65
105
75
65
81
63
72
71
65
97
95
130
96
106
89
96
73
87
116
122
84
84
98
97
108
170
213
203
215
187
249
206
218
192
223
230
235
202
240
242
207
222
237
236
268
207
229
264
205
229
224
260
234
220
217
217
224
223
216
205
209
207
205
235
222
187
220
219
240
228
257
290
277
225
245
280
216
254
247
243
218
233
221
261
199
200
213
287
234
252
197
210
221
227
207
191
248
267
205
216
272
248
255
188
202
202
203
233
296
205
199
218
235
198
235
261
199
188
225
211
219
260
193
213
196
236
213
197
241
217
242
252
242
208
194
201
216
203
227
200
252
261
280
203
204
229
268
226
220
234
290
219
217
246
207
247
220
264
225
214
200
218
248
203
234
193
286
214
217
234
186
216
210
245
190
81
120
151
145
155
158
135
155
195
210
195
175
192
175
196
221
197
171
226
200
222
229
270
242
187
209
188
202
163
198
163
198
184
263
213
243
187
165
157
186
195
149
153
166
150
153
130
198
168
174
198
158
222
126
178
143
161
159
161
175
126
180
146
179
166
184
254
185
249
176
184
210
191
219
173
175
177
155
153
165
170
189
141
128
161
143
134
118
128
140
146
151
143
162
135
140
126
123
195
112
137
157
154
123
145
117
128
107
141
125
107
130
123
133
130
119
128
159
125
145
148
164
137
128
142
164
146
146
150
154
118
142
136
125
110
128
156
149
118
121
121
134
147
118
115
108
123
101
134
192
221
218
162
178
178
158
200
165
194
187
200
216
212
185
189
174
184
199
215
189
194
201
185
152
167
170
170
143
180
162
173
177
169
168
189
204
274
191
203
200
174
188
183
199
219
210
229
192
198
236
256
201
181
173
200
157
175
211
239
190
203
156
189
178
178
186
178
201
210
183
212
166
179
172
173
176
165
181
167
169
197
208
202
241
179
164
197
155
206
177
197
190
171
165
168
196
168
167
196
205
198
212
168
173
191
160
160
181
176
212
164
184
191
169
189
187
179
165
180
167
162
175
156
208
150
166
180
174
181
183
231
176
217
192
247
202
189
194
190
163
184
207
245
175
187
209
209
196
224
167
210
176
175
184
142
178
188
164
177
192
220
173
163
163
182
238
182
210
215
256
221
222
219
185
160
183
156
215
163
167
177
180
188
184
149
142
153
152
165
180
201
183
239
159
180
188
165
182
169
183
153
198
160
167
165
167
202
286
177
176
186
174
192
198
171
148
200
185
193
164
182
173
166
188
191
158
171
155
152
152
161
164
173
159
184
187
164
174
147
180
180
193
183
217
211
182
247
161
195
198
190
152
156
145
171
204
190
157
174
141
186
159
162
175
200
166
171
162
166
165
180
176
182
166
202
220
219
197
146
146
180
195
188
206
190
187
157
154
155
156
138
150
149
155
182
141
189
136
146
135
135
131
135
155
141
151
129
179
222
210
151
152
166
144
164
177
155
129
169
135
148
132
144
149
157
186
152
145
155
172
159
150
145
142
139
134
137
156
152
166
159
128
137
155
177
187
164
147
126
144
133
125
127
100
127
130
141
127
145
131
135
154
170
131
150
134
162
139
146
132
139
139
137
115
131
125
113
112
138
135
138
125
150
135
131
137
163
120
123
133
148
129
119
136
145
133
138
174
134
142
180
151
178
162
132
155
144
132
163
128
145
125
162
151
128
129
139
126
114
118
130
138
122
124
136
126
150
116
144
132
127
151
138
166
155
158
130
154
121
129
162
155
136
117
123
147
151
124
125
140
116
122
140
174
165
145
165
158
140
138
149
166
196
176
156
155
142
156
175
185
160
203
195
181
195
228
217
225
222
188
202
230
254
203
237
228
277
199
247
218
220
229
201
253
250
193
222
206
213
216
239
263
202
207
220
255
202
228
236
246
238
227
262
206
241
215
218
226
207
237
204
248
201
242
242
202
200
231
221
230
190
241
233
244
225
239
251
195
208
208
256
194
209
180
176
214
164
192
168
197
179
168
193
203
197
184
184
191
218
239
219
203
217
232
215
198
273
227
313
268
286
235
291
271
289
330
352
295
341
271
259
291
292
295
271
326
273
282
225
304
278
294
227
273
249
288
297
235
229
254
274
291
337
237
214
224
275
258
276
268
225
258
229
229
273
237
255
284
246
242
274
299
308
238
240
260
243
200
202
238
242
256
259
250
245
218
196
230
237
214
253
230
262
216
237
203
272
206
243
227
226
214
275
237
214
261
221
225
216
238
220
207
326
270
224
269
224
209
228
210
251
240
201
226
212
260
228
243
225
214
234
199
182
191
190
201
261
222
198
198
234
212
201
223
207
209
186
220
188
185
205
211
193
199
188
154
214
157
189
174
295
187
189
245
195
218
183
175
163
170
200
188
147
141
128
123
133
156
127
127
167
138
190
174
154
148
169
142
144
160
191
159
165
153
167
159
153
155
147
135
158
168
123
130
169
134
122
150
133
143
135
120
149
136
133
140
122
121
128
124
142
137
151
164
134
130
146
166
186
209
171
170
147
223
176
203
212
281
223
232
260
274
249
230
238
248
253
241
267
251
278
335
255
261
238
253
259
377
307
290
238
230
225
268
244
275
289
260
256
288
244
261
277
247
289
265
233
279
231
223
237
249
251
258
241
227
199
251
230
272
245
216
218
234
232
213
219
245
233
242
205
240
219
218
224
228
234
234
207
212
227
212
230
224
192
257
210
214
213
213
210
233
218
226
227
251
235
239
215
212
231
220
227
209
200
188
181
208
197
186
207
168
188
164
199
186
202
197
224
275
192
205
247
217
185
196
188
219
247
216
79
81
70
139
139
185
124
141
119
146
177
200
137
142
120
192
138
118
113
194
121
117
105
107
132
121
140
132
153
138
132
131
140
131
146
152
111
166
122
105
111
113
132
131
143
143
126
112
109
109
115
117
124
117
112
103
127
113
109
103
99
113
105
103
112
104
108
125
116
102
115
124
101
110
118
120
103
106
139
112
113
122
120
120
99
129
118
102
96
113
108
126
116
106
98
119
110
121
112
139
102
122
107
113
103
117
113
108
110
114
101
110
98
124
111
112
107
105
116
129
114
171
108
106
113
106
105
111
106
122
102
107
120
127
102
133
132
109
98
103
96
98
110
103
105
123
96
115
102
103
100
136
128
93
111
131
41
51
35
46
39
58
44
68
54
72
58
63
67
52
52
59
38
57
62
55
55
48
48
60
61
52
63
60
60
56
89
85
65
61
63
65
74
52
59
60
51
66
55
49
57
50
59
54
56
70
65
65
51
60
65
72
55
55
63
67
49
68
51
76
66
48
54
51
44
65
65
70
54
52
64
59
45
73
72
60
46
60
53
61
75
69
101
79
67
70
77
64
56
68
65
65
59
61
60
63
66
46
63
69
58
94
73
78
85
102
86
87
82
85
82
68
71
77
78
74
82
75
85
58
64
76
64
55
67
61
50
54
72
83
74
69
60
64
79
80
60
60
60
58
71
65
65
58
61
62
79
65
98
55
69
76
68
51
61
72
68
66
72
68
88
62
76
82
82
69
66
67
59
66
64
59
73
107
91
76
47
55
60
61
57
61
63
68
64
79
63
90
67
77
75
132
90
78
76
75
97
87
86
93
104
108
86
79
143
114
96
133
117
130
130
129
113
145
104
90
101
97
120
95
87
98
99
109
129
95
97
160
161
191
109
132
99
123
109
109
88
103
134
100
93
119
106
115
119
109
115
106
114
102
208
143
110
120
112
131
173
187
195
254
189
210
203
206
197
211
247
226
190
242
199
222
273
262
275
253
303
270
241
280
265
306
322
269
314
264
274
280
304
265
338
351
321
289
281
352
288
310
351
358
308
307
321
279
363
329
259
257
255
229
236
228
228
267
325
218
268
288
207
241
259
228
223
221
252
246
216
235
241
221
235
235
396
222
239
212
244
254
240
218
255
232
294
224
244
228
267
280
217
269
248
217
250
252
304
288
256
337
236
221
287
268
277
292
290
239
270
232
229
257
215
284
274
262
239
243
239
231
260
235
267
295
243
253
242
241
231
273
250
230
314
253
233
261
219
237
256
290
235
198
201
215
207
220
221
214
221
235
214
220
219
257
224
218
191
198
224
208
187
194
288
236
201
220
211
223
231
210
238
216
199
199
221
207
211
194
203
222
201
220
200
199
234
212
227
213
199
192
229
227
230
239
212
229
241
226
230
214
231
228
208
206
261
215
193
218
228
235
189
204
189
231
185
232
207
208
307
228
200
212
247
189
227
211
219
248
246
195
219
172
269
252
250
200
233
237
249
229
223
258
233
230
248
202
202
214
230
212
220
210
245
227
205
193
220
217
222
208
270
219
192
200
209
197
192
228
223
199
212
225
205
244
254
247
228
226
213
212
222
231
218
220
191
213
199
220
197
204
242
195
218
234
209
261
198
216
232
212
235
217
244
219
212
197
242
208
202
232
226
234
242
247
247
223
232
220
241
276
215
221
236
193
234
206
197
203
262
207
233
224
282
198
231
269
228
223
258
225
196
221
215
214
241
276
207
237
218
208
240
188
180
210
178
195
205
218
197
217
220
199
204
197
237
233
233
275
321
248
243
238
252
284
317
297
286
288
326
351
317
275
291
304
299
267
257
277
252
280
299
306
306
267
317
279
294
270
281
273
237
266
325
303
266
247
271
261
274
318
265
298
298
378
370
420
322
406
437
361
446
465
397
419
393
406
363
502
443
399
407
449
422
372
467
403
391
439
412
453
488
489
684
569
550
481
524
580
469
456
589
545
527
575
548
612
566
542
468
547
599
531
512
568
605
536
570
553
541
521
481
585
510
538
631
541
601
583
521
586
558
501
576
538
522
623
570
522
528
566
502
498
617
578
512
563
616
556
488
521
555
547
738
539
583
533
613
528
594
508
576
522
539
624
589
532
579
595
617
724
690
681
526
564
638
583
698
617
585
575
614
606
558
532
637
568
603
681
644
487
687
535
565
538
542
647
579
509
612
547
546
536
510
542
698
637
529
678
581
585
596
501
541
522
517
631
699
650
573
561
682
681
624
596
622
555
618
620
546
590
678
779
626
602
582
667
708
731
632
601
601
593
615
694
609
644
613
602
607
568
654
604
569
608
557
595
648
645
594
670
748
759
661
728
774
726
814
769
770
851
699
751
723
826
763
741
717
780
819
797
765
798
1000
809
852
981
863
824
783
887
920
760
784
822
852
753
883
904
869
879
840
901
783
798
866
854
755
820
907
830
827
933
816
770
820
827
836
921
899
828
983
778
732
781
843
812
781
829
759
829
771
844
840
727
893
737
759
756
689
703
737
716
754
742
633
648
672
758
693
630
624
638
772
626
775
662
667
701
694
730
659
656
705
736
614
644
646
640
669
621
707
429
409
383
458
412
455
461
434
392
433
407
448
403
544
621
693
715
715
695
677
677
659
769
781
696
617
663
683
675
658
664
711
644
693
696
701
646
657
667
670
655
687
654
627
723
784
677
788
678
659
625
642
626
650
791
469
513
521
485
477
523
485
474
423
504
451
456
470
506
418
572
603
578
597
585
594
546
622
526
515
602
581
553
556
777
569
523
709
614
654
545
645
478
536
554
549
479
498
535
523
516
636
545
555
620
638
585
595
604
570
554
591
618
612
611
601
649
664
574
643
620
682
673
799
695
670
597
688
643
689
634
662
731
876
899
726
791
786
853
823
743
744
971
780
836
874
808
801
810
844
771
775
832
832
1018
796
812
780
927
820
929
810
808
895
769
832
869
860
813
819
913
739
782
800
780
775
759
830
823
762
784
861
882
825
817
844
813
742
807
840
809
844
790
747
887
845
792
831
925
1021
851
793
999
849
841
825
923
880
822
837
794
827
780
756
849
737
887
816
832
806
755
798
775
754
827
832
774
788
774
736
734
839
781
796
777
763
724
781
772
778
751
795
822
945
724
760
796
775
809
789
731
737
826
849
725
706
901
844
763
773
763
843
704
752
740
749
847
732
802
765
739
783
703
716
820
785
745
769
747
697
705
719
553
554
509
534
570
619
576
619
542
570
589
620
567
625
581
514
599
553
491
519
487
511
486
532
465
549
512
500
536
552
521
555
558
504
526
468
529
551
510
490
497
476
581
534
579
644
600
546
582
595
610
602
600
612
557
573
610
572
596
575
577
566
642
672
735
721
836
687
835
753
720
797
713
705
733
797
745
811
769
759
776
752
719
779
668
712
696
771
727
721
738
737
864
723
724
723
762
815
817
803
663
720
793
880
704
783
802
975
870
923
955
816
727
733
736
715
798
808
721
651
694
836
789
837
782
718
728
760
729
700
789
704
721
797
743
739
713
860
813
732
795
718
737
777
749
814
739
724
671
619
732
628
702
778
883
937
908
940
957
973
906
1149
932
1088
1242
1054
1201
1057
1205
1022
990
1033
1100
1088
1094
1188
1000
1057
1020
1129
1101
1094
1134
1117
1084
1087
1192
1047
1137
1017
1131
1020
994
1068
1193
1053
1124
1098
1074
1126
1126
1128
1040
1385
1080
1167
1141
1085
1071
1087
1088
1112
1074
1042
1029
1231
1080
959
1013
1166
1066
1170
1070
1104
979
993
1090
1037
1142
1019
1074
1195
1055
1065
941
1021
1019
1071
994
1058
933
1022
994
1123
984
1107
957
999
1085
959
944
949
930
919
988
1002
994
953
977
1080
975
1055
1061
978
1004
1075
978
868
971
978
1073
1065
1003
939
962
938
1062
917
916
912
886
659
700
607
752
697
716
593
642
611
608
705
617
609
556
650
618
622
671
633
627
609
772
633
603
585
622
636
611
647
627
626
646
629
620
637
580
493
454
479
495
473
480
474
476
479
495
456
490
532
530
473
521
496
492
471
442
441
565
500
450
272
272
318
300
278
333
264
307
264
275
248
291
267
243
311
287
243
293
253
281
237
238
296
274
277
274
258
277
261
260
303
274
277
249
234
236
261
247
237
241
270
258
268
294
252
289
292
302
254
278
288
246
252
244
233
239
249
246
273
259
245
258
244
113
94
114
124
122
116
145
87
83
93
111
99
93
131
99
112
108
130
122
114
133
129
100
186
125
127
157
165
122
124
118
132
114
115
114
110
119
137
114
148
183
127
113
116
105
129
131
101
102
174
124
118
115
93
125
89
111
92
103
101
99
101
107
108
92
77
80
87
97
95
94
103
91
99
108
129
92
95
84
87
121
94
99
80
102
94
104
95
101
98
106
96
102
80
90
120
127
100
136
110
115
154
164
145
132
103
116
100
107
113
85
86
92
161
102
122
98
154
128
119
118
113
119
121
96
123
154
133
129
117
126
110
116
156
109
148
139
132
121
128
156
133
116
129
128
125
134
154
129
172
135
149
129
140
136
122
141
148
122
134
158
137
161
172
171
169
148
151
168
141
148
163
193
195
157
124
155
147
137
173
162
166
158
127
150
143
151
148
159
179
146
167
189
154
195
216
163
160
152
161
148
150
140
167
162
149
141
197
129
148
143
135
138
152
166
138
156
126
145
177
144
132
151
119
146
153
187
194
160
202
221
168
188
195
213
183
189
215
233
184
214
196
201
176
192
210
187
197
193
180
204
197
205
181
188
199
195
216
203
187
199
206
198
217
205
223
196
174
176
229
176
237
168
184
184
194
216
174
195
190
166
189
183
180
181
174
183
177
181
201
194
164
177
182
190
185
196
184
197
196
204
200
169
199
196
182
164
185
175
191
196
186
175
194
218
197
189
195
188
183
214
168
214
173
211
198
200
197
221
204
214
197
253
190
232
195
190
203
180
201
187
174
192
227
190
209
213
215
215
205
224
198
244
270
208
218
224
221
222
211
220
258
227
250
228
248
243
202
233
221
221
239
229
227
217
261
277
326
387
434
349
345
342
383
361
409
325
374
358
374
355
390
322
355
384
371
366
344
333
331
314
356
341
345
337
352
376
317
301
357
325
361
341
349
328
350
359
339
318
389
347
272
217
195
223
213
197
216
211
255
244
300
213
230
224
237
209
227
250
279
260
268
360
297
323
463
363
365
306
339
347
354
341
301
335
315
328
338
311
315
328
333
317
325
319
324
341
346
322
336
298
305
338
371
295
330
306
304
276
320
300
390
317
304
291
297
331
340
320
350
346
310
334
341
350
319
297
353
304
333
276
291
299
288
313
307
301
320
318
316
308
282
286
270
278
265
277
302
325
312
325
314
299
319
268
322
268
328
307
274
299
328
343
298
345
308
304
326
303
331
294
322
290
305
296
319
310
312
288
309
295
265
282
279
134
161
167
151
116
134
160
122
154
141
153
119
146
155
137
174
166
154
140
135
162
132
148
134
146
159
159
139
148
132
159
152
137
165
133
136
149
157
134
177
158
157
121
192
128
151
163
133
183
171
129
130
166
130
149
127
121
134
134
133
155
148
170
148
164
133
161
136
136
138
144
168
125
179
164
128
140
128
162
145
154
142
181
167
138
179
157
148
191
121
179
160
153
155
119
119
130
154
141
137
119
122
140
142
143
136
135
134
156
143
140
180
163
160
181
137
166
136
148
153
127
128
138
176
156
153
144
200
162
165
176
144
150
143
142
153
121
165
136
139
145
153
132
173
140
118
135
155
136
132
121
137
149
157
144
127
180
163
164
121
137
151
154
172
148
152
158
163
172
148
149
155
137
136
115
147
122
138
154
124
139
130
138
148
190
166
164
160
192
171
179
186
193
169
172
153
226
165
186
182
171
156
166
175
158
185
251
211
211
214
231
222
229
220
228
205
225
224
224
230
208
264
184
233
332
241
277
230
219
224
212
204
260
208
195
227
196
197
221
213
244
197
203
215
236
228
200
227
245
198
271
206
223
254
214
222
205
263
220
222
198
216
219
230
193
201
199
203
183
194
187
218
188
182
179
208
184
171
192
183
212
186
204
197
200
198
185
190
187
203
197
217
213
206
262
267
267
260
242
237
225
285
243
262
238
237
237
326
292
280
259
229
240
249
283
269
235
254
234
267
283
270
248
235
258
236
273
239
265
279
294
298
342
304
287
327
300
264
305
265
340
322
273
307
311
383
288
288
387
307
287
381
291
331
298
271
297
314
287
376
296
269
349
285
308
289
309
291
308
237
275
259
275
283
275
270
311
260
275
240
246
218
255
266
251
251
248
244
231
217
241
271
260
380
320
244
297
240
264
240
235
268
275
245
263
252
292
253
358
296
236
263
237
268
261
225
240
244
263
270
237
255
282
278
255
239
238
254
240
208
281
242
229
243
258
284
256
286
273
312
256
255
278
341
283
291
255
282
258
274
283
249
360
235
257
258
247
269
239
223
235
224
228
245
230
226
251
243
275
307
249
259
278
279
285
264
244
278
240
232
229
264
268
214
222
223
216
233
219
209
243
241
245
264
223
247
245
321
268
296
243
268
263
288
321
262
274
243
260
246
278
276
247
262
280
259
270
250
284
253
270
241
232
274
270
246
256
235
278
242
277
260
268
246
258
264
245
273
244
284
303
263
313
262
257
261
284
289
260
258
293
293
269
260
325
279
277
310
242
267
271
257
345
303
328
327
277
275
315
296
290
286
273
264
349
282
269
271
340
276
290
291
264
310
297
316
275
290
263
289
272
280
276
305
276
281
277
310
295
285
308
253
284
288
380
296
301
277
286
293
307
296
313
284
325
308
283
313
286
289
248
305
249
248
248
323
266
239
236
278
261
301
258
283
274
272
250
276
312
258
286
296
316
281
258
296
270
278
307
275
283
356
296
267
288
254
312
331
282
335
288
345
255
271
267
273
276
300
252
252
262
245
282
297
303
321
277
277
285
276
250
283
251
258
251
262
269
243
279
300
292
248
298
271
309
263
256
304
294
283
281
279
281
263
278
274
281
280
290
259
253
322
299
284
319
285
259
291
251
258
271
250
279
251
244
297
268
290
280
277
277
310
281
337
330
305
332
327
298
305
304
307
275
273
272
272
297
321
285
305
305
277
282
318
308
285
291
327
395
435
358
321
364
371
425
452
382
386
374
365
429
390
435
385
389
361
394
358
383
336
401
364
333
372
389
334
360
303
368
369
356
342
346
334
325
359
331
342
329
388
319
335
355
347
372
352
415
366
356
361
407
492
473
510
469
522
500
504
502
519
492
516
482
495
521
484
506
518
481
510
535
682
545
582
514
571
598
544
667
528
482
561
509
655
631
557
596
525
566
511
494
566
529
481
528
530
482
508
594
643
552
476
490
548
557
517
474
521
552
501
469
519
505
611
503
502
529
512
482
523
524
489
566
529
573
471
511
590
516
498
510
496
619
590
481
616
498
504
507
556
639
585
551
497
570
690
620
517
569
544
537
619
643
552
534
554
526
651
591
560
576
530
503
503
572
711
545
551
545
526
511
492
496
512
530
578
491
496
542
525
497
567
511
491
496
498
534
480
565
512
483
527
559
485
557
571
569
542
542
608
550
543
532
528
654
576
581
561
501
741
537
563
555
520
525
526
573
597
566
517
537
569
514
533
551
547
513
504
513
534
557
450
506
542
472
354
401
330
392
465
365
346
364
444
367
428
339
