100
3
710
1
2
APOE4
AGE
PTEDUCAT
0
3
0 1 81.3 18
0 0 73.7 16
0 0 80.4 13
0 1 73.9 12
0 1 80.8 18
0 1 64.1 18
0 0 77.7 18
0 0 76.9 18
0 0 72.8 18
0 0 76.2 16
0 0 84.7 20
0 0 80.1 12
0 1 77.3 20
0 1 70.1 16
0 0 74.5 17
0 0 74.4 12
0 0 72.9 16
0 0 70.6 16
0 0 78.2 20
0 1 78.3 12
0 1 85 18
0 1 70.6 18
0 2 73.2 17
0 1 75.3 14
0 0 80.3 18
0 2 65.6 8
0 0 62.4 20
0 1 77.2 16
0 1 70.7 14
0 0 71.1 12
0 0 79.6 20
0 2 73.6 18
0 0 73.2 15
0 1 78.2 18
0 1 70.1 16
0 0 82.6 10
0 0 75.2 20
0 0 78.4 18
0 1 72 20
0 0 73.3 20
0 0 73.7 18
0 1 77.5 14
0 2 64.1 20
0 0 80.2 16
0 0 86.3 15
0 2 65.9 13
0 1 81.1 12
0 1 79.2 14
0 0 59.7 18
0 0 73.9 12
0 0 74.1 17
0 0 77.9 17
0 1 71.8 18
0 1 72.5 18
0 0 70.6 18
0 0 73.2 18
0 1 74.7 19
0 0 64.8 20
0 1 80.9 16
0 1 72.4 14
0 1 78.3 14
0 0 80.4 16
0 2 77.1 16
0 1 86.1 16
0 0 71.1 16
0 0 72.4 13
0 2 65.1 18
0 2 67.4 18
0 1 78 18
0 0 82.4 17
0 2 79.6 12
0 1 74.4 16
0 0 80 20
0 0 60.3 18
0 0 78 20
0 0 88.3 16
0 1 72 16
0 2 70.1 20
0 0 85.8 14
0 1 85.5 20
0 1 67.1 16
0 0 70.4 19
0 0 62.8 12
0 0 70.9 18
0 0 78.4 12
0 0 67.7 16
0 1 79.4 16
0 0 79.2 16
0 1 84.8 18
0 0 79.1 10
0 0 76.4 14
0 0 89.1 20
0 2 56.4 16
0 0 73.4 13
0 1 84.2 16
0 0 78.5 19
0 1 72.1 19
0 0 71.5 16
0 0 75.3 14
0 1 70.6 18
1 4
5 9
10 15
16 19
20 25
26 29
30 39
40 45
46 56
57 62
63 68
69 72
73 78
79 87
88 91
92 98
99 106
107 116
117 126
127 130
131 137
138 143
144 147
148 153
154 159
160 163
164 167
168 171
172 175
176 179
180 189
190 198
199 208
209 217
218 221
222 225
226 235
236 246
247 256
257 266
267 275
276 286
287 294
295 298
299 306
307 312
313 319
320 330
331 334
335 342
343 352
353 362
363 366
367 375
376 383
384 391
392 396
397 407
408 413
414 417
418 422
423 431
432 436
437 442
443 449
450 456
457 467
468 471
472 476
477 486
487 496
497 505
506 513
514 519
520 526
527 531
532 538
539 547
548 553
554 557
558 565
566 573
574 579
580 590
591 595
596 604
605 611
612 620
621 628
629 637
638 647
648 651
652 655
656 664
665 672
673 682
683 689
690 699
700 705
706 710
0 -6.533803
0.4982888 -2.533803
0.9993155 -9.533803
1.998631 -7.533803
0 2.466197
0.5010267 2.466197
0.9938398 3.466197
1.998631 2.466197
3.008898 3.466197
0 -1.533803
0.5037645 -5.533803
0.9746749 -0.5338028
1.456537 -2.533803
1.941136 -0.5338028
3.025325 -4.533803
0 -2.533803
0.4928131 -0.5338028
0.9965777 -1.533803
1.990418 1.466197
0 2.466197
0.4982888 3.466197
0.9856263 0.4661972
1.979466 2.466197
3.028063 3.466197
6.042437 2.466197
0 -5.533803
0.5010267 -4.533803
1.021218 -10.5338
2.548939 -11.5338
0 3.466197
0.4818617 2.466197
1.015743 3.466197
2.056126 3.466197
3.107461 2.466197
3.994524 3.466197
5.103354 3.466197
5.98768 3.466197
6.899384 3.466197
7.980835 3.466197
0 3.466197
0.5366188 2.466197
1.034908 2.466197
1.982204 3.466197
3.025325 3.466197
5.081451 2.466197
0 3.466197
0.4736482 1.466197
0.9965777 -2.533803
1.494867 -5.533803
2.053388 -4.533803
3.069131 -3.533803
4.350445 -3.533803
5.420945 -3.533803
6.053388 -9.533803
7.203285 -2.533803
8.030116 -4.533803
0 2.466197
0.5119781 3.466197
1.007529 2.466197
2.031485 2.466197
3.028063 3.466197
4.043806 3.466197
0 3.466197
0.5119781 1.466197
0.991102 3.466197
1.971253 2.466197
3.003422 3.466197
5.015743 3.466197
0 -3.533803
0.4982888 -6.533803
0.9965777 -8.533803
1.998631 -8.533803
0 0.4661972
0.6132786 -1.533803
0.9965777 -4.533803
1.620808 -3.533803
2.069815 -6.533803
3.238877 -12.5338
0 3.466197
0.5010267 1.466197
1.01848 3.466197
1.982204 2.466197
2.992471 2.466197
4.265572 3.466197
5.371663 2.466197
6.30527 2.466197
7.978097 2.466197
0 0.4661972
0.569473 3.466197
1.013005 3.466197
2.009582 3.466197
0 3.466197
0.5119781 3.466197
0.9582478 1.466197
1.98768 2.466197
2.965092 1.466197
4.095825 2.466197
5.073238 3.466197
0 1.466197
0.4791239 1.466197
0.9828884 3.466197
1.97399 3.466197
2.992471 3.466197
5.002053 3.466197
5.976728 -0.5338028
8.030116 1.466197
0 1.466197
0.5010267 2.466197
1.002053 3.466197
2.017796 0.4661972
3.066393 2.466197
4.027379 1.466197
4.982888 0.4661972
5.979466 1.466197
6.976044 -0.5338028
8.013689 1.466197
0 3.466197
0.5037645 3.466197
1.021218 3.466197
2.01232 3.466197
3.030801 3.466197
4.008214 3.466197
4.977413 3.466197
6.001369 3.466197
6.934976 3.466197
8.032854 3.466197
0 -1.533803
0.5010267 -1.533803
1.029432 -0.5338028
2.776181 -3.533803
0 0.4661972
0.5119781 -0.5338028
0.9883641 2.466197
1.530459 -0.5338028
2.009582 -1.533803
3.047228 1.466197
4.399726 -1.533803
0 3.466197
0.495551 3.466197
0.9746749 1.466197
1.971253 2.466197
3.04449 2.466197
4.123203 2.466197
0 -4.533803
0.4599589 -3.533803
0.971937 -3.533803
2.031485 -3.533803
0 -2.533803
0.5037645 -0.5338028
1.002053 -1.533803
1.993155 1.466197
3.148528 -1.533803
4.164271 -1.533803
0 3.466197
0.4791239 3.466197
0.9801506 3.466197
1.993155 3.466197
2.973306 3.466197
4.120465 3.466197
0 -5.533803
0.4982888 -4.533803
0.9965777 -14.5338
2.094456 -25.5338
0 -1.533803
0.4791239 -1.533803
1.034908 -0.5338028
2.028747 -3.533803
0 -3.533803
0.5174538 -10.5338
1.048597 -21.5338
2.004107 -22.5338
0 -5.533803
0.4709103 -6.533803
1.01848 -9.533803
1.048597 -7.533803
0 -0.5338028
0.4873374 -0.5338028
0.9856263 0.4661972
1.982204 3.466197
0 3.466197
0.4435318 2.466197
0.9965777 3.466197
2.078029 1.466197
3.028063 3.466197
4.032854 3.466197
4.999316 3.466197
6.006845 3.466197
7.019849 3.466197
8 3.466197
0 0.4661972
0.5010267 2.466197
1.067762 0.4661972
1.514031 1.466197
1.935661 1.466197
2.96783 -1.533803
4.065708 -0.5338028
6.116359 -1.533803
7.219713 -2.533803
0 3.466197
0.495551 3.466197
0.9938398 2.466197
2.01232 1.466197
2.96783 3.466197
3.969884 2.466197
4.977413 -0.5338028
5.979466 2.466197
6.973306 -0.5338028
7.989049 0.4661972
0 0.4661972
0.4791239 2.466197
1.021218 1.466197
1.481177 -1.533803
2.031485 0.4661972
2.995209 -2.533803
4.030116 -10.5338
5.002053 -13.5338
5.979466 -20.5338
0 -1.533803
0.4982888 -3.533803
1.015743 -5.533803
2.108145 -14.5338
0 -3.533803
0.4791239 -5.533803
0.9993155 -3.533803
2.877481 -5.533803
0 1.466197
0.4982888 3.466197
0.991102 2.466197
2.006845 3.466197
2.989733 3.466197
4.065708 3.466197
4.982888 3.466197
5.982204 1.466197
6.973306 3.466197
7.969884 3.466197
0 3.466197
0.5366188 2.466197
0.9746749 3.466197
1.475702 2.466197
1.993155 3.466197
3.030801 3.466197
4.005476 2.466197
4.985626 3.466197
5.97399 3.466197
6.978782 2.466197
8.087611 2.466197
0 3.466197
0.4572211 2.466197
0.9993155 1.466197
1.971253 2.466197
3.019849 2.466197
4.021903 1.466197
5.021218 1.466197
6.078029 3.466197
7.017112 3.466197
8.021903 3.466197
0 3.466197
0.5229295 3.466197
0.9828884 3.466197
2.113621 2.466197
2.995209 2.466197
3.983573 3.466197
5.078713 3.466197
6.042437 0.4661972
7.115674 0.4661972
8.013689 -0.5338028
0 2.466197
0.5119781 0.4661972
0.9828884 -0.5338028
1.998631 3.466197
3.003422 2.466197
4.079398 3.466197
5.311431 3.466197
6.401095 2.466197
7.340178 2.466197
0 -1.533803
0.4736482 -2.533803
1.015743 -0.5338028
1.489391 2.466197
2.034223 -0.5338028
3.041752 -4.533803
4.043806 -3.533803
5.01848 -2.533803
5.979466 -7.533803
7.129363 -6.533803
7.983573 -9.533803
0 2.466197
0.5174538 0.4661972
1.023956 2.466197
1.533196 1.466197
2.001369 -1.533803
3.017112 -0.5338028
4.049281 -4.533803
4.988364 -15.5338
0 -4.533803
0.4845996 -3.533803
0.9883641 -3.533803
2.015058 -4.533803
0 0.4661972
0.4818617 3.466197
0.9993155 0.4661972
2.031485 1.466197
3.496235 2.466197
5.738535 1.466197
6.806297 3.466197
7.742642 1.466197
0 -1.533803
0.4818617 -2.533803
1.01848 -2.533803
2.083504 -4.533803
3.181383 -5.533803
4.123203 -9.533803
0 0.4661972
0.4572211 0.4661972
0.9993155 0.4661972
1.451061 -3.533803
2.017796 -3.533803
3.00616 -2.533803
4 -4.533803
0 2.466197
0.5119781 2.466197
0.9965777 3.466197
1.472964 1.466197
2.039699 3.466197
3.028063 3.466197
4.024641 2.466197
4.837782 0.4661972
6.091718 1.466197
6.973306 3.466197
8.027379 1.466197
0 -1.533803
0.5201916 -5.533803
0.9774127 -13.5338
2.124572 -16.5338
0 0.4661972
0.5366188 2.466197
1.034908 2.466197
1.514031 1.466197
1.97399 1.466197
3.047228 0.4661972
5.467488 2.466197
6.444901 -1.533803
0 3.466197
0.5557837 3.466197
0.9965777 3.466197
1.97399 3.466197
3.028063 2.466197
4.016427 3.466197
5.040383 3.466197
6.075291 3.466197
7.011636 3.466197
8.043806 3.466197
0 3.466197
0.5174538 3.466197
1.004791 3.466197
2.006845 3.466197
3.036277 3.466197
4.035592 3.466197
5.136208 3.466197
6.006845 3.466197
6.989733 1.466197
8.024641 3.466197
0 -2.533803
0.5311431 1.466197
1.029432 0.4661972
2.015058 -2.533803
0 3.466197
0.5037645 3.466197
0.9965777 3.466197
1.97399 3.466197
3.039014 0.4661972
5.193703 -2.533803
5.979466 -0.5338028
6.962355 -8.533803
8 -8.533803
0 2.466197
0.550308 2.466197
1.007529 3.466197
2.023272 0.4661972
2.98152 3.466197
4.019165 3.466197
4.950034 2.466197
5.979466 2.466197
0 3.466197
0.5119781 3.466197
0.991102 3.466197
1.971253 3.466197
3.022587 3.466197
5.979466 0.4661972
6.956879 3.466197
7.994524 3.466197
0 1.466197
0.5749487 0.4661972
1.034908 0.4661972
2.113621 -1.533803
2.986995 0.4661972
0 2.466197
0.5037645 3.466197
1.002053 2.466197
1.50308 2.466197
2.039699 3.466197
3.028063 3.466197
4.027379 2.466197
5.240246 3.466197
6.001369 3.466197
7.014374 3.466197
7.997262 0.4661972
0 -2.533803
0.5147159 -4.533803
1.013005 -2.533803
1.50308 -6.533803
1.990418 -6.533803
3.000684 -7.533803
0 -5.533803
0.5010267 -3.533803
0.9965777 -4.533803
2.015058 -7.533803
0 2.466197
0.4435318 2.466197
0.9774127 2.466197
1.97399 0.4661972
2.970568 -2.533803
0 0.4661972
0.5366188 0.4661972
0.9965777 1.466197
1.993155 0.4661972
3.126626 1.466197
4.21629 2.466197
5.193703 -0.5338028
6.600958 2.466197
8.030116 -1.533803
0 1.466197
0.4681725 -1.533803
1.004791 -0.5338028
1.483915 -1.533803
2.001369 -8.533803
0 0.4661972
0.4599589 2.466197
0.9609856 3.466197
1.456537 3.466197
2.028747 1.466197
3.619439 2.466197
0 -1.533803
0.5749487 -2.533803
0.9965777 -2.533803
1.514031 -2.533803
1.952088 0.4661972
3.028063 -1.533803
3.950719 -5.533803
0 2.466197
0.5722108 3.466197
1.045859 2.466197
2.376454 3.466197
3.238877 0.4661972
4.232717 1.466197
6.075291 1.466197
0 0.4661972
0.5366188 0.4661972
1.045859 -1.533803
1.522245 -3.533803
2.042437 -6.533803
2.970568 -3.533803
4.323066 -3.533803
5.125257 -4.533803
6.102669 -6.533803
7.115674 -9.533803
7.96167 -12.5338
0 -6.533803
0.4928131 -9.533803
0.9746749 -5.533803
2.031485 -11.5338
0 3.466197
0.4736482 1.466197
1.004791 -1.533803
1.984942 0.4661972
2.98152 0.4661972
0 1.466197
0.5311431 0.4661972
0.991102 1.466197
1.478439 3.466197
2.02601 2.466197
3.504449 2.466197
4.566735 2.466197
5.957563 3.466197
6.995209 2.466197
7.997262 0.4661972
0 -2.533803
0.495551 2.466197
1.015743 -1.533803
1.629021 -1.533803
2.023272 -1.533803
3.394935 -5.533803
4.583162 -6.533803
5.979466 -8.533803
7.129363 -12.5338
8.027379 -19.5338
0 3.466197
0.5530459 2.466197
0.9801506 2.466197
2.015058 1.466197
3.466119 3.466197
4.52293 3.466197
5.941136 2.466197
6.954141 3.466197
8.024641 2.466197
0 2.466197
0.5530459 1.466197
0.9801506 3.466197
2.015058 0.4661972
3.466119 -0.5338028
5.768652 -4.533803
6.836413 -4.533803
7.794661 -8.533803
0 2.466197
0.4928131 1.466197
1.013005 2.466197
1.511294 1.466197
1.990418 -1.533803
2.472279 0.4661972
0 2.466197
0.4900753 3.466197
1.004791 3.466197
1.995893 2.466197
3.000684 1.466197
5.043121 3.466197
6.078029 2.466197
0 1.466197
0.5557837 -0.5338028
0.991102 1.466197
1.571526 -2.533803
2.031485 0.4661972
0 2.466197
0.5366188 2.466197
1.054073 1.466197
1.555099 2.466197
2.047912 -0.5338028
2.992471 0.4661972
4.084873 -1.533803
0 0.4661972
0.4982888 -4.533803
0.9938398 -5.533803
1.511294 -6.533803
2.006845 -5.533803
2.989733 -10.5338
4.043806 -11.5338
5.023956 -10.5338
5.954825 -14.5338
0 2.466197
0.5776865 1.466197
0.9746749 -2.533803
1.993155 0.4661972
3.028063 1.466197
3.986311 0.4661972
0 -0.5338028
0.4654346 -0.5338028
0.9637235 -1.533803
1.993155 -11.5338
0 1.466197
0.5201916 -2.533803
0.9993155 -3.533803
1.481177 0.4661972
2.017796 -4.533803
2.984257 -5.533803
3.991786 -10.5338
4.960986 -14.5338
0 3.466197
0.4654346 3.466197
1.021218 3.466197
1.995893 3.466197
3.219713 3.466197
4.353183 3.466197
5.998631 3.466197
7.115674 3.466197
0 3.466197
0.5037645 2.466197
1.10883 2.466197
1.500342 2.466197
1.990418 1.466197
3.00616 3.466197
0 3.466197
0.5037645 3.466197
0.9993155 3.466197
1.516769 2.466197
1.957563 3.466197
3.003422 3.466197
4.002738 2.466197
5.073238 2.466197
5.995893 2.466197
7.011636 2.466197
8.032854 1.466197
0 1.466197
0.5284052 2.466197
1.03217 3.466197
1.984942 3.466197
3.008898 2.466197
0 0.4661972
0.4982888 1.466197
0.9774127 1.466197
1.50308 2.466197
2.009582 -1.533803
2.997947 -1.533803
4.032854 -3.533803
5.059548 -4.533803
6.031485 -16.5338
0 3.466197
0.5311431 3.466197
1.029432 1.466197
1.527721 3.466197
2.004107 3.466197
3.008898 1.466197
6.034223 2.466197
0 -0.5338028
0.5174538 0.4661972
1.01848 -3.533803
1.494867 1.466197
1.998631 -0.5338028
3.014374 -3.533803
4.030116 -1.533803
4.991102 -4.533803
5.982204 -2.533803
0 1.466197
0.4845996 1.466197
1.043121 3.466197
2.239562 2.466197
2.995209 1.466197
4.010951 -0.5338028
5.065024 1.466197
6.004107 -4.533803
0 -0.5338028
0.4845996 -1.533803
0.9774127 0.4661972
1.456537 -4.533803
1.97399 2.466197
3.033539 -1.533803
5.026694 -0.5338028
6.006845 -4.533803
7.997262 -3.533803
0 3.466197
0.5338809 1.466197
1.03217 2.466197
2.028747 2.466197
2.973306 2.466197
3.978097 -0.5338028
4.980151 2.466197
5.976728 1.466197
6.992471 1.466197
7.969884 2.466197
0 -0.5338028
0.4873374 0.4661972
1.004791 -1.533803
2.001369 -1.533803
0 -3.533803
0.4791239 -3.533803
1.01848 1.466197
1.993155 -0.5338028
0 1.466197
0.5174538 3.466197
1.03217 1.466197
2.031485 1.466197
2.992471 3.466197
5.004791 3.466197
5.98768 3.466197
6.976044 3.466197
7.969884 0.4661972
0 2.466197
0.4654346 3.466197
0.9774127 2.466197
1.97399 3.466197
3.091034 2.466197
4.164271 3.466197
5.117043 3.466197
6.997947 2.466197
0 1.466197
0.4982888 0.4661972
1.007529 3.466197
1.527721 2.466197
2.004107 2.466197
2.970568 3.466197
4.013689 2.466197
5.03217 3.466197
6.143737 2.466197
7.178645 0.4661972
0 1.466197
0.8843258 -3.533803
1.03217 -1.533803
1.552361 2.466197
2.004107 -0.5338028
3.000684 -0.5338028
4.07666 -3.533803
0 1.466197
0.5393566 3.466197
1.054073 3.466197
2.001369 3.466197
3.069131 3.466197
3.994524 3.466197
4.950034 3.466197
5.982204 3.466197
6.984257 2.466197
8.010951 3.466197
0 -2.533803
0.5284052 -0.5338028
1.03217 0.4661972
1.489391 -4.533803
2.004107 -2.533803
3.112936 -0.5338028
0 1.466197
0.4791239 -4.533803
1.015743 -2.533803
1.511294 1.466197
2.028747 -3.533803
