0.45509 2.0462
0.449524 1.93194
0.452727 2.00572
0.455652 2.07728
0.455 2.07728
0.4592 2.17859
0.455385 2.11287
0.45037 2.01684
0.447143 1.95443
0.452414 2.07622
0.454667 2.13568
0.454194 2.13568
0.45125 2.07886
0.453333 2.13446
0.455294 2.18889
0.449143 2.05557
0.451111 2.10784
0.456216 2.236
0.458947 2.31144
0.462564 2.41019
0.466 2.50717
0.469268 2.60246
0.466667 2.55563
0.463256 2.48656
0.464545 2.53185
0.464 2.53185
0.464348 2.55379
0.464681 2.57539
0.4675 2.66048
0.468571 2.7024
0.4696 2.74371
0.469804 2.76408
0.466154 2.68376
0.469434 2.78278
0.468148 2.76324
0.469091 2.80181
0.469286 2.82084
0.471579 2.896
0.472414 2.93311
0.470508 2.89646
0.47 2.89646
0.470164 2.91434
0.468387 2.87899
0.467937 2.87899
0.4675 2.87899
0.467692 2.89607
0.467879 2.91296
0.467463 2.91296
0.466471 2.89643
0.467246 2.92914
0.469714 3.01005
0.469296 3.01005
0.470556 3.05762
0.469589 3.04192
0.47027 3.073
0.471467 3.11917
0.468947 3.05821
0.469091 3.0733
0.469231 3.08825
0.469367 3.10307
0.469 3.10307
0.469136 3.11762
0.467317 3.07437
0.466024 3.04579
0.464762 3.01746
0.463529 2.98938
0.462326 2.96153
0.461149 2.93393
0.459545 2.89286
0.460225 2.92001
0.458222 2.86615
0.455824 2.79937
0.454348 2.75962
0.452473 2.70703
0.450638 2.65487
0.451789 2.69369
0.45125 2.68085
0.449897 2.64261
0.450612 2.66791
0.451313 2.69302
0.4528 2.74287
0.453069 2.75524
0.454118 2.79209
0.455146 2.82867
0.456923 2.88922
0.457524 2.91326
0.457736 2.9252
0.45757 2.9252
0.457037 2.91343
0.455413 2.86664
0.456 2.88987
0.456216 2.90142
0.457143 2.93581
0.457345 2.9472
0.456842 2.93589
0.456 2.9134
0.456207 2.92457
0.456068 2.92457
0.456271 2.9356
0.457479 2.97946
0.459333 3.04484
0.460496 3.08816
0.461639 3.13122
0.463089 3.18472
0.461613 3.14217
0.46272 3.18446
0.46254 3.18446
0.462677 3.19491
0.463125 3.21569
0.463566 3.23635
0.464923 3.28771
0.463817 3.25707
0.463636 3.25707
0.463158 3.24697
0.464478 3.29719
0.463111 3.25723
0.462941 3.25723
0.462774 3.25723
0.463478 3.28672
0.463309 3.28672
0.462857 3.27699
0.46383 3.31569
0.462817 3.28682
0.463497 3.31554
0.463889 3.33458
0.465103 3.38196
0.465753 3.41024
0.466122 3.429
0.466757 3.45699
0.465503 3.41985
0.4664 3.45681
0.465695 3.43842
0.465263 3.42927
0.466405 3.4748
0.465974 3.46574
0.466065 3.47476
0.466667 3.50168
0.465478 3.46595
0.463797 3.4126
0.462642 3.3772
0.46275 3.38601
0.462112 3.36847
0.462222 3.3772
0.460859 3.33376
0.460976 3.34241
0.460121 3.31658
0.460482 3.33372
0.460599 3.34226
0.460238 3.33376
0.459645 3.31684
0.458353 3.27473
0.458713 3.2915
0.457907 3.26645
0.456647 3.22489
0.456552 3.22489
0.456686 3.23313
0.457955 3.28238
0.458079 3.29055
0.457753 3.28241
0.457654 3.28241
0.456889 3.2582
0.457238 3.27427
0.456484 3.25025
0.457049 3.27418
0.456522 3.25829
0.456 3.24247
0.455699 3.23459
0.454759 3.20321
0.455106 3.21884
0.455238 3.22662
0.454737 3.21111
0.454869 3.21884
0.454167 3.19575
0.453472 3.17276
0.453196 3.16512
0.453538 3.18034
0.453673 3.18791
0.453401 3.18036
0.453333 3.18036
0.452864 3.16538
0.4528 3.16538
0.452537 3.15794
0.452079 3.14312
0.451034 3.1062
0.450588 3.09149
0.450146 3.07683
0.450291 3.08413
0.449855 3.06958
0.449423 3.05508
0.449187 3.04785
0.449333 3.05505
0.449479 3.06223
0.450377 3.09797
0.450329 3.09797
0.450654 3.11217
0.451907 3.1617
0.452963 3.204
0.453088 3.21102
0.453578 3.23203
0.453333 3.22505
0.453455 3.23201
