0.320201
0.320201
0.320201
0.320201
0.320201
0.320201
0.320201
0.320201
0.762406
0.762406
0.217882
0.217882
0.432308
1.31617
0.770369
0.867879
0.867879
0.867879
0.867879
0.867879
0.867879
0.867879
0.867879
0.727241
0.727241
0.727241
0.727241
0.727241
0.727241
0.727241
0.973785
0.748502
0.748502
0.748502
0.748502
1.06923
1.06923
0.887207
1.26324
0.264993
0.264993
0.946946
0.946946
0.946946
0.474542
1.34723
1.34723
0.575272
0.575272
0.823521
1.00817
1.11335
1.11335
1.16126
1.16126
1.16126
0.865684
0.676515
0.676515
1.6792
1.6792
1.6792
1.6792
1.6792
2.50541
2.50541
1.5596
1.5596
1.5596
2.45788
1.83829
1.83829
1.54049
1.54049
1.54049
1.54049
1.54049
1.6758
1.6758
1.6758
1.6758
1.6758
1.6758
1.6758
1.6758
1.6758
0.781868
0.781868
0.718979
0.718979
0.718979
0.718979
0.718979
1.37139
1.37139
0.3492
0.3492
1.35054
1.35054
1.35054
1.35054
1.35054
1.05697
0.503212
1.05906
1.09294
1.09294
0.744855
1.04687
1.04687
1.17814
1.17814
1.17814
1.31574
1.31574
1.4847
1.4847
0.628172
1.43687
1.92667
2.05357
0.748809
1.50861
1.50861
1.21727
0.396034
0.729471
0.606244
0.606244
0.606244
0.606244
0.263604
0.263604
0.263604
0.2641
0.512324
0.512324
2.22092
2.22092
2.22092
0.99882
0.99882
0.782571
0.782571
0.782571
0.635854
0.635854
0.635854
0.64664
0.347366
1.05648
1.40922
1.98057
1.98057
1.93659
0.882087
1.3556
1.3556
1.19386
0.640231
0.764698
0.764698
0.685897
0.685897
0.448629
0.448629
0.448629
0.239002
0.649167
0.649167
0.817116
0.813836
1.05309
0.911045
0.705887
0.705887
0.705887
0.705887
0.705887
0.492415
0.492415
0.492415
0.492415
0.492415
0.492415
0.492415
0.492415
0.94672
0.94672
0.94672
0.94672
1.356
1.57138
1.57138
0.734465
0.734465
0.734465
0.230359
0.230359
0.230359
0.230359
0.163908
1.00561
1.23172
1.23172
0.779725
0.779725
1.00152
1.00152
1.00152
1.00152
1.00152
1.00152
1.00152
0.576739
0.576739
0.576739
0.796061
0.796061
0.796061
0.481493
0.945505
0.945505
0.945505
0.945505
0.711842
0.570402
0.475209
1.43432
1.43432
1.43432
1.43432
1.43432
2.17012
1.65957
1.65957
1.65957
1.65957
1.35366
1.35366
0.856437
0.419302
0.711737
0.783089
0.783089
0.707162
1.442
1.442
1.442
0.924026
0.988421
0.893329
1.40406
1.64153
2.1483
2.1483
2.01981
2.01981
2.17639
1.63634
1.69987
1.18721
1.18721
0.730182
0.730182
0.730182
0.730182
0.730182
0.730182
2.65348
2.18332
2.18332
1.86274
1.86274
2.30651
2.30651
2.30651
2.30651
2.30651
1.67199
1.67199
1.67199
1.67199
1.67199
1.79939
1.79939
1.79939
1.69666
1.35479
1.65798
1.65798
1.65798
0.644124
0.319089
0.319089
0.319089
0.532034
1.47276
1.00584
1.00584
1.00584
0.972777
0.972777
0.972777
2.31027
2.17106
1.26541
0.762604
0.762604
0.762604
0.38371
0.38371
0.38371
0.682746
0.682746
0.682746
1.32262
1.69184
1.6483
1.6483
1.99593
1.99593
1.74683
0.538512
1.02456
1.03685
1.46659
1.46659
1.39669
1.39669
1.39669
1.39669
1.39669
1.39669
0.46195
0.470866
1.58133
1.58133
0.738641
0.738641
0.738641
0.738641
0.76802
0.76802
0.76802
0.848811
1.92791
1.37662
0.990854
0.990854
0.990854
0.990854
0.302363
0.29942
0.29942
0.29942
0.29942
0.29942
0.29942
0.29942
0.29942
0.29942
0.253705
0.253705
0.12059
0.12059
0.12059
1.15232
1.15232
1.15232
1.15232
0.133395
0.805968
0.588884
0.588884
0.588884
0.588884
0.588884
0.588884
0.320511
0.320511
0.63308
0.63308
0.63308
0.63308
0.63308
0.63308
0.63308
0.63308
0.63308
0.63308
0.63308
0.63308
0.63308
0.912151
0.912151
0.912151
0.384126
0.384126
0.37235
0.37235
0.37235
0.285593
0.429824
0.2807
0.2807
0.2807
0.2807
0.2807
0.2807
0.2807
0.2807
0.2807
0.360278
0.52212
0.52212
0.52212
0.52212
0.52212
0.542991
0.57025
0.57025
0.57025
0.646112
0.90399
0.454077
0.90128
0.90128
0.708274
0.708274
0.708274
0.708274
0.708274
1.07038
1.07038
0.817252
0.767424
1.00751
1.00751
1.00696
1.00696
1.00696
0.685176
0.685176
1.21436
1.21436
0.767413
0.767413
0.767413
0.767413
0.767413
0.767413
1.0552
0.331179
0.331179
1.56651
1.52685
1.52685
1.06683
1.06683
1.27844
1.27844
1.27844
1.88421
0.999182
0.999182
0.974424
0.974424
0.974424
0.974424
0.700237
0.700237
0.700237
0.700237
1.65606
1.65606
1.65606
0.751389
0.751389
0.751389
1.48826
1.48826
1.60566
1.60566
1.60566
0.852821
0.882778
0.90833
0.649439
0.649439
0.649439
0.334865
0.659516
0.659516
0.659516
0.659516
0.659516
0.212467
0.212467
0.212467
0.212467
0.437981
0.437981
0.29103
0.193029
0.193029
0.356424
0.581471
0.581471
2.06754
0.542072
0.696579
0.696579
0.696579
0.696579
0.663903
0.663903
0.50096
0.50096
0.50096
0.50096
0.227536
0.198351
1.97287
1.40121
1.40121
1.40121
0.939848
2.15471
2.15471
1.41664
1.63737
0.736015
0.736015
1.05334
1.48683
1.48683
1.46454
1.76021
1.2044
1.2044
1.93205
1.93205
1.72391
1.72391
1.86517
1.29066
1.29066
1.41077
1.14669
1.1204
0.756794
0.620391
0.793388
0.793388
0.60135
0.52989
0.52989
0.52989
0.52989
1.6573
1.6573
1.6573
1.6573
1.6573
1.67988
1.31577
1.31577
1.28999
0.625096
0.92077
0.92077
0.92077
0.92077
0.92077
1.395
1.395
1.395
1.34829
1.34829
1.34829
0.913002
1.54577
1.1087
0.793175
1.01659
1.01659
1.01659
0.833735
0.833735
0.943296
0.943296
1.28772
1.28772
1.28772
1.3205
1.5399
1.5399
1.61119
1.61119
1.61119
1.25074
0.445249
0.685955
0.685955
0.685955
0.685955
0.685955
0.685955
0.685955
0.361504
0.81917
0.81917
0.81917
0.81917
0.653471
0.811708
0.811708
0.811708
1.04013
0.572137
0.572137
0.572137
0.572137
0.572137
1.42497
0.431118
0.431118
0.431118
0.431118
0.431118
0.431118
0.154019
0.6597
0.6597
0.6597
0.6597
0.6597
0.6597
0.6597
0.6597
0.6597
0.6597
0.6597
0.6597
1.13456
1.86647
1.00909
1.17078
1.17078
1.17078
1.17078
0.558191
0.558191
0.558191
0.558191
0.67465
0.67465
0.67465
0.536078
0.536078
0.536078
0.536078
1.15871
1.62006
1.04947
1.18227
1.18227
1.18227
1.18227
1.18227
1.18227
0.390134
0.390134
0.353861
1.30479
1.30479
1.30479
1.30479
1.30993
0.899945
0.899945
0.899945
0.899945
0.899945
1.2338
0.715518
0.763779
0.763779
0.763779
0.763779
0.721709
0.721709
0.721709
0.721709
1.01299
1.01299
1.01299
1.01299
0.505867
1.37435
1.37435
1.37435
1.37435
1.34995
1.94095
1.94095
1.84206
1.84206
1.77202
1.77202
1.37692
1.37692
1.37692
0.800144
0.800144
0.800144
0.800144
0.800144
0.565839
0.565839
0.565839
0.565839
1.09655
1.1416
1.1416
1.1416
1.21473
1.21473
1.21473
1.21473
1.21473
1.21473
1.21473
0.2649
0.2649
0.408187
0.408187
0.873827
0.651019
0.651019
0.651019
0.651019
0.651019
1.06832
1.06832
1.06832
1.06832
2.13069
2.13069
2.13069
2.13069
2.13069
2.65343
2.65343
2.40107
2.40107
1.2655
1.91977
1.9778
2.16143
3.03496
3.27351
2.8678
1.75946
2.32725
2.1023
2.1023
2.1023
0.611174
0.611174
0.611174
0.611174
1.22343
0.335336
0.335336
0.767386
0.767386
0.792805
0.792805
0.995021
0.71572
0.71572
0.762865
0.762865
0.762865
0.762865
0.762865
0.762865
0.762865
1.11029
0.384648
0.384648
0.384648
1.80107
1.80107
1.78134
1.16718
1.16718
1.32137
0.540205
0.540205
0.540205
0.540205
0.555562
0.555562
0.555562
0.555562
0.555562
0.555562
0.176602
0.176602
0.379417
0.379417
0.379417
0.767893
0.909954
0.909954
0.603
0.603
0.603
0.603
0.603
0.603
0.652168
0.652168
0.652168
0.652168
0.760398
0.760398
0.760398
0.491554
0.491554
0.467999
0.601515
0.601515
0.601515
0.601515
0.555513
0.935181
0.853592
0.853592
0.678384
0.678384
0.57921
0.57921
0.57921
0.57921
0.57921
0.534372
0.534372
0.405324
0.583492
0.583492
0.583492
0.583492
0.583492
0.487469
0.487469
0.487469
1.41835
0.465007
0.465007
0.465007
0.465007
0.635544
0.966499
0.966499
0.966499
0.966499
0.966499
0.966499
0.843525
0.732651
0.479036
0.479036
0.479036
0.754987
0.754987
0.801618
0.801618
0.801618
0.801618
0.477544
0.356149
0.356149
1.05881
1.05881
0.51298
0.58164
0.52571
0.314632
0.314632
1.00091
0.987169
0.43752
0.43752
0.43752
0.43752
0.43752
0.740476
0.740476
0.740476
0.740476
0.740476
0.740476
0.740476
0.740476
0.740476
0.740476
0.740476
0.740476
0.67603
1.32683
1.32683
0.562
1.55104
1.55104
1.55104
1.53105
1.64874
0.830627
0.830627
0.830627
0.830627
1.01893
1.01893
1.01893
1.01893
1.01893
1.01893
1.01893
0.850819
0.850819
0.850819
1.28621
1.28621
1.28621
1.28621
1.28621
0.483405
0.483405
0.483405
0.483405
0.483405
0.808246
0.941455
0.941455
0.452514
0.665341
1.63343
1.63343
1.63343
1.63343
1.63343
0.669547
0.669547
0.829529
0.78709
0.78709
0.78709
1.10766
1.10766
1.10766
1.10766
1.10766
1.86982
1.86982
1.52083
1.52083
0.959065
0.857421
1.05643
1.05643
1.05895
1.05895
0.856222
0.856222
0.856222
0.915661
0.427662
0.427662
0.950674
0.950674
0.950674
0.950674
0.950674
0.573954
1.15926
0.259587
0.259587
0.259587
0.259587
0.259587
0.259587
0.279584
0.279584
0.279584
0.279584
0.279584
0.279584
0.279584
0.216006
0.216006
1.0895
1.21619
0.717816
0.539387
0.434334
0.733167
0.159463
0.208804
1.41969
1.34895
1.08057
1.08057
1.00947
1.00947
1.00947
1.00947
1.00947
0.757138
0.757138
1.58397
0.505692
1.09301
1.09301
1.09301
1.09301
1.09301
1.09301
1.09301
0.744527
0.744527
0.873157
1.14321
1.14321
0.728308
0.728308
0.728308
0.728308
0.728308
0.632477
0.294063
0.496974
0.496974
1.73623
0.646179
1.30911
0.737284
0.737284
0.737284
0.737284
0.737284
0.737284
1.25311
1.25311
1.76319
1.76319
1.76319
1.76319
2.11478
2.11478
2.11478
0.985758
0.985758
0.579029
1.07362
1.07362
1.38386
1.56448
2.74273
2.74273
1.74091
2.24864
3.39713
3.39713
2.75786
2.75786
2.75786
2.27343
1.60522
1.60522
0.855169
0.855169
1.5225
1.72919
2.46466
0.668941
0.668941
0.451594
0.451594
0.451594
0.553178
0.553178
0.553178
0.553178
0.553178
0.553178
0.553178
0.553178
0.553178
0.461101
1.22129
1.72692
1.72692
2.09135
2.09135
1.06694
1.20188
1.29753
1.29753
1.29753
1.29753
1.29753
1.29753
2.58676
2.58676
0.876387
1.07266
1.07266
1.07266
1.07266
0.78243
0.78243
0.78243
0.78243
0.78243
0.197297
0.197297
0.370046
0.370046
0.498059
0.498059
0.491184
0.491184
0.996714
0.996714
0.996714
0.996714
0.996714
0.557319
0.557319
0.912021
0.692543
0.692543
0.307522
0.307522
0.307522
0.610566
0.610566
0.400805
0.400805
0.400805
0.466418
0.466418
0.466418
0.811562
0.811562
0.811562
0.811562
0.52778
0.683588
0.683588
0.683588
0.683588
0.683588
0.683588
1.56585
0.516041
0.516041
0.929281
0.735674
2.11883
2.11883
1.94133
1.95929
1.68868
1.68868
1.9026
1.9026
1.52144
1.30537
1.30537
1.30537
1.30537
1.51241
1.94859
1.94859
1.61831
0.669629
0.877993
0.368697
0.368697
0.55413
0.55413
0.55413
0.374746
0.374746
0.374746
0.698248
0.524902
0.604364
0.604364
0.990175
0.9676
0.9676
0.389736
0.540831
0.600021
0.600021
0.592705
0.592705
0.592705
0.592705
0.592705
0.592705
0.592705
0.749414
0.709973
0.709973
0.709973
0.709973
0.833192
0.833192
0.362803
0.362803
0.362803
0.0261597
0.0261597
0.0261597
0.0261597
0.0261597
0.0261597
0.0261597
0.0261597
0.0261597
0.124369
0.896582
0.896582
0.224809
1.35341
0.537918
0.537918
0.537918
0.537918
0.537918
1.37153
1.37153
2.04592
0.512076
1.3953
1.04616
0.78056
0.902104
0.902104
0.407414
1.04731
1.04731
1.04731
1.04731
0.825478
0.825478
0.57868
0.57868
0.57868
0.57868
0.556585
0.556585
0.556585
0.556585
0.647259
0.800933
0.800933
0.800933
0.379816
0.379816
0.835339
0.556246
0.556246
0.556246
1.39645
1.39645
0.894966
0.562555
0.562555
0.711234
0.711234
1.16871
1.16871
1.16871
0.903688
0.613342
0.613342
0.613342
0.613342
0.613342
0.829844
0.829844
0.829844
0.829844
0.829844
1.58893
0.226159
0.23558
0.970978
0.970978
0.970978
0.970978
0.970978
0.972491
0.972491
1.24269
1.24269
0.950899
0.950899
0.950899
0.950899
1.00254
1.00254
0.69675
0.69675
0.69675
0.69675
0.69675
0.69675
1.0436
1.0436
2.21709
2.21709
1.7814
1.74754
1.74754
1.74754
0.914529
0.90691
0.90691
1.15397
1.22714
0.753532
0.753532
0.636225
0.636225
0.636225
1.68445
1.68445
1.45989
1.45989
0.700741
0.700741
0.676709
0.676709
0.676709
0.676709
1.21736
1.55758
1.35724
1.35724
1.35724
1.9091
2.11784
1.99845
1.68276
1.39687
1.39687
1.39687
1.39687
1.39687
0.828544
1.53224
1.53224
1.53224
1.69658
1.69658
2.14468
2.14468
1.67447
1.67447
2.70977
1.91282
1.66379
0.838269
0.838269
0.838269
1.23969
1.48815
1.40756
1.40756
0.967924
0.967924
0.931325
0.931325
0.931325
0.931325
0.931325
0.931325
0.931325
0.931325
0.931325
0.931325
0.851636
1.03285
1.03285
1.03285
1.03285
0.940843
0.940843
0.940843
0.7183
0.578482
0.355889
1.59532
1.59532
0.893184
0.893184
0.899941
0.713232
1.63955
2.30428
2.81874
1.44061
1.87046
1.87046
1.34807
1.34807
1.34807
1.34807
1.85732
1.85732
1.85732
1.85732
1.75691
1.75691
1.75691
1.75691
1.32557
1.32557
1.32557
1.32557
1.32557
1.32557
0.83406
0.547617
0.547617
0.287293
0.287293
0.437597
0.437597
0.437597
0.736147
0.785384
0.785384
0.785384
0.785384
0.785384
0.396765
0.396765
0.396765
0.396765
0.90402
0.711808
0.711808
0.711808
0.711808
0.711808
0.711808
0.711808
0.767085
0.772144
0.772144
0.772144
0.772144
0.772144
0.671319
0.671319
0.671319
0.671319
0.671319
0.671319
1.1012
1.1012
0.956747
0.899898
0.899898
0.491822
0.303378
0.303378
0.303378
0.303378
0.303378
0.303378
0.303378
0.303378
0.303378
0.206352
1.1623
1.31238
1.31238
0.787482
0.787482
1.07721
1.07721
1.09196
1.09196
1.11172
1.11172
1.11172
1.30495
1.30495
1.30495
1.30495
0.699455
0.699455
0.699455
0.306719
0.306719
0.306719
0.306719
0.306719
0.974822
0.974822
1.29357
0.808428
0.808428
0.808428
0.808428
0.873741
0.873741
0.532814
0.510823
0.510823
0.510823
0.510823
0.510823
0.570901
1.81213
1.99276
0.757082
0.757082
1.57982
1.24801
1.96156
0.945288
1.20983
1.20983
1.66714
0.957824
0.308968
0.308968
0.308968
0.459946
0.459946
0.459946
0.459946
0.586807
0.586807
0.586807
0.586807
0.586807
1.42005
0.605009
0.605009
0.605009
0.605009
0.605009
0.787094
0.787094
0.787094
0.870042
1.34818
1.31469
0.267798
0.411996
0.472402
0.189804
0.189804
1.57486
1.57486
1.57486
1.57486
0.877344
0.877344
1.14321
1.40569
0.780299
0.780299
0.329475
0.329475
0.329475
0.40089
0.40089
0.762858
0.762858
0.762858
0.762858
0.762858
0.647754
0.647754
0.647754
0.647754
0.647754
0.647754
0.518726
0.518726
0.518726
0.545558
0.545558
0.545558
1.71305
0.888666
1.00801
1.15263
1.15263
0.685981
0.685981
0.685981
0.685981
0.685981
0.623169
0.986829
1.68024
0.641171
0.641171
1.4228
1.4228
1.4228
1.4228
1.4228
1.4228
2.28057
2.28057
1.20036
0.490987
0.490987
0.490987
1.35408
1.35408
1.11208
0.848535
1.035
1.035
1.97913
1.97913
1.97913
1.32227
1.32227
1.35385
0.977762
0.977762
0.394118
0.585998
0.585998
0.545085
0.313431
0.92279
0.726013
0.726013
1.19983
1.19983
1.32457
1.95789
1.68379
1.68379
1.25205
1.25205
1.25205
1.25205
1.25205
1.06167
1.06167
1.06167
1.26328
1.26328
1.1037
1.1037
1.1037
1.1037
1.22206
0.710683
2.60479
2.05324
2.05324
2.05324
2.59258
2.59258
2.59258
1.73762
1.73762
2.83838
2.4047
2.32839
3.02277
3.02277
1.83964
1.83964
1.83964
1.83964
1.4607
0.669538
0.669538
0.669538
0.669538
0.90896
0.90896
0.90896
0.90896
0.235609
0.235609
0.255944
0.255944
0.671254
0.671254
0.671254
0.671254
0.671254
0.671254
0.671254
0.671254
0.671254
0.550161
0.988821
1.41034
1.41034
1.41034
1.41034
1.49615
1.49615
1.49615
0.491684
0.491684
0.491684
0.633595
0.270767
0.270767
0.270767
0.270767
0.270767
0.404276
0.746456
0.746456
0.746456
0.629638
1.88688
1.00483
1.00483
0.528261
0.54195
0.54195
0.54195
0.54195
0.229216
0.336764
0.354649
1.6352
0.711754
0.711754
0.711754
0.711754
0.711754
0.711754
0.315076
0.315076
0.315076
0.315076
0.315076
0.315076
0.315076
0.315076
0.242637
0.223382
0.223382
0.223382
0.454023
0.454023
0.454023
0.722984
0.744104
0.477376
0.477376
1.35118
1.95933
1.95933
1.41934
1.10707
1.10707
1.10707
1.23896
1.23896
0.797729
1.13264
1.00983
1.00983
0.769461
0.642404
1.15507
1.15507
1.15507
1.15507
1.15507
1.15507
0.742036
1.1382
1.1382
1.1382
0.981539
0.981539
0.981539
0.981539
1.05539
0.867907
1.18305
1.18305
1.53013
0.667197
0.866706
0.866706
0.869314
0.869314
0.869314
0.869314
1.34878
1.05344
1.05344
1.02277
1.02277
1.02277
1.02277
0.388993
0.388993
0.388993
0.388993
0.388993
0.388993
0.388993
1.13605
1.00383
1.00383
1.00383
0.641262
0.641262
1.65439
1.65439
1.72107
1.72107
1.72107
1.88949
1.88949
0.923017
0.923017
0.923017
0.519014
0.519494
0.519494
0.552013
0.552013
0.552013
1.2376
1.2376
0.0982161
0.713296
0.713296
0.377891
0.377891
0.377891
1.26875
0.853046
0.853046
0.629122
0.629122
0.667475
0.667475
0.667475
0.667475
0.667475
0.667475
0.542822
0.206468
0.206468
0.206468
1.49741
1.16098
1.16098
1.16098
1.16098
0.40404
0.40404
0.350563
0.66147
0.380614
0.380614
2.12082
0.800665
0.729111
0.729111
0.546867
0.546867
0.755255
0.755255
1.38184
1.67228
0.995054
0.995054
0.995054
0.995054
0.75146
0.485273
0.612925
0.612925
0.632077
0.632077
0.632077
0.632077
0.632077
0.632077
1.19715
0.646724
1.6774
1.6774
1.39453
1.39453
1.3374
1.20533
1.20533
0.835527
0.835527
1.00271
1.00271
1.00271
1.00271
0.733185
0.733185
0.733185
0.733185
0.682727
0.682727
0.682727
0.682727
0.682727
0.682727
0.682727
0.585471
0.585471
0.585471
0.585471
0.585471
0.585471
0.39326
0.723843
0.723843
0.723843
0.723843
0.723843
1.28529
0.66454
0.66454
0.66454
0.66454
2.09788
1.71915
0.559667
1.57922
1.78546
0.578977
0.578977
0.806431
0.806431
0.806431
0.806431
0.806431
0.806431
0.806431
0.73986
0.73986
0.994853
1.70086
1.13961
1.13961
1.14429
1.44778
0.568875
0.601085
1.10099
1.10099
1.10099
1.10099
1.10099
1.3616
0.46127
0.667825
0.50318
0.541208
0.667828
0.53868
0.557
1.67897
0.389212
0.473142
0.737303
0.737303
2.20206
2.64478
1.1208
1.1208
1.89477
1.108
1.108
1.8699
1.73228
1.73228
1.73228
0.443673
0.443673
1.15544
1.15544
0.678911
0.960296
0.960296
0.960296
0.960296
0.960296
0.960296
0.805234
0.805234
1.13204
1.13204
1.13204
1.13204
1.13204
1.13204
1.13204
1.13204
1.13204
1.13204
1.60629
1.60629
1.21852
1.21852
1.21852
0.62578
0.62578
0.62578
0.62578
0.62578
1.21995
0.923925
1.2212
0.735987
1.28284
1.53292
1.53292
1.53292
0.515262
0.515262
0.469576
0.714495
0.714495
0.714495
1.04428
1.05103
1.05103
1.05103
0.957004
0.957004
0.378422
0.324196
2.25685
2.35886
2.35886
2.63957
2.63957
2.6924
2.61567
3.57033
3.57033
3.57033
3.75308
1.16032
1.16032
1.39431
1.39431
1.85803
1.85803
1.85803
1.85803
1.61943
1.61943
1.61943
1.61943
0.979622
0.979622
0.979622
0.979622
0.979622
0.979622
0.979622
1.4677
1.4677
1.29553
1.29553
1.36337
1.36337
1.36337
0.923935
0.923935
0.538672
0.538672
0.763898
0.763898
0.710905
0.710905
0.710905
0.710905
0.710905
0.773785
0.773785
0.773785
0.604891
0.604891
0.604891
0.745456
0.693629
0.693629
0.693629
0.759176
0.723997
0.620153
0.620153
0.620153
0.620153
0.620153
0.620153
0.620153
1.46043
1.46043
1.46043
0.964706
0.964706
0.964706
0.964706
0.300827
0.632485
0.992012
0.479898
0.847701
0.847701
0.847701
0.288771
0.288771
0.432704
0.638038
0.638038
0.638038
0.638038
0.638038
0.638038
0.638038
0.638038
0.638038
0.415496
0.415496
0.415496
0.6539
0.6539
0.519511
1.03625
1.03625
0.950262
0.950262
0.950262
0.950262
0.950262
0.950262
0.950262
1.20594
0.745254
0.282532
0.282532
0.209164
0.209164
0.209164
0.209164
0.209164
0.285816
0.285816
0.285816
0.285816
0.666912
0.666912
1.24893
0.261632
0.261632
0.261632
0.261632
0.18054
0.18054
0.328702
1.09791
0.759907
0.759907
0.759907
0.276403
0.649646
0.503335
0.503335
0.48918
0.48918
0.773159
0.773159
0.773159
0.773159
0.773159
0.773159
0.773159
0.773159
0.773159
0.646433
0.646433
0.646433
0.598626
0.598626
0.598626
0.598626
0.598626
0.970729
0.669826
0.487897
0.487897
0.487897
0.487897
0.487897
0.487897
1.31372
1.75882
1.75882
1.75882
1.89909
1.63458
1.63458
1.63458
0.737676
0.57136
0.597573
0.597573
0.986461
0.986461
0.986461
1.04787
0.824937
1.16146
1.68103
1.68103
0.801569
0.801569
0.801569
0.801569
0.801569
1.21782
0.260924
0.260924
2.07573
1.8367
1.8367
1.8367
1.33925
1.33925
0.628232
0.955667
0.876945
0.876945
0.876945
0.876945
0.876945
1.21078
1.21078
1.21078
1.54503
1.22097
1.22097
0.80636
0.80636
0.82266
0.82266
0.92295
0.92295
0.508053
0.508053
0.508053
0.973724
0.973724
0.983374
1.12885
0.324818
0.59187
0.59187
0.59187
0.59187
0.59187
0.285989
0.975208
2.10955
2.10955
2.10955
1.20474
1.20474
1.25558
1.25558
1.25558
0.838657
0.586473
2.35472
2.35472
2.61898
2.61898
2.61898
2.61898
1.32075
1.29791
1.29791
1.33921
0.85346
0.749669
0.743953
0.979
2.12168
1.97317
1.52687
1.52687
1.52687
0.717249
0.717249
0.717249
0.717249
0.717249
0.717249
0.717249
1.42249
1.42249
0.478318
0.478318
0.58427
0.58427
0.58427
0.58427
0.58427
0.341811
1.10026
1.10026
1.10026
1.07296
0.385482
0.335598
0.822545
1.51672
1.51672
1.49327
1.86957
2.23921
1.19081
1.19081
1.37861
0.995436
0.554621
0.847333
0.99538
1.39281
0.910362
1.60522
0.907463
0.907463
0.907463
0.907463
0.907463
1.10821
1.10821
1.10821
1.10821
1.10821
1.10821
0.516515
0.542354
1.13416
0.927607
1.41137
1.41137
1.41137
1.41137
1.09616
1.09616
1.10073
0.781245
1.19669
1.08879
1.08879
0.889383
0.958973
0.958973
0.958973
0.676145
0.676145
0.676145
0.704061
0.704061
0.77626
0.77626
0.77626
0.77626
0.77626
0.77626
0.77626
0.77626
0.77626
1.2544
0.780786
0.780786
0.780786
1.34789
1.34789
1.34789
1.34789
2.11012
1.47397
2.07523
2.07523
1.20777
0.594949
0.507311
0.774643
1.31478
1.31478
1.31478
1.45969
1.57955
1.31687
1.31687
1.31687
0.958226
1.05957
1.05957
0.693267
0.693267
0.823308
0.692259
0.692259
1.31162
1.31162
1.31162
1.18179
1.18179
1.76388
1.76388
2.0883
1.76699
1.76699
1.68159
1.68159
0.575908
0.575908
0.575908
1.46145
1.6343
0.59378
0.861396
0.724156
1.35528
1.06768
1.46416
1.4186
1.22164
1.5268
1.57974
0.657905
0.67643
0.525799
0.525799
0.525799
0.32
1.80634
1.52141
1.65559
1.65559
1.65559
1.65559
2.76402
2.76402
3.91382
2.23279
2.4063
2.4063
2.4063
2.4063
1.824
1.824
1.14787
0.26908
0.26908
0.627307
0.627307
0.627307
0.627307
0.627307
0.627307
0.627307
0.627307
0.577839
0.898596
0.898596
0.898596
0.440114
0.440114
0.440114
0.440114
0.440114
0.440114
0.589921
0.589921
0.394439
0.394439
0.609442
1.06485
1.06485
1.06485
1.06485
1.11665
1.11665
1.11665
1.11665
1.11665
0.917894
0.917894
0.917894
0.881206
0.881206
0.881206
0.881206
0.881206
0.881206
0.881206
1.67202
1.59195
0.831425
0.831425
0.831425
1.73201
1.73201
1.4298
1.4298
1.97664
1.79929
1.79929
2.30031
1.67209
1.67209
0.829438
0.829438
0.829438
0.829438
0.829438
0.937016
0.937016
0.937016
0.762479
0.762479
0.762479
0.903089
0.903089
0.83859
0.83859
0.83859
0.83859
0.83859
1.28099
1.23168
1.49794
0.970971
0.535245
1.64055
1.66291
1.66291
2.04901
2.04901
2.14621
2.01663
1.30028
1.30028
1.30028
1.30028
1.30028
1.30028
1.30028
1.30028
1.30028
0.470144
0.470144
0.615362
0.771958
0.771958
0.771958
0.771958
0.771958
0.771958
1.05118
1.05118
0.672982
1.72152
1.56728
1.56728
1.56728
1.05047
1.05047
1.1689
1.1689
1.1689
1.00806
1.00806
1.00806
0.238506
0.238506
0.651137
0.651137
0.651137
0.651137
0.718347
0.718347
0.718347
0.783573
0.783573
0.783573
0.783573
0.783573
0.783573
0.469617
0.469617
0.469617
0.469617
0.469617
0.429718
0.429718
0.429718
0.429718
0.429718
0.289936
0.289936
0.289936
0.289936
0.289936
0.289936
0.536771
0.536771
1.03173
1.03173
1.60841
1.60841
1.45638
1.45638
1.45638
1.45638
1.45638
0.636628
0.636628
0.954119
1.05757
1.05757
1.05757
1.05757
1.05757
1.05757
1.05757
1.05757
0.543829
0.543829
0.543829
0.719179
0.719179
0.719179
0.719179
0.719179
0.719179
0.719179
0.719179
0.719179
0.719179
0.747232
0.747232
0.747232
0.589869
0.589869
0.589869
0.445936
0.357371
0.840913
0.840913
0.840913
0.644841
0.228417
0.228417
0.466049
0.719656
0.719656
0.719656
0.719656
0.964524
0.964524
0.964524
0.964524
0.964524
0.553019
0.553019
0.553019
0.553019
0.553019
0.553019
0.794047
0.794047
1.44526
1.17931
0.677204
0.677204
0.677204
0.677204
0.677204
0.677204
0.447046
0.447046
0.447046
0.447046
0.447046
0.447046
0.447046
0.799301
1.50139
1.50139
1.50139
1.77336
0.795751
1.12161
0.707046
0.707046
0.778488
0.723931
0.652113
0.594212
0.594212
0.594212
0.594212
0.594212
0.594212
0.594212
0.723561
0.723561
0.723561
0.723561
0.723561
0.428789
0.439612
0.514685
0.514685
0.514685
0.514685
0.514685
0.514685
0.514685
0.844758
1.19353
1.19353
1.19353
0.575821
0.353667
0.353667
0.353667
0.353667
0.353667
0.353667
0.353667
0.504636
0.504636
0.504636
0.504636
0.504636
0.504636
0.504636
0.504636
0.975608
0.887253
0.887253
1.13383
1.13383
1.13383
0.832581
0.832581
1.03369
1.03369
0.974909
0.974909
0.974909
1.1251
0.692054
0.692054
1.46515
1.46515
1.17667
1.33101
1.33101
1.33101
0.886439
1.01656
1.01656
1.63083
1.52418
1.2041
0.923935
0.55206
0.55206
0.55206
0.55206
1.35084
1.18618
0.666295
1.12505
1.12505
1.12505
1.12505
0.951458
0.951458
0.951458
0.273305
0.705071
1.36761
0.453317
0.453317
0.630523
0.630523
0.549379
0.549379
0.549379
0.549379
0.549379
0.580462
0.580462
0.580462
0.466767
0.373739
0.373739
0.373739
0.373739
0.323257
0.323257
0.323257
0.323257
0.323257
0.323257
0.323257
0.323257
0.323257
0.323257
0.598102
1.30786
0.920259
0.920259
0.818168
0.818168
0.818168
0.435961
0.300722
0.300722
0.300722
0.300722
0.300722
0.300722
0.300722
0.419102
0.809014
0.801561
0.158269
0.158269
0.158269
0.413029
0.413029
0.413029
0.413029
0.413029
0.374002
0.374002
0.374002
1.03641
1.03641
1.03641
0.886322
0.886322
1.0111
1.0111
1.1818
1.1818
1.1818
1.1818
1.44986
1.78261
1.78261
1.78261
1.54482
1.54482
1.54482
1.67876
1.13809
1.13809
1.13809
1.13809
1.79778
1.79778
1.5273
1.5273
1.5273
0.805974
0.805974
0.805974
1.32545
1.05302
1.05302
1.05302
0.966059
1.11652
0.909576
0.909576
0.909576
1.18718
1.18718
1.18718
0.671937
1.05963
0.557099
1.36054
1.36054
1.36054
1.36054
1.36054
1.49132
1.49132
1.49132
1.27952
1.27952
1.04933
1.41154
1.41154
0.958613
0.958613
0.958613
0.958613
1.17323
1.17323
0.48152
0.48152
0.499498
1.61536
1.08292
1.08292
1.08292
1.08292
1.08292
0.523648
0.707068
0.407061
1.04108
1.04108
1.04108
0.758834
0.822171
0.822171
0.822171
0.822171
1.13176
0.978707
1.17367
1.17367
2.76982
2.76982
2.88708
2.88708
2.7038
1.1024
1.59112
1.59112
1.59112
1.59112
1.59112
1.59112
1.39328
0.73066
1.04863
1.04863
1.04863
1.04863
1.04863
1.04863
0.807321
0.807321
0.807321
1.14017
1.14017
1.59166
0.593
1.1329
