-487.657 -432.191 -55.4657
-492.026 -437.193 -54.8336
-481.524 -430.227 -51.2969
-484.608 -431.884 -52.7245
-499.886 -436.338 -63.5474
-489.732 -424.239 -65.4927
-488.782 -423.861 -64.9213
-492.718 -421.366 -71.3518
-485.673 -426.1 -59.573
-481.992 -425.729 -56.2634
-490.013 -428.828 -61.1847
-487.014 -426.766 -60.248
-494.293 -413.706 -80.5878
-516.052 -417.566 -98.4857
-505.878 -417.983 -87.8945
-478.555 -407.475 -71.08
-492.672 -416.159 -76.5126
-512.712 -423.639 -89.0734
-516.155 -427.117 -89.0379
-498.452 -415.326 -83.1252
-487.693 -409.272 -78.4217
-471.62 -404.021 -67.5997
-484.409 -404.6 -79.8096
-471.61 -398.224 -73.3856
-492.528 -399.925 -92.6031
-491.019 -399.321 -91.6981
-491.162 -414.256 -76.9061
-501.351 -426.407 -74.9439
-493.257 -415.671 -77.5864
-474.919 -412.131 -62.7881
-470.032 -403.106 -66.9263
-473.116 -405.896 -67.2207
-483.311 -406.962 -76.349
-487.677 -415.178 -72.4993
-471.72 -405.701 -66.0189
-474.059 -405.015 -69.0437
-495.788 -410.053 -85.7351
-474.543 -404.956 -69.5867
-477.664 -406.568 -71.0953
-476.229 -415.138 -61.0906
-465.048 -408.165 -56.8832
-472.596 -411.087 -61.5092
-474.517 -410.394 -64.1235
-475.854 -411.881 -63.973
-478.914 -417.796 -61.1181
-489.001 -421.598 -67.4026
-490.069 -411.218 -78.8514
-476.714 -404.804 -71.91
-487.783 -412.82 -74.9624
-490.118 -409.713 -80.4055
-510.202 -413.138 -97.064
-481.165 -408.932 -72.2328
-479.328 -406.527 -72.8011
-494.144 -412.287 -81.8573
-478.286 -409.083 -69.2031
-490.027 -400.689 -89.3375
-505.367 -403.988 -101.379
-489.553 -396.568 -92.9854
-498.806 -397.099 -101.708
-481.778 -399.723 -82.0542
-478.198 -394.718 -83.4804
-498.857 -395.86 -102.997
-485.284 -396.601 -88.6832
-523.201 -394.176 -129.025
-510.088 -401.624 -108.464
-545.58 -399.09 -146.49
-503.062 -395.562 -107.5
-516.395 -406.689 -109.706
-515.511 -401.099 -114.412
-554.241 -400.649 -153.592
-523.359 -404.58 -118.779
-500.308 -405.676 -94.6316
-497.551 -407.217 -90.3339
-511.307 -409.678 -101.629
-513.141 -406.466 -106.676
-517.493 -401.399 -116.094
-515.286 -407.65 -107.636
-508.551 -406.795 -101.756
-525.139 -418.453 -106.686
-501.618 -410.229 -91.3889
-525.855 -408.691 -117.164
-511.964 -408.552 -103.412
-511.968 -401.436 -110.532
-521.848 -405.755 -116.092
-491.131 -398.957 -92.1739
-490.659 -400.452 -90.2062
-505.218 -408.22 -96.998
-519.951 -405.301 -114.65
-488.461 -395.363 -93.0984
-488.896 -392.69 -96.2057
-487.138 -401.682 -85.4562
-485.618 -400.695 -84.9229
-476.003 -394.946 -81.0565
-484.802 -411.525 -73.2769
-507.622 -404.445 -103.177
-490.97 -411.919 -79.0503
-512.13 -413.534 -98.5957
-488.049 -407.485 -80.5642
-499.295 -412.369 -86.9263
-494.549 -404.406 -90.1435
-519.89 -407.369 -112.521
-479.761 -401.666 -78.0953
-507.357 -411.129 -96.2276
-502.712 -413.864 -88.848
-481.763 -411.184 -70.5784
-491.443 -420.06 -71.383
-488.222 -410.251 -77.9711
-499.987 -422.323 -77.6635
-492.821 -410.594 -82.2276
-495.143 -412.644 -82.4987
-483.01 -410.448 -72.5619
-489.276 -418.018 -71.258
-478.768 -409.409 -69.3582
-512.503 -405.917 -106.586
-496.22 -411.924 -84.2962
-516.213 -414.038 -102.176
-505.849 -411.464 -94.3853
-497.467 -412.005 -85.4613
-480.838 -407.358 -73.4795
-481.48 -402.785 -78.6948
-499.604 -409.691 -89.9131
-497.318 -412.109 -85.2093
-477.828 -411.182 -66.6468
-489.795 -409.088 -80.7071
-485.161 -407.913 -77.2476
-477.661 -409.47 -68.1909
-483.961 -419.965 -63.9954
-470.997 -412.455 -58.5419
-472.401 -413.646 -58.7544
-488.908 -418.261 -70.6477
-481.084 -420.702 -60.3814
-482.443 -421.711 -60.7317
-488.946 -432.776 -56.1705
-479.605 -417.068 -62.5369
-475.633 -425.249 -50.3839
-491.305 -427.691 -63.6141
-486.488 -425.099 -61.3895
-533.028 -415.31 -117.717
-512.05 -417.036 -95.0142
-492.742 -419.737 -73.0042
-499.209 -417.234 -81.9743
-511.308 -416.486 -94.8224
-534.384 -420.587 -113.797
-480.56 -416.929 -63.6301
-504.171 -422.737 -81.4344
-513.65 -427.12 -86.5301
-500.879 -420.158 -80.721
-473.915 -405.953 -67.9618
-485.831 -415.927 -69.9049
-494.214 -416.483 -77.7317
-487.573 -414.707 -72.8658
-493.186 -409.492 -83.6936
-506.253 -411.262 -94.9908
-506.229 -416.611 -89.6177
-496.597 -422.114 -74.4832
-496.987 -409.374 -87.6134
-512.278 -412.593 -99.6856
-516.127 -408.415 -107.712
-488.055 -409.244 -78.8114
-495.797 -408.209 -87.588
-491.861 -409.66 -82.201
-508.14 -420.362 -87.7782
-483.541 -412.79 -70.7507
-491.242 -426.068 -65.1743
-487.296 -404.747 -82.5493
-480.621 -407.684 -72.9374
-477.814 -412.187 -65.6274
-480.59 -416.222 -64.368
-488.452 -413.244 -75.208
-476.712 -402.549 -74.1629
-484.672 -410.5 -74.1721
-487.561 -412.052 -75.5097
-491.969 -413.861 -78.1083
-481.724 -412.209 -69.5151
-468.549 -408.527 -60.0226
-481.337 -408.127 -73.2094
-485.687 -415.004 -70.6835
-487.634 -418.474 -69.1596
-479.419 -409.281 -70.1381
-474.739 -409.251 -65.4879
-481.977 -410.741 -71.2366
-475.775 -409.814 -65.9613
-473.521 -404.883 -68.6383
-482.49 -409.477 -73.0137
-497.139 -424.164 -72.9746
-494.905 -415.828 -79.0776
-489.825 -417.2 -72.625
-490.922 -411.962 -78.9605
-482.87 -407.836 -75.0343
-504.943 -412.119 -92.8234
-498.851 -405.323 -93.5284
-483.885 -396.277 -87.6076
-479.746 -407.784 -71.9621
-494.995 -404.537 -90.4583
-477.688 -400.993 -76.6956
-490.264 -408.878 -81.3862
-485.635 -415.631 -70.0033
-481.694 -410.848 -70.8457
-479.166 -413.301 -65.8649
-481.71 -415.763 -65.9474
-476.349 -411.287 -65.062
-474.242 -414.206 -60.0356
-483.27 -409.56 -73.71
-487.501 -409.371 -78.1299
-480.123 -403.793 -76.3297
-486.724 -408.784 -77.9403
-491.872 -407.095 -84.7766
-474.091 -400.943 -73.1483
-502.132 -409.825 -92.307
-509.159 -407.43 -101.729
-505.767 -412.648 -93.1197
-492.762 -409.545 -83.2169
-487.42 -402.244 -85.1761
-497.436 -402.596 -94.8404
-487.955 -407.798 -80.1565
-485.021 -405.928 -79.0928
-475.479 -400.599 -74.8795
-472.271 -400.059 -72.2127
-480.443 -401.692 -78.7515
-491.566 -410.665 -80.9009
-487.675 -401.497 -86.1778
-475.774 -404.445 -71.3287
-479.206 -407.908 -71.2986
-499.552 -409.39 -90.1622
-488.372 -405.602 -82.7706
-468.192 -401.939 -66.2531
-482.955 -407.857 -75.0982
-478.178 -403.013 -75.1649
-485.761 -406.066 -79.6952
-531.386 -410.317 -121.069
-514.635 -403.42 -111.215
-512.201 -405.756 -106.445
-512.771 -405.681 -107.09
-528.705 -402.701 -126.004
-531.427 -408.671 -122.756
-515.129 -412.409 -102.72
-497.805 -397.035 -100.771
-504.968 -407.053 -97.9144
-485.998 -407.642 -78.3559
-507.208 -412.237 -94.9711
-485.933 -409.256 -76.6774
-481.171 -409.259 -71.9118
-491.01 -415.615 -75.3949
-502.781 -410.285 -92.4963
-483.322 -402.329 -80.9929
-501.097 -418.742 -82.3554
-491.426 -403.608 -87.8181
-502.021 -401.254 -100.767
-504.123 -411.595 -92.5279
-494.584 -403.749 -90.835
-487.879 -397.55 -90.3289
-497.796 -400.053 -97.7429
-510.528 -405.734 -104.794
-521.317 -408.55 -112.767
-521.987 -402.865 -119.123
-527.994 -403.872 -124.122
-546.784 -414.623 -132.161
-524.458 -412.152 -112.306
-532.033 -405.818 -126.215
-498.997 -404.907 -94.09
-501.333 -402.183 -99.1498
-492.189 -399.595 -92.5937
-481.334 -404.234 -77.0998
-493.329 -408.515 -84.8138
-497.909 -418.771 -79.1379
-478.19 -399.178 -79.011
-477.291 -396.903 -80.3885
-495.767 -415.661 -80.1066
-490.12 -418.932 -71.1878
-486.21 -404.104 -82.1062
-516.401 -405.938 -110.463
-507.379 -403.114 -104.265
-501.976 -408.314 -93.6625
-486.329 -400.725 -85.6039
-506.347 -407.954 -98.3929
-496.344 -410.794 -85.5496
-501.143 -409.937 -91.2053
-513.477 -397.503 -115.974
-525.178 -404.58 -120.598
-525.328 -400.994 -124.334
-505.815 -396.616 -109.199
-518.691 -423.742 -94.9495
-492.787 -409.294 -83.4934
-488.475 -402.947 -85.5277
-537.173 -404.441 -132.733
-480.925 -398.566 -82.3588
-511.59 -418.084 -93.5057
-497.459 -415.128 -82.3315
-521.146 -403.762 -117.384
-517.03 -404.359 -112.671
-504.191 -408.176 -96.0148
-485.652 -409.033 -76.6191
-494.952 -411.261 -83.6907
-486.141 -418.969 -67.1717
-473.274 -409.169 -64.1049
-484.934 -412.43 -72.5031
-475.1 -408.661 -66.4384
-519.9 -414.449 -105.451
-487.136 -399.72 -87.4153
-501.733 -399.762 -101.971
-473.96 -400.029 -73.9309
-495.441 -406.833 -88.6078
-491.736 -399.97 -91.766
-472.567 -397.414 -75.1532
-509.934 -406.965 -102.969
-527.303 -404.373 -122.931
-491.928 -407.511 -84.4178
-471.948 -403.421 -68.527
-482.426 -404.345 -78.0805
-481.796 -400.259 -81.537
-488.902 -414.831 -74.0703
-475.622 -396.709 -78.9127
-474.913 -394.038 -80.8745
-501.073 -401.099 -99.9738
-506.604 -405.369 -101.235
-488.971 -405.355 -83.6156
-505.757 -406.998 -98.759
-498.908 -406.367 -92.5411
-512.358 -403.121 -109.237
-486.199 -409.718 -76.4804
-483.664 -401.689 -81.9741
-500.575 -403.247 -97.3279
-478.152 -403.734 -74.4181
-475.82 -405.402 -70.4186
-494.481 -417.803 -76.6789
-489.448 -408.281 -81.1673
-492.868 -419.615 -73.2527
-494.214 -405.38 -88.8339
-517.222 -417.357 -99.8651
-517.307 -413.504 -103.803
-496.171 -408.702 -87.4694
-484.961 -403.005 -81.9561
-499.092 -410.947 -88.1455
-503.127 -406.702 -96.4246
-490.952 -407.399 -83.5533
-488.853 -407.868 -80.9858
-517.799 -413.145 -104.653
-545.303 -413.258 -132.045
-511.707 -416.051 -95.6559
-488.355 -411.486 -76.8681
-481.375 -408.719 -72.6561
-480.743 -406.843 -73.8994
-479.473 -406.376 -73.097
-481.459 -402.79 -78.6691
-490.557 -403.71 -86.8473
-500.634 -419.847 -80.7867
-493.902 -407.375 -86.5265
-505.93 -415.241 -90.6888
-498.513 -416.015 -82.4982
-500.786 -407.781 -93.0059
-494.106 -418.043 -76.0625
-499.792 -418.615 -81.1775
-478.167 -416.072 -62.0949
-473.98 -417.497 -56.4826
-484.069 -423.698 -60.371
-472.463 -412.725 -59.7384
-470.628 -415.429 -55.1992
-473.394 -416.589 -56.8052
-471.036 -414.817 -56.219
-485.273 -423.171 -62.1024
-475.178 -415.966 -59.2122
-482.04 -415.103 -66.9367
-482.109 -417.526 -64.5826
-473.565 -419.23 -54.3349
-476.458 -422.209 -54.2487
-461.633 -424.825 -36.8075
-476.71 -420.334 -56.3756
-483.411 -419.128 -64.283
-513.504 -427.619 -85.8856
-484.254 -422.01 -62.2438
-505.273 -425.821 -79.452
-501.101 -427.27 -73.8305
-482.687 -418.999 -63.6885
-482.223 -415.185 -67.0386
-477.895 -413.687 -64.2079
-472.24 -409.98 -62.2596
-476.111 -410.146 -65.9645
-487.444 -415.534 -71.9104
-488.247 -419.112 -69.135
-480.972 -418.447 -62.5251
-469.267 -415.034 -54.2326
-496.541 -419.339 -77.2026
-490.126 -412.666 -77.4602
-482.915 -418.155 -64.7601
-502.489 -412.767 -89.7223
-481.637 -414.711 -66.926
-486.524 -418.488 -68.036
-492.543 -412.992 -79.5507
-473.276 -406.496 -66.7797
-481.506 -412.856 -68.6497
-486.306 -415.51 -70.7959
-486 -422.959 -63.0412
-476.479 -417.21 -59.269
-480.327 -416.069 -64.2578
-474.275 -413.733 -60.5415
-508.249 -420.42 -87.8294
-482.352 -410.823 -71.5287
-495.51 -427.825 -67.6848
-485.822 -424.392 -61.4294
-498.714 -423.692 -75.0226
-479.04 -415.002 -64.0377
-491.683 -414.898 -76.7849
-477.178 -416.107 -61.0705
-480.388 -411.258 -69.1302
-489.02 -422.151 -66.8689
-469.333 -411.544 -57.7895
-478.276 -416.82 -61.4561
-473.402 -411.672 -61.7294
-477.833 -412.231 -65.6024
-626.858 -559.228 -67.6298
-542.711 -491.671 -51.04
-536.032 -490.424 -45.6075
-543.106 -486.907 -56.1988
-527.833 -476.564 -51.2686
-517.748 -464.364 -53.3838
-519.973 -460.592 -59.3809
-511.664 -452.804 -58.8603
-490.498 -429.874 -60.6236
-478.271 -420.458 -57.8132
-495.355 -414.378 -80.9772
-478.521 -416.277 -62.244
-487.087 -416.837 -70.2495
-489.379 -411.16 -78.2188
-470.406 -410.164 -60.2416
-491.457 -419.697 -71.7605
-485.637 -416.569 -69.0688
-475.76 -410.668 -65.0923
-467.385 -404.13 -63.2552
-482.626 -415.797 -66.8294
-482.281 -414.478 -67.8025
-487.266 -416.717 -70.5495
-484.012 -409.993 -74.0195
-479.691 -417.803 -61.8881
-499.268 -420.01 -79.2576
-493.486 -417.693 -75.7939
-523.471 -411.435 -112.036
-495.103 -419.63 -75.4737
-473.384 -408.081 -65.3028
-514.431 -415.567 -98.864
-497.474 -409.314 -88.1594
-501.681 -414.66 -87.021
-500.713 -417.212 -83.5007
-498.637 -416.179 -82.4581
-507.93 -419.63 -88.3002
-516.821 -427.545 -89.2759
-494.694 -420.171 -74.5237
-503.508 -426.752 -76.7566
-509.845 -425.999 -83.8458
-506.161 -427.312 -78.8492
-532.103 -432.954 -99.1491
-509.266 -418.88 -90.3858
-501.589 -421.667 -79.9222
-503.134 -421.954 -81.1806
-497.818 -424.674 -73.1444
-500.797 -430.378 -70.4189
-501.924 -427.725 -74.1983
-507.345 -428.549 -78.7957
-513.328 -431.674 -81.6538
-493.045 -425.182 -67.8631
-517.485 -423.179 -94.3055
-499.822 -426.927 -72.8948
-495.902 -419.757 -76.1459
-497.323 -418.532 -78.7907
-514.69 -419.205 -95.4858
-490.516 -426.728 -63.788
-488.59 -422.564 -66.0253
-502.793 -426.117 -76.6761
-490.006 -424.019 -65.9875
-491.388 -427.993 -63.3944
-492.306 -426.453 -65.8525
-484.118 -424.175 -59.9432
-486.63 -429.1 -57.5299
-485.73 -430.13 -55.6
-493.072 -426.397 -66.6751
-510.423 -426.013 -84.4102
-519.346 -424.662 -94.6847
-512.672 -418.749 -93.9237
-505.247 -417.877 -87.3697
-497.358 -414.858 -82.4992
-492.343 -412.52 -79.8233
-503.824 -417.113 -86.7104
-515.275 -414.467 -100.809
-515.313 -414.065 -101.248
-516.594 -417.41 -99.1837
-499.719 -413.019 -86.7002
-497.953 -409.095 -88.8584
-500.079 -417.822 -82.2572
-497.15 -409.129 -88.0206
-481.395 -407.143 -74.2524
-483.901 -408.046 -75.8545
-478.782 -413.091 -65.6917
-476.179 -410.185 -65.9935
-475.122 -416.702 -58.4201
-493.062 -416.791 -76.2714
-497.144 -430.18 -66.9636
-484.812 -416.298 -68.5137
-482.644 -411.384 -71.2603
-486.042 -420.459 -65.5831
-466.266 -403.545 -62.7213
-483.037 -418.002 -65.0347
-468.048 -404.739 -63.3089
-498.93 -418.131 -80.7992
-479.455 -416.342 -63.1124
-472.687 -411.031 -61.6568
-472.88 -409.864 -63.0155
-478.283 -415.728 -62.5549
-472.189 -411.66 -60.5285
-488.008 -415.563 -72.4452
-471.46 -405.781 -65.6791
-514.847 -413.983 -100.864
-505.577 -418.8 -86.7765
-479.938 -412.127 -67.8115
-479.859 -407.534 -72.3247
-477.557 -414.077 -63.4798
-486.438 -424.326 -62.1125
-480.934 -420.065 -60.8682
-476.718 -415.038 -61.68
-476.963 -415.831 -61.1317
-467.119 -406.857 -60.2612
-481.669 -417.153 -64.5165
-484.94 -421.487 -63.4529
-485.664 -416.199 -69.4652
-489.979 -410.097 -79.8819
-504.649 -402.317 -102.331
-515.782 -409.868 -105.915
-512.011 -406.299 -105.712
-488.156 -402.279 -85.8768
-501.676 -417.773 -83.9031
-518.278 -416.229 -102.049
-515.296 -402.01 -113.286
-529.758 -411.562 -118.196
-529.764 -426.196 -103.568
-501.854 -411.818 -90.0358
-488.239 -400.019 -88.2198
-529.828 -414.1 -115.728
-535.35 -414.035 -121.314
-512.636 -409.75 -102.886
-521.782 -412.392 -109.39
-505.518 -404.423 -101.096
-515.899 -409.179 -106.72
-503.325 -413.198 -90.1269
-511.479 -407.049 -104.43
-517.873 -410.727 -107.146
-506.91 -409.938 -96.9724
-506.892 -413.567 -93.3257
-514.393 -410.892 -103.501
-503.148 -419.448 -83.7
-504.078 -405.754 -98.3236
-524.962 -406.5 -118.462
-510.567 -403.041 -107.526
-504.96 -407.114 -97.8459
-516.518 -409.743 -106.776
-488.574 -410.186 -78.3887
-508.723 -427.99 -80.7329
-494.077 -414.196 -79.8804
-503.415 -419.169 -84.2463
-505.163 -426.449 -78.7138
-501.703 -425.877 -75.8259
-497.169 -425.548 -71.6211
-489.591 -420.289 -69.3024
-504.58 -424.578 -80.0024
-487.045 -411.822 -75.2234
-485.994 -419.903 -66.091
-491.839 -417.792 -74.0469
-471.43 -405.599 -65.8312
-479.365 -411.888 -67.4763
-525.669 -409.149 -116.52
-485.332 -408.779 -76.5536
-477.941 -409.32 -68.6206
-478.665 -413.044 -65.6211
-495.457 -417.718 -77.7398
-476.937 -415.777 -61.1603
-484.98 -409.264 -75.7164
-473.671 -411.337 -62.3341
-487.089 -408.43 -78.6597
-489.971 -408.897 -81.074
-529.211 -405.981 -123.229
-482.68 -410.224 -72.4558
-505.907 -409.774 -96.1336
-492.079 -414.505 -77.5738
-494.481 -410.681 -83.8006
-499.182 -424.602 -74.5805
-518.639 -436.003 -82.636
-541.185 -423.216 -117.968
-540.509 -421.229 -119.28
-534.356 -422.207 -112.149
-541.352 -419.517 -121.835
-533.668 -414.761 -118.906
-524.528 -423.603 -100.925
-487.494 -405.244 -82.25
-499.182 -419.559 -79.6222
-501.435 -413.368 -88.0669
-504.765 -415.852 -88.9133
-486.834 -414.661 -72.1728
-473.51 -399.937 -73.5732
-475.388 -403.449 -71.9387
-497.224 -402.031 -95.1935
-514.637 -411.168 -103.468
-493.232 -403.356 -89.8763
-504.737 -407.787 -96.9498
-494.934 -414.397 -80.5364
-499.417 -415.656 -83.7614
-482.555 -409.887 -72.6677
-475.242 -408.379 -66.8633
-475.802 -410.394 -65.408
-470.506 -406.067 -64.4391
-485.13 -424.009 -61.1209
-479.659 -412.505 -67.154
-479.425 -414.858 -64.5671
-486.129 -413.653 -72.4766
-493.23 -421.82 -71.4098
-468.369 -406.197 -62.1723
-505.102 -420.122 -84.9801
-502.857 -416.46 -86.3969
-471.199 -403.963 -67.2355
-484.235 -411.783 -72.4514
-499.533 -415 -84.5325
-496.889 -421.573 -75.3151
-486.546 -422.51 -64.0365
-469.416 -406.905 -62.5118
-496.318 -413.859 -82.459
-483.284 -415.948 -67.3359
-493.594 -418.915 -74.6793
-482.672 -418.898 -63.7743
-476.33 -413.209 -63.1219
-485.227 -407.611 -77.6161
-481.758 -417.436 -64.3216
-489.55 -421.513 -68.0366
-478.781 -411.158 -67.623
-470.551 -410.871 -59.6805
-477.957 -418.796 -59.1613
-474.313 -412.671 -61.6424
-472.55 -410.794 -61.7557
-487.782 -413.987 -73.7954
-478.084 -410.462 -67.6222
-473.068 -407.258 -65.8106
-480.255 -414.097 -66.1578
-501.708 -417.609 -84.0991
-500.414 -426.798 -73.6165
-495.945 -417.101 -78.8435
-482.988 -419.107 -63.8815
-480.22 -413.065 -67.1546
-489.92 -413.512 -76.4079
-470.557 -409.006 -61.5506
-479.486 -417.175 -62.3108
-490.135 -419.275 -70.8598
-508.608 -413.848 -94.76
-501.151 -418.316 -82.835
-488.202 -417.489 -70.7125
-504.57 -428.621 -75.9486
-512.339 -421.764 -90.5756
-498.842 -425.989 -72.8528
-476.827 -418.738 -58.089
-486.531 -433.721 -52.8099
-488.053 -427.585 -60.4686
-483.649 -425.257 -58.3921
-489.092 -426.99 -62.1027
-481.433 -421.982 -59.4511
-504.006 -436.647 -67.3589
-498.432 -416.366 -82.0662
-487.159 -420.304 -66.8544
-477.923 -415.284 -62.6389
-491.096 -417.422 -73.6748
-494.864 -416.071 -78.7933
-508 -413.416 -94.584
-506.432 -410.017 -96.4153
-506.792 -419.817 -86.9747
-494.726 -419.188 -75.5386
-504.455 -420.741 -83.7139
-495.444 -417.432 -78.0119
-501.382 -416.676 -84.7058
-493.205 -416.911 -76.2943
-493.906 -413.414 -80.4919
-491.127 -415.459 -75.6678
-477.076 -411.98 -65.0959
-501.567 -416.01 -85.5572
-520.96 -426.477 -94.4837
-489.33 -413.984 -75.346
-479.164 -413.344 -65.8207
-489.257 -411.498 -77.7589
-494.025 -421.131 -72.8945
-488.129 -418.149 -69.9796
-502.276 -416.014 -86.2617
-490.663 -413.257 -77.4063
-516.909 -419.256 -97.6527
-521.856 -419.781 -102.075
-510.635 -422.035 -88.5999
-508.131 -415.111 -93.0202
-478.549 -417.469 -61.0793
-468.107 -409.169 -58.9374
-482.759 -415.921 -66.8379
-495.703 -410.981 -84.7219
-479.796 -421.94 -57.8557
-472.945 -415.203 -57.7419
-478.714 -418.919 -59.7958
-484.97 -420.513 -64.4564
-526.138 -441.155 -84.9838
-498.924 -432.136 -66.7884
-511.672 -449.013 -62.6589
-491.58 -436.219 -55.3604
-516.686 -432.791 -83.8949
-497.785 -429.659 -68.1261
-501.601 -428.75 -72.851
-485.759 -421.579 -64.1799
-492.291 -428.836 -63.4549
-523.865 -424.108 -99.757
-497.528 -423.025 -74.5032
-494.406 -427.409 -66.9968
-526.495 -436.858 -89.6372
-519.045 -428.321 -90.7236
-489.721 -422.302 -67.419
-477.371 -419.788 -57.5833
-483.207 -421.899 -61.3082
-518.04 -422.449 -95.5905
-495.946 -423.866 -72.0798
-482.284 -420.768 -61.5165
-478.314 -417.415 -60.8989
-475.666 -417.752 -57.9135
-480.673 -416.401 -64.2725
-476.669 -416.686 -59.9834
-474.945 -418.015 -56.9296
-484.419 -413.728 -70.6918
-483.59 -417.874 -65.7159
-486.704 -422.758 -63.9453
-493.696 -418.262 -75.4344
-478.454 -413.156 -65.2983
-501.083 -412.031 -89.0528
-494.681 -416.173 -78.5081
-492.41 -408.657 -83.7527
-487.082 -409.666 -77.4158
-516.302 -412.416 -103.886
-496.736 -413.514 -83.2226
-476.254 -409.78 -66.4736
-486.799 -408.706 -78.0926
-482.972 -407.099 -75.8729
-462.4 -407.151 -55.2495
-479.071 -410.604 -68.4668
-466.287 -405.755 -60.5319
-494.233 -415.673 -78.5599
-474.228 -411.617 -62.6109
-495.343 -410.547 -84.7956
-489.674 -408.728 -80.9455
-492.004 -412.387 -79.617
-483.769 -415.135 -68.6336
-509.517 -420.778 -88.7386
-495.092 -420.03 -75.062
-497.429 -417.855 -79.5739
-500.925 -416.226 -84.6982
-518.269 -416.736 -101.533
-502.481 -411.092 -91.3887
-528.609 -422.782 -105.827
-538.908 -424.153 -114.755
-510.228 -416.061 -94.1664
-523.72 -420.738 -102.982
-528.449 -417.479 -110.97
-517.715 -416.001 -101.714
-533.429 -422.019 -111.409
-530.917 -421.746 -109.17
-517.446 -420.87 -96.5754
-553.057 -419.746 -133.311
-516.698 -411.612 -105.086
-527.626 -406.53 -121.096
-524.976 -409.903 -115.074
-543.56 -413.483 -130.076
-526.089 -406.505 -119.584
-581.889 -407.582 -174.307
-541.76 -416.558 -125.202
-513.601 -407.809 -105.792
-502.004 -418.995 -83.0096
-504.738 -420.71 -84.0282
-483.279 -417.19 -66.0888
-494.621 -425.035 -69.5857
-484.562 -422.627 -61.9349
-507.637 -430.641 -76.9954
-494.587 -431.136 -63.4509
-493.664 -428.163 -65.5017
-499.509 -433.644 -65.8655
-506.326 -420.236 -86.0895
-488.608 -422.864 -65.7438
-490.552 -424.757 -65.7947
-495.112 -423.427 -71.6847
-480.535 -423.039 -57.4963
-479.895 -416.308 -63.587
-482.159 -418.435 -63.7241
-481.324 -414.531 -66.7931
-499.717 -422.512 -77.2045
-478.949 -417.171 -61.7771
-483.643 -421.41 -62.233
-475.088 -415.697 -59.391
-482.3 -425.331 -56.9693
-483.49 -417.04 -66.45
-497.153 -426.845 -70.3081
-481.981 -414.15 -67.831
-485.088 -421.788 -63.3002
-488.695 -423.982 -64.7133
-501.461 -422.114 -79.3472
-513.281 -429.463 -83.8181
-501.756 -428.467 -73.2888
-486.323 -421.098 -65.2243
-494.344 -421.306 -73.0379
-475.226 -408.731 -66.4952
-479.182 -414.808 -64.3739
-499.473 -419.787 -79.6859
-477.066 -413.048 -64.018
-484.943 -416.944 -67.9992
-471.038 -410.218 -60.8201
-480.784 -418.358 -62.4256
-483.007 -424.765 -58.2424
-480.638 -415.778 -64.8604
-494.152 -427.022 -67.1298
-487.143 -425.883 -61.2599
-483.501 -420.655 -62.8466
-474.96 -412.313 -62.6474
-477.408 -421.844 -55.5639
-476.411 -420.342 -56.0694
-477.728 -417.851 -59.8771
-479.115 -415.595 -63.5197
-493.496 -420.979 -72.5172
-481.746 -417.959 -63.7868
-479.567 -417.512 -62.0548
-471.066 -414.657 -56.4089
-479.734 -419.735 -59.9998
-479.419 -420.759 -58.6608
-480.815 -423.571 -57.244
-494.056 -423.739 -70.3173
-503.252 -426.264 -76.988
-483.142 -416.853 -66.2899
-483.617 -422.919 -60.6981
-490.051 -416.786 -73.2649
-484.184 -413.155 -71.0285
-478.96 -416.066 -62.8944
-483.009 -417.848 -65.1613
-490.302 -416.739 -73.5632
-480.086 -409.978 -70.1079
-475.912 -416.051 -59.8616
-476.75 -414.141 -62.609
-473.686 -413.265 -60.4213
-476.305 -413.217 -63.0879
-479.678 -404.495 -75.1832
-483.206 -422.934 -60.2723
-490.37 -419.585 -70.785
-492.789 -413.593 -79.1957
-477.924 -414.791 -63.1333
-497.434 -417.837 -79.5973
-493.081 -426.07 -67.0107
-482.314 -414.473 -67.8405
-487.968 -407.403 -80.5646
-473.25 -401.74 -71.5108
-475.382 -403.236 -72.1462
-469.175 -402.801 -66.3739
-477.293 -408.416 -68.8776
-485.92 -415.739 -70.1816
-481.354 -413.547 -67.8073
-475.641 -406.934 -68.7076
-470.129 -404.176 -65.9526
-471.783 -407.241 -64.542
-473.378 -406.884 -66.4942
-484.078 -405.454 -78.6239
-481.643 -412.868 -68.775
-475.299 -407.042 -68.2566
-491.359 -413.28 -78.0791
-470.836 -404.255 -66.5808
-469.56 -407.124 -62.4357
-475.744 -410.005 -65.7388
-482.934 -412.003 -70.9306
-503.479 -408.631 -94.8477
-480.135 -411.463 -68.6713
-471.937 -402.897 -69.04
-512.093 -412.247 -99.8455
-508.304 -406.679 -101.625
-487.592 -412.753 -74.8382
-489.276 -407.153 -82.1226
-507.406 -416.889 -90.5164
-492.989 -415.415 -77.5745
-496.488 -417.885 -78.6035
-483.194 -422.202 -60.9922
-506.51 -420.844 -85.6657
-484.065 -413.111 -70.9538
-473.181 -410.368 -62.8132
-483.562 -419.454 -64.1079
-499.913 -418.129 -81.7844
-495.663 -417.051 -78.6126
-497.529 -420.353 -77.176
-493.506 -424.966 -68.5408
-491.683 -416.312 -75.3711
-479.86 -415.465 -64.3949
-493.044 -426.128 -66.9158
-479.204 -419.312 -59.8918
-478.164 -417.323 -60.8411
-473.008 -409.719 -63.2892
-471.132 -411.661 -59.4713
-491.155 -414.513 -76.642
-490.009 -419.675 -70.3342
-492.091 -433.6 -58.4909
-504.212 -428.166 -76.0462
-493.118 -422.771 -70.3467
-475.643 -412.569 -63.0744
-488.23 -421.876 -66.3539
-474.097 -415.498 -58.5993
-488.89 -418.768 -70.1223
-477.401 -412.365 -65.036
-467.633 -409.987 -57.6458
-482.232 -414.854 -67.3779
-478.87 -418.43 -60.4401
-487.074 -419.514 -67.5606
-490.926 -418.764 -72.1619
-486.473 -411.604 -74.8687
-471.977 -413.221 -58.7563
-481.101 -417.969 -63.1322
-465.265 -407.559 -57.7059
-483.453 -413.969 -69.484
-500.412 -411.488 -88.9242
-475.19 -409.193 -65.9962
-503.95 -413.915 -90.0359
-489.797 -410.097 -79.6998
-475.395 -409.316 -66.0783
-493.447 -417.865 -75.5819
-507.883 -427.939 -79.9436
-496.423 -416.373 -80.0504
-498.191 -420.706 -77.4855
-490.622 -423.466 -67.1565
-498.022 -426.348 -71.674
-487.968 -432.86 -55.1079
-485.772 -419.715 -66.0568
-482.758 -422.4 -60.3576
-484.112 -409.091 -75.0209
-497.506 -416.988 -80.5172
-496.406 -418.081 -78.3248
-491.008 -417.984 -73.0239
-492.058 -417.67 -74.3885
-489.16 -417.141 -72.0198
-489.779 -425.315 -64.4646
-514.647 -435.284 -79.3629
-491.07 -417.217 -73.8526
-488.162 -418.164 -69.9986
-501.916 -425.637 -76.2785
-483.252 -421.121 -62.1308
-535.368 -419.094 -116.274
-499.051 -418.085 -80.9663
-513.088 -420.652 -92.4362
-487.399 -422.96 -64.4394
-481.69 -418.094 -63.5957
-476.35 -421.515 -54.8351
-482.949 -425.515 -57.4344
-477.473 -416.97 -60.5035
-496.042 -423.618 -72.4241
-492.55 -418.968 -73.5823
-487.945 -415.758 -72.187
-482.971 -412.742 -70.2299
-479.418 -412.201 -67.2166
-480.766 -411.38 -69.3866
-480.36 -412.852 -67.5077
-539.45 -409.896 -129.554
-491.209 -416.019 -75.1903
-509.441 -415.196 -94.2453
-482.294 -412.423 -69.8711
-482.481 -418.492 -63.989
-492.49 -417.489 -75.001
-482.602 -409.164 -73.4381
-473.39 -412.294 -61.0959
-497.772 -414.686 -83.0865
-496.96 -411.867 -85.0929
-480.048 -410.219 -69.8293
-473.658 -408.2 -65.4584
-476.549 -412.383 -64.1662
-532.782 -427.344 -105.439
-505.839 -417.437 -88.4014
-518.054 -421.037 -97.0167
-514.294 -415.603 -98.6902
-491.688 -413.435 -78.2532
-505.014 -414.153 -90.8614
-488.155 -414.57 -73.5847
-481.845 -408.223 -73.6222
-510.918 -420.995 -89.923
-484.335 -421.296 -63.0387
-475.518 -412.387 -63.1308
-473.75 -413.052 -60.6977
-480.327 -413.322 -67.0051
-485.534 -417.838 -67.6952
-488.119 -407.812 -80.3064
-478.816 -414.027 -64.7886
-486.419 -418.571 -67.8482
-492.049 -410.062 -81.9867
-497.589 -411.003 -86.5858
-471.219 -410.112 -61.107
-482.226 -416.897 -65.3287
-486.898 -412.369 -74.5289
-488.913 -417.659 -71.2531
-478.129 -413.427 -64.7014
-479.605 -415.38 -64.2244
-480.454 -424.256 -56.198
-475.859 -414.84 -61.0198
-466.729 -414.721 -52.0079
-483.829 -424.226 -59.6025
-478.093 -417.546 -60.5471
-472.819 -414.57 -58.2489
-479.229 -419.323 -59.906
-477.679 -419.749 -57.9296
-492.1 -416.725 -75.3749
-483.536 -420.011 -63.525
-488.293 -425.203 -63.0895
-479.937 -414.806 -65.1308
-479.604 -416.309 -63.2953
-486.98 -422.985 -63.9954
-489.86 -415.282 -74.5786
-482.836 -414.839 -67.9968
-495.496 -423.449 -72.0478
-478.024 -422.844 -55.1799
-470.583 -411.756 -58.8265
-480.761 -408.643 -72.1187
-474.286 -409.806 -64.4799
-476.099 -415.95 -60.1483
-488.401 -412.663 -75.7383
-486.317 -410.918 -75.3984
-478.997 -414.284 -64.7131
-492.147 -410.239 -81.9081
-483.341 -416.649 -66.6929
-489.745 -419.353 -70.3926
-481.895 -416.622 -65.2734
-478.145 -416.088 -62.0574
-489.153 -415.101 -74.0519
-484.932 -411.596 -73.3361
-505.114 -412.279 -92.8355
-534.443 -410.581 -123.863
-505.585 -406.655 -98.9297
-496.792 -405.316 -91.4753
-489.766 -397.833 -91.9327
-489.656 -396.463 -93.1923
-497.67 -407.893 -89.7772
-498.344 -403.052 -95.2919
-506.999 -409.972 -97.0272
-522.694 -410.536 -112.157
-507.658 -403.066 -104.592
-499.973 -410.909 -89.0636
-490.425 -401.297 -89.1282
-494.516 -407.402 -87.1135
-491.549 -402.075 -89.474
-494.168 -401.295 -92.8726
-488.987 -401.442 -87.5455
-485.18 -401.481 -83.699
-482.633 -403.537 -79.0959
-487.882 -403.868 -84.0136
-484.114 -404.689 -79.4253
-480.882 -403.297 -77.5848
-487.597 -398.209 -89.3875
-483.982 -400.743 -83.2387
-495.711 -404.249 -91.4621
-500.546 -404.963 -95.5828
-498.012 -405.805 -92.2071
-502.908 -410.852 -92.0559
-510.563 -401.759 -108.803
-486.427 -397.744 -88.6825
-491.047 -398.119 -92.928
-494.1 -401.264 -92.836
-481.529 -393.476 -88.0536
-501.123 -403.324 -97.7992
-487.497 -397.919 -89.5785
-499.199 -398.094 -101.105
-495.017 -398.451 -96.5665
-514.004 -409.285 -104.719
-530.343 -411.011 -119.332
-541.583 -411.207 -130.376
-520.226 -409.968 -110.258
-521.089 -411.456 -109.633
-526.996 -402.84 -124.156
-504.883 -402.049 -102.835
-500.495 -409.358 -91.1371
-489.7 -401.802 -87.8982
-499.608 -414.703 -84.9057
-507.445 -409.546 -97.8993
-497.641 -407.727 -89.9145
-513.239 -412.274 -100.965
-546.16 -411.457 -134.703
-500.477 -407.183 -93.2948
-535.515 -409.068 -126.447
-534.974 -411.458 -123.516
-547.635 -407.558 -140.077
-504.801 -402.69 -102.111
-627.939 -402.696 -225.243
-498.952 -401.079 -97.873
-500.493 -402.449 -98.0438
-491.688 -403.489 -88.1988
-509.24 -399.434 -109.806
-512.639 -403.454 -109.185
-495.746 -399.643 -96.1027
-504.918 -403.101 -101.817
-508.551 -398.701 -109.85
-497.695 -411.077 -86.6182
-497.554 -406.765 -90.7887
-499.414 -403.231 -96.1833
-480.654 -402.408 -78.2466
-488.798 -411.443 -77.3552
-488.364 -409.115 -79.2491
-487.984 -410.215 -77.7691
-486.69 -408.348 -78.3414
-492.579 -414.2 -78.3797
-478.556 -402.083 -76.4723
-480.991 -409.673 -71.3181
-493.068 -407.357 -85.7105
-492.176 -404.562 -87.6137
-485.509 -403.887 -81.6228
-490.913 -408.55 -82.3631
-494.219 -412.427 -81.7921
-495.415 -408.535 -86.8803
-499.46 -402.821 -96.6387
-525.494 -418.127 -107.367
-507.397 -401.926 -105.47
-500.524 -405.557 -94.9673
-528.047 -419.502 -108.546
-522.364 -416.027 -106.337
-520.547 -416.877 -103.671
-487.979 -416.309 -71.6705
-489.899 -417.109 -72.7892
-488.933 -429.398 -59.5347
-493.857 -424.38 -69.4775
-506.794 -430.155 -76.639
-510.446 -426.625 -83.8206
-484.106 -419.382 -64.7239
-493.623 -425.967 -67.6565
-491.774 -430.816 -60.9585
-487.862 -434.434 -53.4288
-503.181 -435.5 -67.6808
-504.491 -423.483 -81.0081
-527.234 -423.92 -103.315
-485.788 -417.581 -68.2068
-519.124 -424.971 -94.1524
-486.259 -428.421 -57.8377
-480.943 -425.762 -55.1818
-485.642 -429.315 -56.3269
-479.689 -423.102 -56.5862
-483.361 -425.41 -57.9506
-476.03 -421.626 -54.4045
-477.711 -422.687 -55.0239
-479.481 -431.831 -47.6495
-481.407 -430.143 -51.2649
-492.033 -434.148 -57.8846
-480.833 -424.252 -56.5814
-496.337 -430.159 -66.1781
-496.083 -429.987 -66.0965
-487.308 -427.662 -59.646
-481.021 -427.232 -53.789
-486.492 -427.707 -58.7851
-477.791 -423.772 -54.019
-499.155 -416.605 -82.5501
-491.904 -423.018 -68.8851
-478.072 -422.514 -55.5584
-482.407 -424.885 -57.522
-475.202 -418.734 -56.4671
-483.939 -424.872 -59.0663
-476.857 -420.775 -56.0823
-493.059 -431.176 -61.8824
-502.528 -428.884 -73.6439
-495.583 -424.061 -71.5225
-486.016 -425.882 -60.1338
-478.302 -419.499 -58.8037
-484.719 -419.568 -65.1512
-490.833 -419.843 -70.9898
-495.407 -431.784 -63.6229
-492.946 -421.133 -71.8134
-476.528 -417.45 -59.078
-487.725 -421.845 -65.8802
-484.773 -426.064 -58.7084
-481.247 -428.856 -52.3913
-487.325 -428.324 -59.0006
-505.412 -430.907 -74.5046
-497.501 -427.693 -69.8081
-521.14 -429.591 -91.5488
-526.667 -442.848 -83.8188
-510.67 -435.409 -75.261
-506.914 -425.36 -81.5537
-503.677 -429.294 -74.3838
-499.164 -423.194 -75.9696
-507.703 -425.064 -82.6391
-513.788 -420.264 -93.5245
-544.034 -421.309 -122.725
-495.638 -402.012 -93.6265
-506.042 -411.491 -94.5503
-508.164 -422.258 -85.9058
-503.065 -411.996 -91.0688
-557.135 -426.19 -130.946
-546.599 -425.025 -121.574
-507.449 -413.273 -94.176
-512.948 -416.973 -95.9754
-514.267 -419.841 -94.4256
-501.504 -413.1 -88.4035
-553.22 -424.144 -129.077
-519.05 -420.862 -98.1878
-526.149 -419.903 -106.247
-506.714 -418.629 -88.085
-517.096 -433.893 -83.2023
-490.938 -423.715 -67.2234
-498.551 -432.934 -65.6169
-489.351 -427.82 -61.5306
-475.26 -426.525 -48.7353
-487.207 -424.66 -62.5466
-485.542 -420.984 -64.5583
-480.298 -423.977 -56.3205
-481.682 -424.114 -57.5678
-482.293 -429.538 -52.7556
-481.003 -432.389 -48.614
-473.548 -424.544 -49.0041
-477.007 -427.785 -49.2219
-481.477 -424.078 -57.3997
-487.18 -430.91 -56.2699
-486.537 -427.236 -59.3015
-494.108 -431.918 -62.1904
-509.301 -430.835 -78.4663
-506.15 -441.647 -64.5027
-491.231 -434.32 -56.9111
-511.632 -438.48 -73.152
-491.592 -432.633 -58.9591
-478.209 -427.9 -50.3084
-491.634 -423.972 -67.6619
-480.636 -423.838 -56.7979
-486.954 -433.796 -53.1575
-487.08 -423.504 -63.5763
-480.991 -425.542 -55.4482
-495.938 -438.799 -57.1384
-486.887 -435.821 -51.0665
-488.863 -430.157 -58.7061
-490.77 -434.708 -56.0618
-496.478 -428.408 -68.0696
-495.96 -432.854 -63.106
-520.559 -440.287 -80.272
-488.086 -438.146 -49.94
-479.299 -435.06 -44.2396
-481.13 -440.212 -40.9176
-485.393 -442.781 -42.6119
-477.328 -441.67 -35.6571
-477.416 -439.786 -37.6306
-479.221 -444.979 -34.2428
nan -441.535 nan
-450.983 -431.858 -19.1243
-454.386 -434.803 -19.5827
-463.8 -440.422 -23.3774
-486.845 -440.856 -45.9888
-458.372 -437.706 -20.6662
-469.503 -434.402 -35.1009
-500.824 -441.691 -59.1329
-483.224 -433.28 -49.9441
-475.122 -429.684 -45.4382
-497.756 -433.809 -63.9467
-487.928 -430.563 -57.3648
-482.923 -428.189 -54.734
-499.905 -428.175 -71.7305
-506.772 -431.259 -75.5138
-520.536 -434.613 -85.9228
-494.867 -433.109 -61.7578
-529.847 -446.313 -83.5341
-497.614 -435.225 -62.3888
-494.652 -427.895 -66.7563
-505.42 -424.644 -80.7757
-498.158 -427.385 -70.7725
-524.683 -422.963 -101.719
-494.126 -417.487 -76.6392
-495.932 -424.429 -71.5035
-501.689 -431.106 -70.5824
-505.274 -434.576 -70.6986
-533.118 -447.203 -85.9155
-503.673 -438.759 -64.9139
-491.555 -430.83 -60.7252
-497.706 -437.501 -60.2049
-485.124 -436.122 -49.0013
-479.838 -435.124 -44.7132
-475.761 -432.293 -43.4683
-479.065 -433.931 -45.1344
-489.927 -431.461 -58.4663
-480.638 -432.789 -47.8491
-484.836 -436.34 -48.4965
-475.8 -432.643 -43.1569
-477.449 -435.134 -42.3151
-490.923 -439.633 -51.2899
-484.548 -438.037 -46.5112
-483.95 -439.369 -44.5807
-499.04 -441.649 -57.391
-507.356 -445.385 -61.9712
-480.508 -435.013 -45.4954
-494.061 -439.86 -54.2014
-493.107 -443.263 -49.8433
-499.996 -442.055 -57.9411
-502.627 -437.787 -64.8402
-516.513 -437.743 -78.7701
-483.31 -434.554 -48.756
-481.668 -437.82 -43.8479
-489.488 -439.51 -49.9776
-487.505 -433.237 -54.2682
-485.446 -435.825 -49.6216
-486.891 -435.891 -51.0009
-489.591 -428.559 -61.0322
-505.011 -439.363 -65.6486
-495.014 -435.006 -60.0085
-505.108 -444.299 -60.8096
-495.106 -436.289 -58.8173
-497.431 -436.675 -60.7559
-495.934 -432.565 -63.3694
-505.591 -438.38 -67.2114
-503.826 -434.941 -68.8846
-511.156 -421.754 -89.4018
-495.962 -426.575 -69.3868
-497.699 -429.755 -67.9438
-503.095 -430.871 -72.2243
-495.133 -428.211 -66.9219
-507.484 -422.447 -85.0376
-497.92 -415.48 -82.4399
-486.384 -419.692 -66.6918
-492.319 -421.688 -70.6312
-508.944 -424.675 -84.2689
-506.397 -432.014 -74.3835
-509.768 -441.027 -68.7408
-505.517 -426.317 -79.2001
-502.554 -428.69 -73.8637
-506.362 -424.179 -82.1826
-513.061 -420.168 -92.8933
-500.334 -412.73 -87.604
-496.303 -417.124 -79.1789
-497.556 -423.786 -73.7696
-490.28 -420.306 -69.9748
-496.326 -418.699 -77.6273
-496.281 -427.631 -68.6494
-490.299 -426.858 -63.4414
-490.937 -423.783 -67.1535
-502.91 -422.759 -80.1513
-503.144 -426.105 -77.0397
-498.426 -428.78 -69.6457
-499.609 -422.916 -76.6929
-498.481 -418.163 -80.3175
-515.425 -420.18 -95.2451
-517.833 -425.112 -92.7208
-532.342 -427.807 -104.535
-528.048 -419.59 -108.458
-542.885 -424.785 -118.1
-520.347 -417.129 -103.218
-505.931 -424.081 -81.8496
-503.312 -418.191 -85.1209
-480.89 -414.877 -66.0131
-499.246 -419.33 -79.9157
-502.656 -415.604 -87.0513
-497.598 -412.539 -85.0595
-487.719 -415.029 -72.6894
-499.579 -422.927 -76.6523
-500.267 -420.618 -79.6491
-498.776 -418.184 -80.5916
-506.287 -430.144 -76.1426
-515.517 -432.46 -83.057
-533.649 -423.854 -109.794
-522.857 -423.623 -99.2339
-522.394 -420.042 -102.352
-489.742 -399.513 -90.2289
-499.184 -397.567 -101.617
-479.631 -394.936 -84.6953
-494.354 -403.997 -90.3564
-496.362 -402.588 -93.7738
-495.064 -406.09 -88.9741
-503.138 -404.438 -98.6998
-524.342 -405.227 -119.115
-505.596 -406.934 -98.6619
-496.858 -403.765 -93.0936
-504.217 -413.717 -90.5005
-510.446 -417.259 -93.1876
-496.751 -402.691 -94.0604
-496.52 -398.521 -97.9989
-500.351 -405.286 -95.0649
-511.749 -405.74 -106.009
-515.858 -404.393 -111.465
-510.019 -411.012 -99.0066
-493.97 -403.744 -90.2251
-498.425 -397.321 -101.104
-494.19 -406.607 -87.5836
-495.736 -406.534 -89.2027
-520.048 -411.566 -108.482
-491.926 -401.949 -89.9768
-521.541 -408.009 -113.532
-513.188 -414.142 -99.0457
-512.472 -409.3 -103.171
-515.501 -410.259 -105.242
-494.142 -406.98 -87.1615
-507.89 -422.446 -85.444
-483.958 -413.235 -70.7232
-520.06 -418.296 -101.764
-516.978 -415.823 -101.155
-493.143 -417.767 -75.3763
-499.882 -416.128 -83.7543
-478.201 -409.08 -69.121
-483.268 -414.302 -68.9658
-527.073 -420.099 -106.974
-547.702 -416.859 -130.844
-505.839 -410.383 -95.456
-517.144 -419.831 -97.3125
-491.28 -414.481 -76.7993
-497.104 -409.34 -87.7642
-477.578 -412.491 -65.0867
-498.083 -416.886 -81.1971
-515.458 -419.748 -95.7099
-500.406 -421.662 -78.7442
-479.882 -412.86 -67.0225
-486.776 -421.355 -65.4211
-480.64 -415.25 -65.3903
-484.236 -410.399 -73.8376
-481.37 -408.967 -72.4033
-487.82 -412.664 -75.1555
-474.47 -406.897 -67.5727
-483.06 -410.412 -72.6477
-487.009 -415.904 -71.1049
-494.303 -405.349 -88.9539
-498.907 -411.478 -87.4286
-504.425 -410.807 -93.6188
-495.288 -410.689 -84.5985
-477.683 -401.434 -76.2486
-490.388 -407.073 -83.3148
-499.955 -417.811 -82.1435
-472.839 -402.262 -70.5767
-484.827 -402.496 -82.3311
-495.77 -408.818 -86.9528
-509.186 -419.224 -89.9629
-490.542 -408.943 -81.5992
-502.839 -408.347 -94.4916
-487.054 -411.284 -75.7703
-517.665 -401.96 -115.705
-504.748 -402.958 -101.79
-524.003 -407.984 -116.02
-488.197 -407.662 -80.535
-540.027 -407.858 -132.169
-487.58 -403.077 -84.503
-481.175 -402.075 -79.1001
-481.717 -405.297 -76.4198
-495.365 -411.477 -83.888
-510.405 -416.096 -94.3088
-496.531 -410.064 -86.4676
-498.395 -414.998 -83.3965
-492.068 -418.198 -73.8705
-503.142 -416.184 -86.9579
-499.79 -407.481 -92.309
-485.902 -413.014 -72.8888
-483.154 -412.485 -70.6685
-504.674 -419.978 -84.6962
-498.455 -421.494 -76.9603
-493.016 -420.07 -72.9468
-470.036 -409.052 -60.9836
-492.548 -419.995 -72.5534
-480.211 -407.773 -72.4373
-489.19 -417.51 -71.68
-490.076 -418.263 -71.8132
-481.84 -417.993 -63.8474
-470.576 -414.116 -56.4601
-468.956 -412.517 -56.4393
-472.544 -408.75 -63.7931
-474.337 -413.667 -60.6693
-477.479 -413.902 -63.5761
-474.028 -407.042 -66.9865
-472.158 -411.05 -61.1074
-473.634 -412.614 -61.0204
-489.956 -417.542 -72.4138
-481.708 -412.635 -69.0727
-476.244 -408.863 -67.3809
-481.931 -409.255 -72.6763
-473.036 -411.028 -62.0078
-483.125 -409.876 -73.2491
-478.029 -418.22 -59.8091
-475.531 -406.317 -69.214
-496.426 -415.68 -80.7465
-490.477 -411.482 -78.9949
-485.497 -416.557 -68.9401
-490.154 -419.221 -70.933
-496.769 -419.323 -77.4458
-491.546 -411.239 -80.3069
-492.573 -417.775 -74.7981
-493.477 -416.417 -77.0603
-501.935 -414.549 -87.3864
-506.974 -420.174 -86.8005
-506.51 -419.147 -87.3628
-489.013 -414.43 -74.5825
-517.107 -419.079 -98.0278
-489.776 -418.464 -71.3125
-494.689 -415.437 -79.2514
-484.886 -421.961 -62.9249
-481.451 -416.157 -65.2934
-474.483 -412.992 -61.4916
-470.957 -413.721 -57.2366
-491.749 -418.946 -72.8032
-499.356 -417.784 -81.5716
-502.174 -419.964 -82.21
-497.179 -420.708 -76.4711
-499.23 -420.763 -78.4676
-484.172 -417.436 -66.736
-481.889 -417.094 -64.7946
-478.94 -416.302 -62.6376
-483.466 -414.105 -69.3609
-479.389 -416.717 -62.6723
-489.555 -425.076 -64.4797
-483.791 -422.321 -61.4692
-483.775 -425.015 -58.7598
-475.822 -422.612 -53.2098
-487.077 -424.004 -63.0736
-482.091 -425.277 -56.8133
-477.249 -418.357 -58.8914
-474.253 -413.88 -60.3725
-500.885 -418.361 -82.524
-494.339 -413.444 -80.8953
-482.669 -408.693 -73.9761
-484.177 -412.539 -71.6382
-479.956 -404.147 -75.8091
-511.004 -414.574 -96.4305
-516.997 -418.286 -98.7114
-509.426 -421.113 -88.3131
-496.516 -412.054 -84.462
-498.988 -408.028 -90.9602
-487.798 -411.221 -76.5763
-508.962 -405.438 -103.524
-477.621 -399.996 -77.6254
-503.697 -417.108 -86.5899
-490.78 -412.199 -78.5809
-481.957 -409.355 -72.6019
-487.648 -409.962 -77.6864
-489.012 -408.471 -80.5411
-472.005 -401.131 -70.8746
-478.718 -404.188 -74.5305
-476.095 -406.395 -69.6992
-475.147 -404.025 -71.1221
-474.381 -406.436 -67.9449
-473.61 -402.331 -71.2785
-481.839 -407.625 -74.2134
-509.542 -406.706 -102.836
-513.578 -406.356 -107.222
-503.112 -401.882 -101.231
-516.148 -407.726 -108.422
-511.589 -403.994 -107.594
-472.57 -397.371 -75.1988
-482.259 -411.225 -71.0336
-499.166 -416.342 -82.8234
-475.178 -404.125 -71.0531
-498.242 -413.897 -84.3452
-483.555 -410.597 -72.9574
-486.358 -414.55 -71.8084
-517.663 -417.977 -99.6863
-495.753 -411.689 -84.0647
-508.697 -404.089 -104.608
-517.634 -399.824 -117.81
-502.63 -407.415 -95.214
-488.168 -405.87 -82.2979
-500.74 -414.628 -86.1123
-517.06 -417.717 -99.3431
-503.389 -411.897 -91.4918
-491.147 -410.813 -80.3335
-515.578 -404.304 -111.274
-485.221 -419.297 -65.924
-484.162 -412.094 -72.068
-487.484 -417.692 -69.7924
-479.967 -419.986 -59.9818
-473.535 -416.092 -57.4433
-470.131 -411 -59.1309
-473.806 -414.569 -59.2369
-490.589 -416.458 -74.1304
-474.64 -410.258 -64.3819
-493.975 -425.092 -68.8836
-477.399 -414.057 -63.3421
-507.221 -418.597 -88.6234
-491.767 -417.015 -74.7521
-481.731 -417.394 -64.3369
-489.819 -418.983 -70.8366
-500.708 -411.132 -89.5769
-482.988 -413.631 -69.3565
-492.988 -417.194 -75.7935
-473.868 -410.61 -63.2576
-480.967 -416.327 -64.6398
-491.753 -415.074 -76.6787
-472.205 -409.466 -62.7397
-479.363 -407.834 -71.5286
-485.226 -422.137 -63.0885
-472.235 -409.96 -62.2747
-477.639 -414.107 -63.5323
-471.148 -409.381 -61.7668
-471.665 -407.265 -64.4008
-478.19 -412.342 -65.8479
-462.764 -407.437 -55.3267
-466.402 -408.824 -57.578
-476.141 -418.882 -57.259
-480.061 -415.327 -64.734
-512.413 -417.809 -94.6035
-517.656 -423.143 -94.5129
-530.725 -430.851 -99.8734
-495.495 -415.735 -79.7601
-470.865 -411.887 -58.9782
-481.672 -414.773 -66.8989
-490.405 -415.111 -75.294
-511.725 -420.53 -91.1949
-489.172 -417.794 -71.3775
-485.278 -412.491 -72.7871
-477.193 -411.303 -65.89
-486.054 -418.16 -67.8947
-475.706 -410.528 -65.1786
-485.785 -410.466 -75.3194
-501.78 -412.761 -89.019
-503.82 -427.468 -76.3521
-490.576 -416.045 -74.5311
-488.654 -421.302 -67.352
-482.499 -411.461 -71.0378
-485.023 -416.511 -68.5126
-478.036 -410.818 -67.2183
-490.083 -413.443 -76.6402
-481.396 -409.91 -71.4862
-480.873 -417.356 -63.5172
-483.461 -414.753 -68.7082
-485.104 -422.316 -62.7875
-483.333 -421.297 -62.0361
-477.892 -416.551 -61.3415
-498.896 -423.449 -75.4474
-479.801 -413.428 -66.3721
-477.554 -407.975 -69.5783
-486.357 -408.161 -78.196
-478.387 -400.458 -77.929
-476.319 -410.322 -65.9965
-497.309 -418.845 -78.4638
-489.052 -414.024 -75.0284
-500.509 -423.3 -77.2088
-470.697 -411.642 -59.0544
-472.668 -407.656 -65.0113
-480.34 -415.024 -65.3161
-503.239 -413.742 -89.4977
-487.707 -407.946 -79.7604
-512.26 -422.946 -89.314
-501.169 -410.8 -90.3693
-509.301 -420.719 -88.5816
-486.254 -406.3 -79.9544
-497.504 -405.675 -91.8293
-503.605 -409.025 -94.5795
-522.769 -411.725 -111.044
-489.981 -412.381 -77.6002
-485.775 -411.552 -74.2232
-499.329 -412.539 -86.7905
-524.109 -413.797 -110.312
-509.351 -419.798 -89.5523
-518.056 -416.347 -101.71
-499.042 -406.128 -92.9136
-508.868 -426.333 -82.5359
-519.247 -423.434 -95.8129
-509.927 -420.076 -89.8508
-511.091 -412.641 -98.45
-516.176 -422.469 -93.7065
-503.879 -421.185 -82.6935
-503.271 -424.971 -78.3002
-478.312 -406.734 -71.5783
-504.025 -414.264 -89.7608
-496.76 -412.96 -83.8007
-531.004 -425.194 -105.809
-519.107 -421.747 -97.3596
-495.794 -423.857 -71.9366
-512.253 -423.272 -88.981
-481.033 -416.603 -64.4301
-484.449 -419.746 -64.7032
-485.141 -421.885 -63.2558
-480.988 -421.877 -59.1105
-497.96 -422.22 -75.7399
-508.967 -426.005 -82.9625
-494.8 -413.217 -81.5825
-487.969 -424.108 -63.8608
-483.576 -414.583 -68.9932
-486.189 -417.83 -68.3581
-478.586 -413.527 -65.0592
-493.204 -427.426 -65.7778
-488.993 -421.033 -67.9599
-492.265 -413.865 -78.4001
-489.682 -406.682 -82.9999
-481.227 -409.618 -71.6091
-492.603 -407.755 -84.8479
-515.169 -406.331 -108.837
-519.538 -418.229 -101.309
-480.518 -406.767 -73.7511
-486.767 -405.294 -81.4721
-473.996 -410.534 -63.4625
-501.4 -410.627 -90.7728
-493.194 -413.64 -79.554
-482.404 -409.991 -72.4133
-497.593 -408.799 -88.7946
-491.107 -410.244 -80.863
-490.991 -412.332 -78.6581
-473.725 -402.12 -71.6053
-495.572 -412.1 -83.472
-491.296 -412.806 -78.4904
-502.704 -410.004 -92.6998
-504.999 -412.302 -92.6977
-510.783 -415.365 -95.418
-541.463 -408.36 -133.103
-512.41 -419.69 -92.7201
-526.1 -418.966 -107.135
-536.395 -422.983 -113.411
-582.989 -424.01 -158.98
-520.503 -410.394 -110.109
-632.685 -423.941 -208.745
-593.12 -420.658 -172.462
-613.782 -419.593 -194.189
-525.687 -404.543 -121.144
-537.717 -411.937 -125.78
-535.314 -423.045 -112.268
-520.119 -408.711 -111.409
-523.284 -412.886 -110.398
-525.339 -412.081 -113.258
-525.833 -423.318 -102.514
-516.411 -430.149 -86.2618
-486.21 -416.43 -69.7797
-478.627 -417.401 -61.2258
-485.383 -414.443 -70.9393
-474.98 -411.221 -63.7589
-485.418 -415.598 -69.8195
-480.653 -402.981 -77.6725
-478.451 -409.814 -68.6366
-480.108 -410.402 -69.7052
-482.208 -415.376 -66.8325
-484.265 -422.962 -61.3031
-480.79 -424.471 -56.3191
-482.256 -427.804 -54.4519
-491.157 -421.788 -69.3693
-490.765 -422.945 -67.8202
-480.459 -421.947 -58.5128
-470.584 -410.995 -59.5889
-483.804 -423.337 -60.4668
-488.135 -416.858 -71.2768
-498.774 -417.715 -81.0589
-486.645 -414.792 -71.8533
-493.209 -411.028 -82.1818
-509.723 -425.151 -84.5717
-483.382 -417.35 -66.0324
-480.406 -414.883 -65.5235
-481.986 -417.526 -64.4598
-492.263 -424.177 -68.0861
-490.002 -417.486 -72.5153
-506.957 -420.644 -86.3138
-502.334 -417.155 -85.1791
-519.729 -415.252 -104.478
-477.612 -405.312 -72.2998
-489.051 -418.015 -71.0364
-500.043 -417.587 -82.4561
-475.13 -411.559 -63.5705
-483.191 -412.423 -70.768
-474.527 -412.045 -62.4826
-470.352 -408.938 -61.4143
-468.749 -410.051 -58.6983
-484.944 -417.97 -66.9742
-477.023 -415.112 -61.9111
-492.698 -423.915 -68.7827
-483.432 -422.399 -61.0324
-482.311 -414.834 -67.4773
-475.886 -412.516 -63.3697
-513.876 -443.452 -70.4235
-494.337 -418.524 -75.8126
-483.844 -415.345 -68.4992
-489.142 -416.474 -72.6686
-493.726 -421.009 -72.7172
-475.736 -418.887 -56.8491
-493.961 -430.667 -63.2945
-486.992 -428.605 -58.3866
-480.615 -424.589 -56.0261
-480.752 -430.647 -50.1051
-494.71 -442.537 -52.1735
-488.513 -429.294 -59.2189
-498.129 -421.658 -76.4715
-481.208 -423.407 -57.8016
-479.832 -419.594 -60.2382
-489.894 -426.216 -63.6785
-493.633 -432.326 -61.3066
-475.827 -421.408 -54.4188
-484.269 -428.787 -55.4817
-507.621 -432.022 -75.5983
-505.861 -441.511 -64.3507
-495.785 -435.958 -59.8263
-493.102 -432.539 -60.5634
-480.61 -426.85 -53.7595
-485.516 -433.028 -52.4875
-483.686 -431.308 -52.3781
-491.384 -437.321 -54.063
-471.198 -429.633 -41.565
-479.346 -430.03 -49.3162
-477.881 -430.393 -47.4881
-485.149 -434.48 -50.6691
-490.277 -432.689 -57.5882
-487.274 -427.377 -59.8967
-477.005 -417.929 -59.0766
-486.759 -424.746 -62.0133
-481.817 -420.995 -60.8226
-484.778 -425.32 -59.458
-499.69 -424.222 -75.4678
-550.201 -432.065 -118.136
-499.745 -422.572 -77.1729
-505.994 -421.06 -84.9345
-528.043 -421.244 -106.799
-507.522 -424.581 -82.9412
-487.333 -419.969 -67.3638
-480.652 -420.996 -59.6565
-487.685 -425.135 -62.5502
-491.469 -424.9 -66.5697
-517.413 -421.347 -96.0654
-548.45 -426.487 -121.962
-531.041 -414.679 -116.362
-470.884 -407.514 -63.3692
-471.588 -407.643 -63.9453
-512.907 -421.201 -91.706
-681.508 -605.108 -76.4
-549.771 -500.98 -48.7911
-555.165 -502.471 -52.6937
-556.928 -500.611 -56.3175
-567.848 -498.528 -69.3201
-560.279 -496.462 -63.8176
-597.969 -499.492 -98.4764
-564.301 -488.712 -75.5891
-571.032 -492.59 -78.4417
-560.572 -492.745 -67.8262
-552.714 -492.363 -60.3511
-518.508 -466.557 -51.9509
-552.424 -452.214 -100.211
-504.223 -429.632 -74.5912
-514.343 -432.306 -82.0367
-494.029 -412.019 -82.0096
-485.719 -417.94 -67.7794
-509.307 -426.938 -82.369
-491.467 -418.708 -72.759
-495.572 -417.391 -78.1803
-482.7 -423.448 -59.2516
-483.507 -419.17 -64.3368
-507.585 -423.207 -84.3784
-486.53 -420.331 -66.1995
-497.762 -421.954 -75.8076
-498.732 -411.164 -87.5676
-479.974 -415.157 -64.8172
-477.162 -417.911 -59.2508
-488.928 -419.547 -69.3812
-491.566 -422.779 -68.7864
-469.65 -410.594 -59.0559
-482.799 -417.962 -64.837
-476.093 -418.302 -57.7902
-471.395 -414.179 -57.2153
-478.33 -421.236 -57.0941
-480.867 -421.995 -58.872
-492.797 -436.663 -56.1343
-475.245 -422.428 -52.8178
-471.484 -412.851 -58.6328
-476.191 -411.156 -65.0354
-483.85 -411.591 -72.2583
-474.573 -413.082 -61.4911
-480.394 -411.903 -68.4907
-477.991 -411.655 -66.336
-499.157 -424.089 -75.0682
-515.713 -417.392 -98.3209
-505.696 -421.689 -84.007
-513.72 -422.452 -91.2681
-545.512 -421.077 -124.435
-507.829 -418.305 -89.5241
-514.751 -418.563 -96.1877
-503.097 -411.629 -91.4673
-482.922 -405.614 -77.3086
-481.023 -407.838 -73.1856
-480.93 -405.889 -75.0406
-474.928 -409.86 -65.0673
-483.811 -410.36 -73.451
-478.983 -411.642 -67.3405
-477.072 -407.349 -69.7227
-470.11 -404.659 -65.4507
-485.811 -416.747 -69.0641
-492.819 -420.326 -72.4929
-507.067 -419.302 -87.765
-634.312 -556.301 -78.011
-561.606 -485.418 -76.1882
-522.544 -462.554 -59.9905
-517.545 -448.818 -68.7272
-485.796 -431.254 -54.5421
-502.751 -436.831 -65.9197
-514.828 -438.093 -76.7349
-529.072 -438.916 -90.1558
-515.215 -431.795 -83.4206
-482.176 -432.059 -50.1172
-478.466 -437.395 -41.0712
-476.252 -433.478 -42.7738
-471.145 -428.023 -43.122
-496.164 -438.799 -57.3653
-481.11 -434.822 -46.288
-480.251 -434.752 -45.4995
-499.528 -442.72 -56.8082
-483.309 -437.787 -45.5214
-478.314 -435.285 -43.0293
-475.639 -438.671 -36.9675
-474.777 -436.223 -38.5544
-490.837 -430.934 -59.9022
-481.556 -430.939 -50.6171
-479.483 -432.715 -46.7672
-484.098 -430.755 -53.3431
-488.154 -433.27 -54.8839
-477.48 -432.787 -44.6929
-492.993 -436.849 -56.1445
-482.599 -440.474 -42.1244
-481.716 -437.719 -43.9966
-492.082 -438.385 -53.6968
-485.151 -439.983 -45.1682
-498.677 -435.762 -62.9148
-495.946 -437.882 -58.0636
-497.495 -432.77 -64.725
-480.66 -431.433 -49.227
-484.433 -431.09 -53.3434
-474.752 -431.47 -43.2812
-488.997 -436.201 -52.7965
-487.067 -438.385 -48.6824
-481.756 -431.932 -49.824
-538.942 -429.815 -109.127
-504.706 -435.848 -68.8581
-495.546 -430.744 -64.8016
-491.359 -435.877 -55.4822
-489.681 -430.325 -59.3564
-502.756 -437.687 -65.0691
-480.271 -432.308 -47.9635
-481.827 -435.143 -46.6843
-481.57 -437.297 -44.2732
-496.681 -436.05 -60.6315
-480.328 -435.909 -44.4192
-485.407 -441.289 -44.1178
-482.877 -439.72 -43.156
-494.406 -438.065 -56.3413
-480.162 -433.161 -47.0009
-511.108 -432.325 -78.7824
-504.709 -441.034 -63.6758
-488.064 -434.151 -53.9137
-500.947 -430.077 -70.8703
-481.495 -423.71 -57.7851
-497.357 -426.855 -70.5019
-476.036 -415.778 -60.2581
-510.003 -424.201 -85.8012
-497.278 -422.157 -75.1217
-505.581 -429.524 -76.0565
-496.492 -428.198 -68.2942
-504.766 -427.456 -77.3105
-492.229 -424.264 -67.9652
-488.98 -430.799 -58.1809
-487.413 -427.117 -60.2963
-481.027 -424.127 -56.8995
-490.521 -428.108 -62.4137
-489.809 -420.707 -69.1012
-492.766 -420.414 -72.3523
-497.638 -427.47 -70.1676
-484.511 -419.289 -65.2219
-493.796 -418.631 -75.1648
-488.57 -422.721 -65.8496
-478.772 -411.497 -67.2748
-486.498 -409.145 -77.3526
-470.514 -409.23 -61.2844
-477.572 -413.567 -64.005
-494.483 -411.937 -82.546
-472.528 -409.047 -63.4804
-493.798 -409.656 -84.142
-494.596 -412.517 -82.079
-485.482 -408.951 -76.5303
-474.346 -400.175 -74.1707
-483.665 -412.597 -71.068
-480.443 -405.245 -75.1976
-481.313 -405.484 -75.8296
-483.9 -409.655 -74.2446
-488.049 -410.631 -77.4182
-498.994 -416.56 -82.4336
-522.826 -416.006 -106.82
-487.585 -414.523 -73.0616
-476.97 -414.075 -62.8948
-479.406 -414.643 -64.7628
-515.999 -421.198 -94.8007
-499.542 -418.631 -80.9108
-495.32 -414.274 -81.0458
-535.234 -417.95 -117.284
-512.46 -422.096 -90.3639
-491.388 -417.221 -74.1663
-490.533 -413.222 -77.3107
-516.904 -414.378 -102.526
-508.799 -418.524 -90.2748
-508.873 -421.461 -87.4116
-501.366 -428.536 -72.8301
-495.213 -422.995 -72.2183
-470.449 -408.928 -61.5208
-479.49 -412.697 -66.7933
-487.6 -416.768 -70.8319
-489.385 -411.917 -77.4675
-479.138 -409.669 -69.4685
-497.662 -405.837 -91.8254
-502.469 -414.303 -88.1662
-496.151 -414.995 -81.1565
-488.631 -411.793 -76.8373
-491.056 -412.563 -78.4935
-481.107 -407.844 -73.2636
-490.156 -412.524 -77.6321
-485.922 -417.1 -68.8219
-496.406 -415.832 -80.5734
-494.639 -413.995 -80.6434
-507.266 -421.271 -85.9953
-492.271 -414.103 -78.1675
-499.42 -407.951 -91.4689
-474.965 -409.767 -65.1978
-485.835 -417.325 -68.5096
-480.283 -414.286 -65.9968
-485.207 -406.03 -79.1778
-475.948 -404.419 -71.5286
-473.467 -410.512 -62.9546
-474.897 -417.508 -57.3885
-501.946 -427.937 -74.0093
-500.36 -431.706 -68.6539
-511.757 -433.857 -77.9005
-488.606 -421.403 -67.2038
-487.145 -416.558 -70.5866
-515.159 -419.661 -95.498
-516.202 -413.361 -102.841
-510.732 -406.299 -104.433
-535.934 -404.665 -131.268
-507.467 -406.422 -101.045
-507.078 -409.117 -97.9603
-497.801 -404.403 -93.3979
-515.985 -413.019 -102.966
-522.197 -417.094 -105.103
-500.454 -416.247 -84.2065
-515.095 -424.985 -90.1092
-492.297 -410.707 -81.5907
-495.993 -418.607 -77.386
-506.272 -408.388 -97.8839
-491.41 -411.069 -80.3411
-485.076 -404.895 -80.1806
-482.431 -410.867 -71.5646
-494.667 -414.484 -80.1834
-480.308 -411.206 -69.1017
-495.932 -421.132 -74.7995
-496.474 -408.83 -87.6435
-490.641 -415.347 -75.2939
-502.121 -423.875 -78.2457
-494.228 -406.335 -87.8926
-489.731 -415.591 -74.1396
-494.498 -406.499 -87.999
-509.075 -408.602 -100.473
-504.872 -404.107 -100.765
-505.934 -415.762 -90.1715
-501.109 -414.649 -86.4594
-501.731 -419.032 -82.6989
-491.13 -412.857 -78.2732
-479.956 -409.288 -70.6679
-485.017 -408.374 -76.643
-493.155 -399.637 -93.5176
-510.149 -404.533 -105.616
-520.68 -413.044 -107.637
-495.72 -415.295 -80.4253
-514.641 -402.858 -111.783
-501.108 -397.92 -103.189
-494.302 -401.91 -92.3923
-499.058 -406.177 -92.8809
-499.535 -405.608 -93.9274
-498.075 -399.859 -98.2162
-508.801 -411.328 -97.4733
-520.723 -422.217 -98.5065
-507.297 -409.519 -97.7787
-499.159 -411.981 -87.178
-496.702 -415.189 -81.5134
-523.769 -408.83 -114.94
-487.307 -412.475 -74.8319
-490.056 -407.024 -83.0326
-498.205 -423.885 -74.3207
-467.393 -408.732 -58.6604
-476.637 -411.573 -65.0647
-472.742 -403.868 -68.8735
-468.225 -404.491 -63.7348
-469.297 -404.968 -64.329
-481.237 -409.925 -71.3111
-474.801 -408.72 -66.0804
-481.82 -412.535 -69.2844
-485.443 -412.72 -72.7237
-472.428 -407.508 -64.9202
-490.86 -408.136 -82.7232
-482.151 -410.396 -71.7543
-479.921 -406.463 -73.4577
-480.751 -393.493 -87.2577
-506.086 -406.119 -99.9665
-517.111 -405.065 -112.046
-505.028 -404.144 -100.884
-553.014 -406.706 -146.308
-536.193 -405.152 -131.042
-522.886 -401.659 -121.227
-539.514 -405.754 -133.76
-548.056 -411.52 -136.536
-540.439 -412.663 -127.776
-535.397 -403.854 -131.543
-479.34 -398.567 -80.7732
-479.947 -403.882 -76.0645
-514.858 -406.973 -107.885
-481.116 -399.552 -81.5638
-472.864 -399.426 -73.4379
-479.697 -403.765 -75.9324
-528.486 -404.008 -124.479
-488.61 -400.626 -87.9835
-489.163 -401.001 -88.1618
-520.262 -412.528 -107.734
-486.884 -405.399 -81.4855
-476.037 -399.4 -76.6362
-500.261 -405.253 -95.0085
-494.222 -409.812 -84.41
-485.096 -406.075 -79.0202
-498.601 -408.751 -89.8502
-484.21 -397.763 -86.4476
-486.079 -395.386 -90.6933
-502.387 -404.612 -97.7748
-489.979 -404.257 -85.7219
-496.791 -408.111 -88.6806
-481.738 -407.268 -74.4697
-500.187 -407.224 -92.9627
-487.861 -405.67 -82.1909
-487.338 -403.685 -83.6532
-488.654 -407.749 -80.9052
-497.235 -417.687 -79.5486
-498.518 -418.2 -80.3182
-488.247 -410.784 -77.4627
-473.004 -400.359 -72.6442
-490.306 -406.658 -83.6479
-486.252 -407.947 -78.305
-521.533 -421.238 -100.296
-485.18 -404.026 -81.1538
-494.166 -409.803 -84.3632
-499.152 -413.669 -85.4837
-506.685 -411.326 -95.3594
-510.274 -416.483 -93.791
-505.213 -422.776 -82.4365
-511.251 -430.324 -80.9273
-485.07 -420.863 -64.2079
-483.559 -416.83 -66.7291
-489.066 -420.975 -68.0917
-506.802 -429.323 -77.4788
-477.945 -419.778 -58.1664
-481.958 -424.791 -57.167
-492.09 -420.791 -71.2994
-477.29 -420.052 -57.2384
-487.804 -425.971 -61.8334
-480.562 -424.733 -55.8287
-480.531 -420.626 -59.9045
-481.436 -425.371 -56.0652
-486.816 -424.602 -62.2135
-496.379 -431.741 -64.6376
-493.243 -419.856 -73.3868
-471.402 -410.922 -60.48
-499.141 -414.978 -84.1626
-499.709 -421.56 -78.1487
-487.363 -421.281 -66.0822
-478.445 -416.679 -61.7659
-485.006 -423.057 -61.9489
-480.456 -415.669 -64.7876
-482.933 -421.138 -61.7946
-482.265 -416.884 -65.3805
-470.124 -413.495 -56.6292
-478.559 -409.577 -68.9814
-482.145 -413.71 -68.4347
-478.11 -413.511 -64.5995
-476.607 -415.377 -61.2298
-474.074 -413.838 -60.2363
-490.761 -419.087 -71.6743
-480.928 -416.608 -64.3201
-481.337 -413.331 -68.006
-478.042 -411.877 -66.1656
-488.524 -418.951 -69.5729
-490.631 -433.306 -57.3249
-479.725 -417.926 -61.799
-482.676 -420.266 -62.4104
-495.943 -432.19 -63.7533
-491.228 -428.013 -63.2153
-488.297 -426.423 -61.8741
-482.371 -417.295 -65.0766
-473.354 -412.805 -60.549
-475.564 -413.629 -61.9342
-480.199 -421.649 -58.5503
-486.282 -417.86 -68.4216
-474.78 -416.137 -58.6433
-491.726 -418.664 -73.0614
-484.707 -418.747 -65.9605
-494.834 -418.256 -76.5785
-489.662 -420.578 -69.0837
-491.686 -415.627 -76.0593
-503.281 -417.616 -85.6649
-491.288 -420.496 -70.7916
-478.693 -413.985 -64.7079
-490.948 -418.165 -72.7826
-492.518 -421.34 -71.1775
-498.69 -417.192 -81.498
-477.506 -414.501 -63.0051
-476.245 -413.961 -62.2833
-468.972 -409.386 -59.5858
-474.802 -411.977 -62.8247
-475.664 -407.064 -68.6003
-473.389 -408.529 -64.8597
-472.929 -410.865 -62.0642
-472.706 -412.062 -60.645
-470.405 -408.583 -61.8216
-479.318 -414.494 -64.824
-475.842 -415.275 -60.5676
-471.243 -414.202 -57.0402
-487.169 -417.421 -69.7479
-482.821 -412.208 -70.6137
-474.463 -410.648 -63.8147
-481.703 -415.65 -66.0533
-465.607 -412.243 -53.3639
-470.078 -407.962 -62.1168
-476.37 -407.268 -69.1017
-472.901 -409.173 -63.7286
-478.14 -417.186 -60.9536
-473.83 -410.403 -63.4271
-502.105 -415.66 -86.4451
-475.049 -410.231 -64.8186
-473.477 -406.725 -66.7523
-470.709 -405.867 -64.842
-474.202 -406.648 -67.5537
-476.34 -416.356 -59.9835
-481.213 -419.864 -61.3491
-479.229 -414.134 -65.0951
-473.054 -410.718 -62.3362
-472.149 -408.437 -63.7114
-486.395 -419.842 -66.5524
-495.76 -416.124 -79.6368
-482.431 -421.587 -60.844
-477.623 -413.468 -64.155
-484.09 -412.232 -71.8582
-488.291 -417.099 -71.1918
-477.826 -404.764 -73.0616
-479.007 -406.336 -72.6711
-493.884 -420.892 -72.9913
-489.847 -411.047 -78.8
-482.848 -410.4 -72.4486
-476.144 -407.799 -68.3447
-473.609 -404.855 -68.7539
-480.683 -408.396 -72.2866
-495.839 -417.022 -78.8169
-479.891 -412.926 -66.9648
-487.319 -423.329 -63.9907
-481.341 -418.322 -63.0187
-502.084 -406.364 -95.7199
-480.75 -404.688 -76.0621
-481.083 -405.281 -75.8021
-498.225 -421.577 -76.6478
-493.179 -416.686 -76.493
-496.098 -425.828 -70.2699
-481.429 -417.723 -63.7059
-490.379 -421.983 -68.3954
-530.248 -424.006 -106.242
-532.945 -415.949 -116.996
-518.964 -409.778 -109.186
-504.398 -408.039 -96.3595
-507.354 -414.175 -93.1787
-494.891 -415.388 -79.5028
-497.397 -409.545 -87.8516
-493.643 -416.995 -76.6479
-496.726 -413.36 -83.3669
-493.927 -411.114 -82.8137
-494.095 -411.204 -82.8912
-488.889 -403.388 -85.5015
-495.449 -402.467 -92.9812
-496.751 -405.543 -91.2087
-483.582 -396.052 -87.5305
-496.977 -405.099 -91.8788
-504.103 -404.236 -99.8673
-491.157 -398.922 -92.2351
-510.568 -398.786 -111.782
-480.879 -405.885 -74.9937
-484.489 -400.745 -83.7447
-498.492 -411.825 -86.6666
-489.965 -402.173 -87.7912
-496.724 -411.151 -85.5728
-499.163 -417.084 -82.0787
-492.953 -408.317 -84.6363
-482.295 -405.204 -77.0913
-489.442 -407.636 -81.8056
-507.081 -409.369 -97.7123
-707.912 -593.159 -114.753
-808.561 -630.512 -178.049
-616.792 -494.513 -122.279
-573.075 -454.239 -118.837
-554.533 -453.767 -100.767
-531.041 -433.021 -98.0198
-553.856 -441.193 -112.664
-524.927 -434.486 -90.4402
-513.482 -415.357 -98.1253
-501.4 -413.536 -87.8632
-519.234 -415.271 -103.963
-506.534 -414.141 -92.3935
-527.871 -415.818 -112.054
-507.936 -421.813 -86.1232
-507.185 -418.7 -88.4848
-509.88 -421.938 -87.9428
-511.343 -417.246 -94.0975
-514.731 -414.748 -99.9821
-506.513 -416.487 -90.0262
-535.257 -417.505 -117.752
-505.983 -416.451 -89.5318
-521.332 -420.829 -100.503
-514.414 -429.846 -84.5678
-493.666 -412.853 -80.8132
-486.108 -410.055 -76.0524
-480.719 -402.222 -78.4975
-495.649 -408.36 -87.289
-490.972 -405.425 -85.5462
-476.708 -400.83 -75.8779
-498.094 -404.277 -93.8174
-483.28 -400.377 -82.9031
-478.763 -394.303 -84.4605
-487.159 -393.077 -94.0813
-480.109 -392.066 -88.0433
-483.316 -392.656 -90.6601
-489.779 -394.409 -95.3704
-491.293 -404.22 -87.0724
-487.718 -402.137 -85.5812
-521.343 -405.841 -115.503
-520.878 -401.044 -119.833
-514.117 -403.992 -110.125
-492.262 -408.03 -84.2324
-486.55 -410.677 -75.8736
-481.783 -406.825 -74.9578
-481.562 -405.449 -76.1136
-505.651 -407.324 -98.3265
-491.946 -401.245 -90.701
-475.795 -407.249 -68.5465
-492.982 -407.504 -85.4782
-507.379 -402.253 -105.127
-486.004 -399.335 -86.6684
-493.813 -403.398 -90.4148
-516.142 -409.853 -106.288
-509.395 -395.985 -113.41
-501.259 -406.617 -94.6426
-486.474 -404.966 -81.5079
-500.087 -412.777 -87.3106
-484.505 -391.047 -93.4587
-491.452 -404.997 -86.4552
-487.716 -402.916 -84.7995
-467.148 -394.147 -73.0017
-476.708 -398.336 -78.3712
-496.627 -417.773 -78.8546
-514.17 -412.593 -101.577
-529.902 -408.775 -121.127
-482.94 -404.008 -78.9326
-473.989 -400.081 -73.9078
-478.047 -403.122 -74.9248
-475.847 -409.491 -66.356
-480.86 -413.28 -67.58
-488.39 -407.455 -80.9352
-472.87 -405.835 -67.035
-492.376 -407.826 -84.5502
-482.502 -419.821 -62.6815
-495.684 -431.079 -64.6044
-494.379 -424.763 -69.6157
-497.805 -420.89 -76.9152
-513.294 -404.068 -109.226
-478.097 -409.99 -68.1065
-486.064 -415.079 -70.9846
-482.781 -412.45 -70.3312
-476.103 -413.146 -62.9573
-478.951 -414.895 -64.0565
-479.745 -408.603 -71.1416
-513.647 -412.697 -100.95
-480.215 -404.864 -75.3516
-488.842 -413.522 -75.3205
-486.245 -404.448 -81.797
-477.119 -408.922 -68.1974
-499.797 -421.249 -78.548
-489.563 -413.473 -76.0897
-488.814 -409.869 -78.945
-502.063 -413.924 -88.139
-482.46 -415.969 -66.4911
-510.354 -413.148 -97.206
-531.485 -413.402 -118.084
-516.241 -408.83 -107.411
-517.481 -406.256 -111.226
-522.87 -408.12 -114.75
-491.333 -403.964 -87.3686
-503.742 -415.964 -87.7773
-495.007 -411.777 -83.2305
-520.783 -415.145 -105.638
-485.97 -403.668 -82.3027
-510.496 -416.91 -93.5857
-502.316 -420.679 -81.6366
-506.826 -415.791 -91.0354
-495.896 -426.496 -69.4001
-504.477 -407.879 -96.5985
-489.571 -408.883 -80.6883
-502.978 -417.266 -85.7116
-522.206 -409.85 -112.355
-506.989 -426.095 -80.8938
-514.149 -412.041 -102.108
-494.534 -401.499 -93.0349
-483.553 -407.589 -75.9647
-485.27 -399.705 -85.565
-493.279 -404.332 -88.947
-482.168 -406.183 -75.9848
-495.202 -404.087 -91.1149
-501.591 -402.303 -99.2886
-511.703 -411.501 -100.202
-491.859 -406.601 -85.2578
-488.844 -405.558 -83.2859
-486.419 -412.525 -73.8941
-504.166 -407.153 -97.0135
-496.373 -415.187 -81.186
-488.156 -412.158 -75.9988
-491.454 -408.844 -82.6102
-501.15 -413.859 -87.2912
-502.942 -410.245 -92.6975
-503.488 -413.774 -89.715
-504.497 -415.107 -89.3905
-505.789 -419.026 -86.7623
-541.586 -428.122 -113.464
-504.673 -416.171 -88.5018
-503.75 -416.66 -87.09
-494.438 -418.281 -76.1572
-489.121 -413.501 -75.6199
-483.629 -412.918 -70.7112
-488.261 -412.478 -75.783
-507.294 -414.563 -92.7311
-491.999 -414.292 -77.7065
-507.026 -418.548 -88.4778
-491.102 -420.956 -70.1461
-491.77 -411.426 -80.3444
-486.889 -412.799 -74.0904
-498.058 -412.596 -85.4621
-491.744 -423.265 -68.4781
-491.812 -410.102 -81.71
-481.756 -411.197 -70.5588
-484.405 -410.497 -73.9082
-487.033 -413.763 -73.2695
-493.573 -418.133 -75.4399
-519.222 -402.433 -116.789
-476.794 -400.949 -75.8442
-518.003 -409.287 -108.716
-483.298 -404.661 -78.6371
-478.844 -397.843 -81.001
-495.134 -396.695 -98.4386
-505.639 -409.609 -96.03
-501.175 -406.502 -94.6727
-507.745 -406.312 -101.433
-490.549 -400.179 -90.3692
-474.222 -397.32 -76.9015
-487.641 -399.34 -88.3019
-493.688 -404.223 -89.4657
-516.007 -397.868 -118.139
-506.045 -398.425 -107.621
-539.319 -406.423 -132.896
-500.197 -404.837 -95.3606
-493.168 -400.307 -92.8609
-500.736 -400.833 -99.9033
-484.959 -393.187 -91.7717
-489.248 -395.272 -93.9763
-489.223 -395.356 -93.8671
-478.863 -401.647 -77.2162
-502.384 -409.608 -92.776
-490.719 -408.501 -82.2174
-489.011 -401.766 -87.2452
-480.866 -395.345 -85.5213
-492.735 -408.511 -84.2243
-510.342 -411.546 -98.7967
-493.749 -408.446 -85.3034
-484.161 -406.573 -77.5881
-483.481 -410.483 -72.9977
-485.57 -415.312 -70.2579
-539.755 -413.21 -126.545
-489.343 -407.919 -81.4232
-489.225 -411.4 -77.8254
-528.266 -408.961 -119.305
-516.277 -410.477 -105.8
-494.951 -412.266 -82.6848
-492.167 -416.157 -76.0092
-484.557 -411.767 -72.7902
-467.93 -395.338 -72.5916
-470.104 -394.079 -76.0249
-490.482 -403.192 -87.2905
-476.031 -404.208 -71.823
-488.389 -414.45 -73.9395
-483.804 -405.028 -78.7762
-479.947 -401.973 -77.9745
-488.324 -400.997 -87.3275
-496.651 -413.117 -83.5342
-496.803 -407.426 -89.3771
-487.237 -406.936 -80.3006
-480.605 -407.253 -73.3521
-479.366 -409.889 -69.4775
-474.987 -403.565 -71.4221
-499.854 -410.454 -89.4001
-495.854 -415.209 -80.6455
-489.713 -416.284 -73.4288
-486.248 -409.047 -77.2004
-494.663 -412.844 -81.8196
-486.208 -407.857 -78.3511
-499.985 -419.884 -80.1006
-505.592 -411.989 -93.6035
-503.233 -418.291 -84.9422
-512.967 -421.185 -91.7817
-510.689 -414.509 -96.1793
-525.262 -421.35 -103.912
-564.054 -436.971 -127.083
-565.901 -425.791 -140.111
-571.515 -416.966 -154.55
-570.237 -416.892 -153.345
-583.43 -419.517 -163.913
-529.814 -415.387 -114.426
-541.298 -422.258 -119.04
-574.39 -419.633 -154.757
-549.897 -428.678 -121.219
-503.87 -432.665 -71.2052
-503.915 -420.55 -83.3649
-491.634 -419.027 -72.6072
-486.177 -422.181 -63.9961
-492.177 -419.563 -72.6144
-498.265 -419.08 -79.1848
-487.574 -419.677 -67.897
-476.82 -413.56 -63.26
-491.198 -427.113 -64.0848
-481.966 -420.636 -61.3304
-492.757 -418.997 -73.7599
-482.653 -420.955 -61.698
-500.027 -426.664 -73.3624
-486.567 -417.689 -68.8781
-499.051 -425.824 -73.227
-508.781 -422.263 -86.5175
-500.242 -421.405 -78.8368
-497.477 -417.151 -80.3262
-502.222 -424.432 -77.7901
-497.323 -419.284 -78.0382
-496.854 -422.4 -74.4541
-490.275 -426.058 -64.217
-473.05 -413.216 -59.834
-483.834 -410.499 -73.3351
-474.639 -411.987 -62.6515
-469.368 -406.508 -62.8598
-485.141 -405.619 -79.5223
-498.964 -417.025 -81.9384
-500.601 -415.84 -84.7611
-497.094 -420.478 -76.6165
-476.781 -412.616 -64.165
-485.975 -409.887 -76.0884
-479.145 -410.898 -68.2473
-481.647 -419.418 -62.2285
-469.729 -409.39 -60.3388
-475.833 -414.96 -60.8726
-496.164 -410.24 -85.9238
-490.698 -418.792 -71.9056
-476.559 -409.62 -66.9396
-489.61 -421.195 -68.4149
-490.811 -421.307 -69.5037
-489.636 -419.675 -69.9608
-513.459 -414.366 -99.0937
-497.007 -425.055 -71.9519
-486.419 -423.015 -63.4035
-487.871 -422.59 -65.2808
-500.478 -421.323 -79.1543
-525.404 -424.743 -100.661
-502.993 -410.749 -92.2437
-488.477 -417.454 -71.0227
-480.834 -409.525 -71.3095
-512.03 -407.754 -104.276
-501.189 -407.325 -93.8633
-501.259 -401.492 -99.7675
-501.895 -407.772 -94.1226
-514.583 -401.404 -113.179
-471.169 -397.368 -73.8009
-525.906 -408.671 -117.235
-489.511 -405.048 -84.4628
-546.447 -401.075 -145.372
-504.144 -409.917 -94.2269
-497.246 -412.715 -84.5308
-492.578 -414.394 -78.1837
-479.973 -408.341 -71.6318
-475.993 -408.626 -67.3675
-494.962 -409.235 -85.7265
-480.675 -406.423 -74.2511
-482.717 -403.169 -79.5482
-484.235 -405.123 -79.1121
-494.357 -417.063 -77.2943
-493.625 -413.29 -80.3344
-496.616 -406.651 -89.9654
-482.767 -407.466 -75.3002
-469.71 -405.873 -63.8368
-485.418 -416.347 -69.0713
-492.782 -415.135 -77.647
-502.836 -412.165 -90.6713
-509.582 -419.037 -90.5452
-486.465 -414.435 -72.0295
-503.564 -413.786 -89.7782
-493.456 -419.22 -74.2358
-490.248 -419.231 -71.0166
-489.374 -414.136 -75.2376
-497.332 -416.862 -80.4696
-510.6 -414.5 -96.0992
-514.136 -411.341 -102.795
-501.084 -422.565 -78.5193
-506.115 -408.933 -97.1818
-504.947 -415.396 -89.5506
-542.685 -425.29 -117.395
-532.14 -422.178 -109.962
-500.777 -416.881 -83.8964
-508.087 -418.832 -89.2553
-518.087 -425.438 -92.6499
-504.054 -420.615 -83.4389
-495.557 -409.137 -86.4193
-500.323 -414.352 -85.9717
-491.795 -413.085 -78.7094
-526.739 -417.629 -109.109
-499.493 -413.226 -86.2666
-476.122 -403.337 -72.7855
-493.334 -406.82 -86.5139
-505.635 -404.601 -101.035
-509.921 -414.75 -95.1716
-491.642 -407.059 -84.5827
-502.205 -420.684 -81.5216
-483.777 -404.526 -79.2513
-476.414 -403.534 -72.8805
-504.244 -411.344 -92.8995
-504.095 -412.952 -91.1431
-512.72 -412.54 -100.18
-494.702 -414.022 -80.68
-510.503 -413.985 -96.518
-503.231 -421.309 -81.9227
-490.134 -413.788 -76.3464
-484.646 -403.955 -80.6911
-499.421 -408.683 -90.7386
-481.262 -413.062 -68.1994
-483.228 -415.189 -68.0396
-504.736 -422.52 -82.2161
-513.639 -411.642 -101.997
-493.234 -405.585 -87.6496
-499.278 -410.707 -88.5713
-510.555 -411.746 -98.809
-468.492 -407.189 -61.3022
-473.38 -411.005 -62.3753
-486.309 -412.684 -73.6253
-488 -411.004 -76.997
-488.474 -414.938 -73.5368
-477.399 -408.106 -69.2923
-491.707 -417.312 -74.3952
-488.039 -417.28 -70.7585
-480.653 -415.13 -65.5224
-477.345 -406.821 -70.5242
-473.02 -404.677 -68.3431
-483.466 -409.087 -74.3784
-479.696 -411.252 -68.4439
-471.466 -410.196 -61.2705
-496.906 -412.749 -84.1567
-487.642 -408.42 -79.222
-470.008 -407.737 -62.2715
-478.757 -413.83 -64.9271
-469.609 -406.41 -63.1987
-463.348 -408.66 -54.6878
-474.693 -412.288 -62.4047
-492.489 -414.797 -77.6916
-479.633 -411.636 -67.9971
-480.494 -407.997 -72.4974
-475.46 -409.928 -65.5321
-480.215 -409.672 -70.5429
-482.521 -414.357 -68.1646
-468.417 -410.764 -57.6536
-467.472 -408.54 -58.9319
-480.567 -419.31 -61.2567
-490.204 -429.345 -60.8587
-487.46 -424.739 -62.7213
-487.425 -421.932 -65.4922
-481.38 -419.125 -62.2549
-482.805 -426.674 -56.1317
-483.422 -422.036 -61.3862
-516.303 -418.604 -97.6991
-529.917 -429.513 -100.404
-524.207 -425.518 -98.6888
-494.466 -427.734 -66.7323
-503.366 -418.301 -85.0644
-489.565 -431.137 -58.427
-485.178 -422.529 -62.6494
-502.134 -421.669 -80.4645
-487.543 -413.091 -74.4521
-477.939 -411.485 -66.4537
-482.556 -414.376 -68.1794
-501.279 -415.247 -86.0321
-502.527 -424.604 -77.9225
-499.204 -419.588 -79.6168
-522.916 -428.448 -94.4672
-500.648 -426.131 -74.5171
-497.989 -416.293 -81.6957
-494.73 -416.592 -78.1378
-489.004 -415.509 -73.4949
-485.739 -412.436 -73.303
-490.378 -422.661 -67.7164
-481.98 -404.937 -77.0436
-480.478 -401.377 -79.1013
-473.228 -404.903 -68.3253
-476.925 -411.68 -65.2454
-496.164 -416.243 -79.9212
-495.781 -420.005 -75.7755
-479.68 -409.285 -70.3954
-485.368 -414.296 -71.0728
-500.259 -411.697 -88.5622
-508.737 -415.226 -93.5109
-524.907 -419.415 -105.491
-490.515 -413.968 -76.5471
-476.832 -406.647 -70.1849
-480.197 -413.101 -67.0958
-475.133 -410.068 -65.0653
-474.275 -411.475 -62.7995
-487.034 -420.462 -66.5714
-479.942 -415.738 -64.2046
-486.504 -413.603 -72.9009
-489.49 -413.833 -75.6566
-481.654 -415.104 -66.5502
-472.198 -406.937 -65.2611
-473.155 -411.5 -61.6547
-472.292 -408.42 -63.8722
-471.531 -408.827 -62.7045
-478.475 -412.782 -65.6925
-471.075 -410.51 -60.5645
-477.96 -410.717 -67.2431
-480.378 -408.102 -72.275
-474.598 -401.132 -73.4664
-486.344 -403.848 -82.4959
-485.179 -409.964 -75.215
-473.062 -406.601 -66.4607
-484.587 -414.376 -70.2114
-479.392 -405.735 -73.6568
-478.645 -411.96 -66.6851
-470.153 -405.818 -64.3347
-477.468 -415.631 -61.8364
-473.065 -407.865 -65.2001
-473.838 -410.803 -63.035
-475.419 -412.42 -62.9996
-496.498 -406.418 -90.0798
-481.192 -411.345 -69.847
-494.262 -409.708 -84.5539
-487.333 -408.769 -78.564
-642.833 -581.036 -61.7965
-549.963 -511.604 -38.3589
-547.866 -519.083 -28.783
-565.399 -525.505 -39.8943
-533.985 -510.183 -23.8015
-538.481 -517.96 -20.5214
-529.991 -509.202 -20.7894
-520.061 -502.253 -17.8086
-526.494 -509.515 -16.9788
-542.958 -515.425 -27.5332
-539.543 -512.639 -26.9044
-551.465 -518.17 -33.2956
-545.764 -512.595 -33.1692
-545.176 -515.942 -29.2343
-541.221 -512.772 -28.4489
-549.794 -514.166 -35.6283
-543.133 -514.566 -28.567
-548.495 -523.257 -25.2383
-538.908 -514.965 -23.9433
-531.681 -515.938 -15.7425
-531.198 -513.493 -17.7047
-539.646 -514.327 -25.3195
-554.488 -513.195 -41.2927
-530.812 -510.365 -20.4468
-549.935 -513.147 -36.7887
-539.29 -504.88 -34.4102
-556.586 -509.303 -47.283
-545.878 -514.708 -31.1701
-536.863 -508.432 -28.4309
-542.568 -506.117 -36.4515
-548.188 -511.221 -36.9667
-545.072 -511.149 -33.9234
-541.693 -506.63 -35.063
-539.831 -510.215 -29.6159
-545.793 -512.339 -33.4531
-537.809 -511.581 -26.228
-536.763 -504.83 -31.9334
-529.914 -501.955 -27.9597
-536.781 -505.325 -31.4562
-529.533 -499.089 -30.4444
-541.226 -500.559 -40.6664
-525.737 -493.788 -31.9485
-535.023 -500.799 -34.2242
-547.736 -505.441 -42.2949
-544.078 -498.353 -45.725
-542.313 -494.001 -48.3123
-536.568 -489.088 -47.4804
-544.389 -493.515 -50.8738
-548.894 -495.957 -52.9369
-545.04 -491.615 -53.4252
-548.525 -489.591 -58.9343
-549.883 -489.723 -60.16
-537.812 -478.9 -58.9114
-521.175 -467.93 -53.2448
-534.254 -469.888 -64.3659
-521.118 -465.115 -56.0038
-528.857 -462.47 -66.3869
-523.638 -450.657 -72.9814
-502.811 -434.813 -67.9976
-506.634 -430.196 -76.438
-499.278 -434.211 -65.0669
-486.674 -425.395 -61.2789
-484.905 -427.508 -57.3976
-485.017 -429.276 -55.7408
-481.759 -423.644 -58.1145
-491.21 -429.463 -61.7477
-499.913 -426.078 -73.8359
-496.141 -420.487 -75.654
-498.982 -428.513 -70.4689
-488.252 -421.903 -66.3487
-499.669 -433.264 -66.4053
-497.543 -431.188 -66.3552
-493.57 -430.954 -62.6161
-507.177 -438.761 -68.4157
-510.981 -432.312 -78.6696
-502.619 -427.744 -74.8751
-486.165 -427.84 -58.3243
-489.585 -418.602 -70.983
-488.95 -424.311 -64.6389
-499.346 -426.651 -72.695
-503.599 -429.159 -74.4402
-497.216 -415.846 -81.3706
-518.04 -412.304 -105.736
-505.39 -420.339 -85.0505
-504.962 -418.83 -86.1317
-497.382 -414.899 -82.4823
-486.217 -414.662 -71.5557
-486.548 -422.429 -64.1183
-510.48 -420.938 -89.5425
-527.79 -421.982 -105.808
-513.414 -411.768 -101.647
-494.712 -408.725 -85.9872
-469.887 -407.088 -62.7984
-475.99 -410.304 -65.6868
-467.818 -404.631 -63.1874
-468.951 -403.469 -65.4818
-475.691 -410.055 -65.6365
-486.776 -407.327 -79.4496
-495.869 -409.117 -86.7522
-507.054 -408.253 -98.8014
-502.285 -402.845 -99.4402
-477.8 -405.709 -72.091
-482.495 -414.772 -67.7231
-483.98 -411.243 -72.7369
-535.133 -424.75 -110.383
-513.438 -412.278 -101.16
-474.705 -410.605 -64.1004
-471.265 -404.073 -67.1924
-471.943 -409.977 -61.9663
-475.364 -405.382 -69.9817
-467.6 -403.612 -63.9885
-484.131 -412.991 -71.1397
-475.766 -407.944 -67.8215
-492.447 -414.198 -78.2491
-482.118 -411.295 -70.8239
-469.542 -405.018 -64.5233
-490.557 -414.742 -75.815
-487.606 -409.524 -78.0821
-481.199 -419.364 -61.8341
-469.695 -406.152 -63.5427
-472.057 -407.757 -64.3003
-481.606 -413.361 -68.2445
-482.876 -414.882 -67.9939
-474.548 -413.007 -61.5406
-493.877 -417.595 -76.2821
-475.024 -413.765 -61.2587
-488.183 -413.669 -74.514
-484.063 -414.827 -69.2359
-478.069 -411.587 -66.4823
-472.49 -411.394 -61.0965
-471.947 -413.733 -58.2144
-493.615 -428.644 -64.9705
-486.38 -419.345 -67.0352
-469.382 -412.963 -56.4185
-486.658 -413.864 -72.7938
-466.175 -413.51 -52.6647
-476.664 -410.189 -66.4747
-480.047 -414.973 -65.0742
-517.187 -423.09 -94.0969
-486.226 -407.654 -78.5727
-490.875 -423.247 -67.6285
-481.113 -416.25 -64.863
-480.481 -414.285 -66.1959
-499.146 -413.176 -85.9701
-473.973 -408.733 -65.2397
-471.641 -410.562 -61.0792
-473.903 -414.784 -59.1194
-470.701 -418.581 -52.1199
-474.528 -411.29 -63.2381
-473.938 -412.422 -61.5156
-475.214 -416.124 -59.0895
-482.585 -419.979 -62.6057
-484.754 -417.3 -67.4546
-498.969 -417.734 -81.2352
-496.547 -411.891 -84.6565
-477.887 -419.552 -58.3347
-473.689 -412.788 -60.9015
-473.83 -408.627 -65.2024
-466.94 -411.721 -55.2188
-471.329 -411.769 -59.5596
-479.624 -416.491 -63.1327
-473.93 -414.424 -59.5064
-487.178 -418.668 -68.5105
-477.055 -415.323 -61.7324
-485.725 -421.742 -63.983
-477.859 -418.365 -59.4947
-490.705 -427.351 -63.3535
-503.275 -411.241 -92.0342
-488.244 -418.011 -70.233
-483.426 -414.603 -68.823
-498.251 -414.896 -83.3545
-498.835 -418.692 -80.1438
-505.661 -413.4 -92.2606
-506.396 -415.945 -90.4511
-500.531 -417.609 -82.9216
-520.034 -415.054 -104.98
-484.789 -411.574 -73.2148
-512.468 -421.945 -90.5236
-537.242 -421.776 -115.465
-506.993 -425.65 -81.3427
-515.024 -419.667 -95.3573
-518.707 -427.29 -91.4164
-497.769 -419.753 -78.0155
-515.592 -428.118 -87.4741
-510.748 -418.452 -92.2959
-501.311 -420.599 -80.7117
-502.8 -421.354 -81.4463
-493.678 -411.428 -82.25
-478.673 -411.362 -67.3115
-496.298 -414.518 -81.7806
-480.062 -412.388 -67.6744
-477.238 -405.734 -71.5038
-485.738 -413.584 -72.1543
-480.518 -408 -72.5183
-485.909 -405.61 -80.2997
-491.387 -410.796 -80.5904
-478.055 -413.114 -64.9419
-485.418 -415.287 -70.1314
-499.497 -424.471 -75.026
-486.501 -405.858 -80.6431
-491.542 -423.341 -68.2011
-497.798 -416.646 -81.152
-486.239 -413.493 -72.7464
-495.834 -417.15 -78.6843
-490.189 -421.289 -68.9005
-533.026 -430.101 -102.925
-506.327 -424.513 -81.8138
-506.662 -418.293 -88.3689
-481.349 -414.774 -66.5747
-482.233 -412.226 -70.007
-484.458 -421.342 -63.1159
-480.904 -420.544 -60.3601
-494.131 -424.039 -70.0924
-520.78 -425.509 -95.2704
-497.424 -420.569 -76.8542
-488.155 -417.03 -71.1247
-495.043 -422.483 -72.5603
-502.076 -426.78 -75.2961
-496.831 -422.06 -74.7714
-520.693 -429.519 -91.174
-497.08 -422.931 -74.1493
-507.37 -425.636 -81.7341
-484.499 -417.571 -66.9284
-504.077 -426.974 -77.1029
-517.908 -428.194 -89.7136
-503.521 -421.548 -81.9721
-505.324 -427.462 -77.8624
-504.825 -424.7 -80.1256
-490.742 -422.339 -68.4034
-485.395 -423.716 -61.6792
-498.391 -426.662 -71.729
-494.077 -421.165 -72.9121
-476.702 -411.538 -65.1636
-479.085 -417.309 -61.7758
-498.105 -421.884 -76.221
-490.484 -423.906 -66.5783
-482.577 -417.48 -65.0973
-491.829 -427.35 -64.4795
-495.591 -428.631 -66.9601
-495.76 -426.324 -69.436
-487.55 -420.571 -66.9788
-506.229 -432.438 -73.7905
-490.763 -421.396 -69.3667
-479.28 -412.647 -66.632
-487.305 -419.846 -67.4598
-497.728 -416.039 -81.6892
-494.327 -414.035 -80.2923
-487.255 -409.653 -77.602
-491.984 -413.782 -78.2018
-496.081 -415.278 -80.8031
-481.539 -408.63 -72.9088
-501.687 -426.325 -75.3617
-493.906 -415.656 -78.2498
-491.7 -407.879 -83.8204
-507.026 -413.511 -93.5154
-503.506 -415.704 -87.8019
-542.007 -410.848 -131.16
-538.953 -410.854 -128.099
-539.695 -407.616 -132.08
-548.266 -412.077 -136.189
-527.042 -401.285 -125.757
-533.394 -405.923 -127.471
-529.181 -405.9 -123.281
-506.91 -406.862 -100.048
-493.08 -399.517 -93.563
-510.089 -400.295 -109.794
-505.684 -405.69 -99.9934
-486.83 -406.44 -80.39
-524.11 -410.113 -113.996
-491.665 -405.308 -86.3569
-485.942 -402.641 -83.301
-507.507 -414.75 -92.7563
-482.982 -408.251 -74.7307
-480.788 -409.023 -71.7657
-496.244 -419.856 -76.3873
-492.151 -412.478 -79.6726
-478.552 -410.133 -68.4195
-473.686 -411.339 -62.3468
-517.024 -423.384 -93.64
-498.156 -427.009 -71.1472
-495.295 -423.399 -71.8961
-495.741 -415.782 -79.9593
-495.035 -415.925 -79.1107
