0.441779 1.27426
0.44 1.21607
0.44 1.21607
0.44 1.21607
0.437619 1.14525
0.44 1.21546
0.440465 1.22938
0.443678 1.32601
0.441364 1.25757
0.440449 1.23041
0.441778 1.27081
0.443516 1.32424
0.443043 1.31099
0.444301 1.35042
0.444681 1.36347
0.443368 1.32464
0.440833 1.24759
0.44 1.2221
0.44 1.2221
0.44 1.2221
0.4396 1.20964
0.440792 1.24675
0.442745 1.30816
0.443107 1.32036
0.443846 1.34457
0.443048 1.32053
0.441887 1.28471
0.441121 1.26099
0.44037 1.23744
0.44 1.22574
0.438545 1.17927
0.44 1.22544
0.44 1.22544
0.438938 1.19126
0.438596 1.17995
0.438261 1.1687
0.438621 1.17988
0.437607 1.14657
0.43661 1.11347
0.436639 1.11347
0.435667 1.08078
0.437355 1.13493
0.437705 1.1457
0.437724 1.1457
0.437742 1.1457
0.43776 1.1457
0.43746 1.13519
0.437165 1.12474
0.438125 1.15591
0.43845 1.16624
0.437846 1.14569
0.438168 1.15591
0.438182 1.15591
0.437594 1.13571
0.438209 1.15579
0.438815 1.17577
0.438529 1.16584
0.44 1.21524
0.43913 1.18576
0.437986 1.14666
0.437429 1.12721
0.436879 1.10786
0.438028 1.14635
0.438322 1.15593
0.437778 1.13688
0.438069 1.14635
0.438356 1.15578
0.438912 1.17454
0.439459 1.1932
0.438389 1.15606
0.4384 1.15606
0.437881 1.13767
0.438684 1.16512
0.439216 1.18333
0.438442 1.15615
0.438452 1.15615
0.439487 1.19205
0.439745 1.20098
0.438481 1.15652
0.438742 1.16537
0.44075 1.23585
0.440994 1.24461
0.440494 1.22716
0.441227 1.25322
0.440732 1.23593
0.440485 1.22731
0.440482 1.22731
0.439521 1.19318
0.439286 1.18468
0.438817 1.16777
0.439294 1.18461
0.439064 1.17622
0.439767 1.20127
0.440694 1.23453
0.44023 1.21797
0.4416 1.26743
0.442045 1.28384
0.441808 1.27567
0.442472 1.30009
0.444246 1.36494
0.444444 1.37301
0.443757 1.34889
0.443516 1.34088
0.443497 1.34088
0.443043 1.325
0.443027 1.325
0.44172 1.27773
0.440856 1.24634
0.440426 1.23071
0.439577 1.19957
0.439579 1.19957
0.438953 1.17639
0.43875 1.1687
0.439378 1.19169
0.438969 1.17642
0.438769 1.16881
0.438367 1.15366
0.438376 1.15366
0.438384 1.15366
0.438995 1.17614
0.439 1.17614
