28 31 1 0 60
29 30 1 60
28 31 1 60
29 30 1 60
27 28 5 0 60
30 25 4 1 60
25 31 4 0 60
24 31 5 0 60
27 30 3 60
29 29 2 60
28 29 3 60
28 26 6 0 60
29 25 6 0 0 0 60
28 25 7 0 0 0 0 0 0 0 60
28 24 6 2 0 0 0 60
26 28 4 2 60
27 27 4 2 0 60
24 29 2 5 0 0 0 0 60
25 28 5 1 0 1 60
29 25 2 4 0 0 60
28 25 4 3 0 60
29 24 5 2 60
30 23 5 2 0 60
29 24 5 2 60
25 28 5 1 0 1 0 0 60
28 25 5 2 0 0 0 60
29 24 5 2 60
27 7 25 1 60
6 27 27 0 0 0 60
6 27 27 60
7 25 28 60
26 27 7 60
28 23 9 0 0 60
25 28 7 0 60
24 29 7 0 60
28 25 7 0 60
25 28 7 0 0 0 0 0 60
26 28 6 0 60
26 29 5 0 0 60
29 26 5 60
29 26 5 60
28 27 5 60
28 27 5 60
26 28 6 60
26 30 4 60
27 29 4 0 60
27 28 4 1 0 0 60
27 28 4 1 0 60
27 28 4 1 0 0 60
28 27 3 2 0 0 60
28 26 3 3 0 0 0 0 0 0 60
29 25 2 4 60
29 25 4 2 0 60
26 27 6 1 0 0 0 60
27 26 6 1 60
26 26 5 3 0 0 0 60
25 27 5 3 0 0 0 0 0 60
26 26 4 4 0 0 0 60
24 28 5 3 0 0 0 0 0 60
27 25 4 4 0 0 60
27 25 4 4 0 0 60
25 27 4 4 0 0 0 0 0 60
25 27 4 4 0 0 60
24 27 4 4 0 0 1 0 0 0 0 0 0 60
24 26 5 0 0 4 1 0 0 0 0 60
28 23 0 4 0 4 1 0 0 0 0 0 0 0 0 0 0 0 0 0 60
24 27 3 0 0 4 2 0 0 0 60
27 26 2 0 0 4 1 0 0 0 0 0 60
27 25 1 0 0 4 2 0 0 1 0 0 60
25 28 0 0 0 4 2 0 0 0 1 0 0 0 0 0 0 0 0 0 60
27 26 1 1 1 3 1 0 0 0 0 0 0 0 0 0 60
27 26 1 1 0 1 4 60
26 27 1 1 1 0 4 60
27 27 0 0 0 3 3 0 0 60
27 1 27 0 0 1 4 0 0 0 0 0 0 60
27 27 0 1 0 1 4 0 0 0 0 0 60
26 27 0 2 4 0 1 0 0 0 0 60
25 26 0 2 7 0 0 0 0 60
25 25 2 0 7 0 0 1 0 0 0 60
24 26 2 0 7 0 1 60
25 25 1 5 0 1 3 0 0 0 0 0 0 0 60
24 24 1 0 7 4 0 0 0 60
25 24 1 0 7 3 0 0 0 0 0 60
27 25 0 0 4 4 0 0 0 0 0 0 0 0 60
26 26 0 0 4 4 0 0 60
26 26 0 0 4 4 0 60
26 25 0 0 4 4 0 1 60
26 0 26 0 4 4 0 0 0 0 0 0 60
27 25 0 0 4 4 0 60
27 25 0 4 0 4 0 0 60
27 25 0 4 0 4 60
25 27 0 4 4 60
25 27 4 0 4 60
29 24 3 4 60
28 25 3 4 0 0 0 0 0 0 0 60
25 28 3 3 0 1 60
25 28 3 3 0 1 0 0 60
24 29 3 3 0 1 60
24 28 3 4 1 0 60
27 24 2 5 2 0 60
26 26 2 3 3 0 0 0 0 0 0 60
27 26 3 2 2 0 60
27 28 2 2 1 0 0 0 0 0 0 60
27 27 3 2 1 0 0 60
30 26 1 3 0 60
30 26 3 1 0 60
30 25 1 4 0 0 60
30 25 3 1 1 0 0 60
26 29 1 3 1 0 0 0 60
26 29 0 4 1 0 0 0 60
24 30 5 1 0 60
26 28 1 5 0 60
26 28 1 5 60
25 27 1 6 0 1 0 0 0 0 0 60
24 1 29 5 0 1 60
25 1 28 5 0 0 0 1 0 0 0 60
25 2 27 6 0 0 0 0 60
1 25 27 7 0 0 60
25 1 27 7 60
26 0 28 6 0 60
27 26 0 6 0 1 0 0 0 60
28 26 6 0 0 0 0 0 60
29 26 5 0 60
28 27 5 0 0 0 0 0 60
28 27 5 0 0 0 60
28 26 6 0 60
28 28 4 0 60
27 29 4 60
27 29 4 60
26 29 5 0 0 60
26 30 4 60
26 30 4 0 60
31 23 6 60
29 25 6 60
31 23 6 60
29 24 7 60
26 28 6 60
29 26 5 0 0 0 0 0 0 0 0 0 0 0 0 0 0 60
28 27 5 0 0 0 0 0 0 0 60
26 29 5 0 60
27 28 5 0 0 0 0 0 60
27 27 6 0 0 0 0 0 0 0 0 60
27 28 4 1 0 0 0 0 0 0 0 0 0 0 0 60
29 26 5 0 60
29 26 5 0 0 0 0 0 60
25 6 28 0 0 1 0 60
26 7 26 1 0 0 60
27 27 5 1 60
28 27 4 1 60
28 27 4 1 0 0 0 60
28 27 4 0 1 60
26 28 4 0 0 0 2 60
28 26 3 0 2 0 0 1 0 0 60
28 25 4 0 3 0 0 0 60
29 25 4 2 60
26 29 2 3 0 0 0 60
27 28 2 3 0 0 0 0 60
26 29 1 3 0 1 0 0 0 0 0 0 0 60
26 29 0 4 0 1 60
27 28 0 4 1 0 0 60
27 28 0 4 1 0 60
27 28 4 0 1 0 0 0 60
25 28 7 0 60
28 24 8 60
25 28 7 0 60
25 28 7 0 0 60
29 23 8 60
27 26 7 60
27 27 6 0 0 0 60
26 28 6 0 0 0 60
25 27 8 0 60
27 26 7 0 0 60
26 28 6 0 0 0 60
29 26 5 0 0 60
28 26 6 60
27 27 6 0 0 0 60
26 28 6 0 60
26 26 8 60
27 26 7 0 60
26 27 7 60
25 28 7 0 60
26 26 8 60
27 25 8 0 60
26 26 8 0 0 60
27 25 8 0 60
27 25 8 0 0 0 60
28 24 8 0 0 60
26 26 7 1 0 0 60
22 27 9 2 60
22 25 7 6 0 0 0 60
27 21 8 4 0 0 0 0 60
26 24 6 4 0 0 60
26 25 7 2 60
25 26 6 3 0 0 0 60
26 27 6 1 0 0 60
26 29 4 1 0 0 0 60
28 27 4 1 0 60
26 29 4 1 0 60
27 28 4 1 60
29 26 4 1 60
29 25 4 2 60
27 27 4 2 60
27 27 4 2 0 60
28 26 3 3 0 60
27 27 4 2 0 60
27 27 2 4 0 60
27 27 4 2 0 0 0 0 60
27 27 4 2 60
27 27 3 1 0 1 0 1 60
25 29 4 0 0 0 0 1 0 0 1 60
26 28 3 1 0 0 0 2 0 0 60
28 26 3 1 1 0 0 1 60
27 27 4 1 1 0 0 0 60
26 28 4 1 1 0 0 0 0 0 60
26 28 4 2 0 0 60
27 26 4 3 0 60
27 27 4 2 0 60
26 28 2 4 60
27 27 4 2 0 60
26 28 4 2 0 60
27 27 4 2 0 0 0 60
27 27 4 2 60
28 27 4 1 60
27 28 4 1 0 0 0 0 60
28 27 4 1 0 0 60
28 27 4 1 60
28 25 3 4 60
28 25 4 3 60
28 25 2 4 1 60
27 26 2 4 0 1 0 0 0 0 0 0 0 0 60
27 25 3 5 0 0 0 0 0 0 0 0 0 0 60
24 27 2 6 1 0 0 0 0 0 0 60
28 25 2 4 0 0 0 0 0 0 1 60
27 26 2 4 0 0 0 0 0 0 1 0 0 0 0 60
27 25 2 5 0 0 0 0 0 0 1 0 0 0 60
27 27 2 3 0 1 0 0 0 0 0 60
27 27 2 4 0 0 0 0 0 0 60
27 27 4 1 1 0 0 0 0 0 0 0 60
28 26 3 2 1 0 60
26 28 3 1 2 0 0 0 0 0 60
28 26 4 2 0 0 60
28 26 4 1 1 60
26 27 5 1 1 60
23 27 7 1 2 0 0 0 60
28 23 6 1 2 0 60
27 25 2 5 1 0 60
27 25 3 4 1 0 0 60
26 25 4 1 4 0 0 0 0 0 60
27 23 5 3 2 0 0 60
27 23 4 5 0 1 0 60
27 22 6 4 1 60
26 24 4 4 2 0 0 60
25 25 1 4 4 1 0 0 60
27 24 1 3 3 2 0 0 0 0 60
26 26 1 3 3 1 0 0 0 0 0 0 60
25 25 1 4 4 1 0 0 0 0 0 0 0 60
24 25 5 2 3 1 0 0 0 0 0 0 0 0 0 0 0 60
24 26 5 2 2 0 0 0 0 0 1 0 0 60
26 26 5 2 1 0 0 0 0 0 0 0 0 0 0 0 0 60
26 27 4 0 2 0 0 1 60
27 25 4 0 3 0 0 1 0 0 60
27 25 6 0 2 0 0 0 0 60
26 27 4 0 3 60
26 29 2 3 0 0 0 0 60
26 28 3 3 0 0 60
28 26 2 4 0 60
25 28 3 4 0 60
30 24 4 2 0 60
25 29 4 2 60
27 27 2 4 0 60
26 27 5 2 0 0 0 0 0 0 0 60
27 27 4 2 0 0 0 0 0 0 0 60
26 28 4 2 0 0 0 0 0 0 60
27 27 4 2 0 0 0 60
27 4 27 2 0 0 0 60
4 27 27 2 0 60
5 26 27 2 0 0 0 60
25 6 26 2 0 0 0 0 0 1 0 0 60
25 6 26 2 0 0 0 0 0 1 0 60
27 4 26 2 0 0 0 0 0 1 0 0 0 60
27 4 26 2 0 0 0 0 0 1 60
27 4 24 5 0 0 0 0 0 60
5 24 26 5 0 60
4 24 27 5 0 0 60
25 6 26 3 0 0 0 0 0 0 0 0 0 0 0 0 0 0 60
25 6 25 4 60
5 24 28 2 1 0 0 0 60
5 28 26 0 1 60
6 28 25 1 0 0 0 0 0 0 0 0 60
27 6 26 1 0 0 0 0 0 0 0 0 0 60
26 27 4 3 0 0 0 0 0 0 60
25 28 5 2 0 60
27 27 2 4 0 0 0 60
28 27 1 4 60
27 28 1 4 60
26 28 4 2 0 60
26 27 3 4 60
27 26 3 4 0 0 0 0 0 0 0 0 60
28 26 4 2 0 0 0 0 60
27 27 4 2 0 0 0 0 0 0 60
27 27 2 4 60
27 2 26 4 0 0 1 0 60
27 2 27 4 0 0 0 0 0 60
2 26 28 4 0 60
26 2 28 4 0 0 0 0 0 0 60
27 27 2 4 0 0 0 0 0 0 0 0 0 0 0 0 0 60
28 26 2 4 0 0 0 60
28 26 4 2 60
28 26 4 2 0 0 60
27 25 6 2 0 0 60
26 26 5 3 0 60
28 25 4 3 0 60
27 26 3 4 0 60
27 27 4 1 0 0 1 0 0 0 60
26 27 4 2 1 0 0 0 0 0 60
26 27 4 2 1 0 60
28 26 4 1 1 0 0 0 0 0 60
27 27 1 4 1 0 0 0 0 60
28 26 1 4 1 0 0 0 0 0 0 0 0 60
27 26 2 4 1 60
26 27 3 4 0 60
25 28 3 4 0 0 0 0 0 0 60
25 29 2 4 0 60
24 30 4 2 60
24 29 3 4 60
26 28 2 4 0 60
29 26 1 4 60
26 28 2 4 0 0 0 0 60
27 26 3 4 0 0 0 0 0 0 0 60
25 27 3 5 0 0 0 0 0 0 0 60
27 26 3 4 0 0 0 60
27 26 3 4 0 0 60
27 27 2 4 0 0 0 0 60
27 27 2 4 0 0 0 0 0 0 60
27 27 5 1 0 0 0 60
26 27 6 0 1 60
26 27 6 0 0 1 0 0 0 0 0 60
26 26 7 0 0 1 0 0 0 0 0 0 0 0 0 0 0 0 60
26 26 5 2 1 0 0 0 60
27 27 4 1 1 60
28 26 1 4 1 60
29 26 0 4 1 0 60
28 27 0 4 1 60
27 27 4 1 1 0 60
27 27 4 1 0 1 0 0 60
28 26 4 2 0 0 0 60
28 26 4 2 0 0 0 60
25 29 4 2 0 0 0 0 60
27 26 4 3 0 0 0 60
28 27 1 4 0 0 0 0 0 0 60
28 28 0 4 0 0 60
28 28 0 4 0 0 0 0 60
27 29 4 60
27 28 5 60
25 29 6 0 60
27 27 6 60
28 28 4 60
27 29 4 60
28 28 4 60
29 28 3 60
28 29 3 60
29 28 3 0 60
28 29 3 0 60
27 30 3 60
28 29 3 60
29 28 3 60
31 26 3 60
30 27 3 0 60
29 28 3 0 0 0 0 0 0 60
30 27 3 0 60
30 27 3 0 0 0 60
29 27 4 0 60
27 30 3 60
29 28 3 0 60
29 27 4 60
28 28 4 60
28 28 4 60
28 28 4 0 60
27 29 4 0 60
28 28 4 0 60
28 28 4 60
27 27 6 0 60
28 28 4 0 0 60
27 29 4 60
29 27 4 0 0 0 0 0 60
28 28 4 60
27 29 4 0 60
28 28 4 0 0 0 60
29 27 4 0 60
29 27 4 0 60
29 27 4 0 0 0 60
30 26 4 60
26 30 4 60
29 27 4 60
29 27 4 60
27 29 4 0 0 0 0 0 60
27 29 4 0 0 60
26 30 4 0 60
29 27 4 60
29 26 5 0 0 0 60
29 26 5 60
28 27 5 0 0 0 60
28 26 6 60
28 25 7 0 60
27 24 9 60
27 24 9 60
28 26 6 60
26 28 6 60
25 29 6 0 0 60
46 9 5 60
46 7 7 60
47 6 7 60
47 5 8 0 0 60
43 5 12 60
41 5 14 60
37 18 5 0 60
37 18 5 60
34 21 5 60
30 25 5 60
30 25 5 0 0 0 0 0 60
28 26 6 60
25 28 7 0 60
27 26 7 0 0 0 60
27 28 5 60
28 27 5 0 0 60
27 28 5 0 60
26 29 5 0 0 60
29 26 5 0 60
29 26 5 0 60
29 26 5 0 60
30 24 6 0 60
29 25 6 0 0 60
26 29 5 60
29 25 6 0 0 0 60
27 28 5 0 0 60
26 28 6 0 0 0 0 0 0 0 0 0 60
30 25 5 0 0 0 60
26 28 6 0 60
29 24 5 0 0 2 0 0 0 0 0 60
25 29 5 0 0 1 0 0 60
29 25 4 1 0 1 0 60
30 25 3 1 0 1 60
30 22 6 0 1 1 60
30 25 3 0 1 1 0 0 60
29 26 4 0 0 1 0 60
30 26 3 0 0 1 60
30 26 3 0 0 1 0 60
31 25 3 0 0 1 0 60
29 25 2 3 0 1 60
23 31 2 3 0 1 0 0 0 0 0 0 60
30 23 2 4 0 1 0 0 60
31 23 2 4 0 0 60
31 21 6 2 0 60
31 23 4 2 60
29 25 2 4 60
29 27 2 2 0 0 60
31 26 3 0 0 0 0 60
25 33 2 0 0 0 0 0 0 60
32 25 1 2 0 60
32 25 2 1 0 0 0 0 0 0 0 60
31 23 5 1 60
31 24 4 1 0 0 60
29 26 4 1 0 0 0 60
29 28 3 0 0 0 0 0 0 0 0 60
31 26 3 0 60
26 31 3 0 60
26 32 2 0 0 0 0 60
32 25 2 0 1 60
25 32 2 1 60
26 32 0 2 0 60
32 26 2 0 60
31 27 2 60
30 28 2 60
31 25 4 0 60
29 25 6 0 0 0 0 60
25 28 6 0 0 0 0 1 0 0 60
23 30 6 0 0 0 0 1 0 0 60
28 24 6 0 0 1 1 0 60
24 29 6 0 0 0 1 60
25 28 5 0 1 0 1 60
24 28 0 6 1 0 1 0 60
24 29 5 0 1 0 0 0 1 0 0 60
24 29 4 2 1 0 0 0 0 0 0 60
22 29 7 2 0 0 0 0 60
28 21 9 2 0 60
29 7 22 2 0 0 60
30 4 24 2 0 0 60
29 25 4 2 0 0 0 60
30 25 3 2 0 0 60
29 26 3 2 0 60
26 30 2 2 0 60
30 26 2 2 60
30 27 1 2 60
27 30 1 2 0 0 0 60
28 29 1 2 0 60
27 29 0 4 60
28 27 5 0 0 60
27 28 5 0 60
27 28 5 60
28 26 6 60
28 26 6 60
29 25 6 0 0 0 60
25 29 6 60
27 27 6 60
27 27 6 60
26 28 6 60
28 7 25 60
26 9 25 0 60
7 27 26 60
9 27 24 0 0 0 0 0 0 0 60
26 10 24 0 0 0 60
28 23 9 60
27 8 25 0 60
28 25 7 60
30 25 5 0 60
29 26 5 60
29 27 4 60
31 25 4 60
27 29 4 60
28 27 5 0 60
29 26 5 0 60
26 27 6 1 60
26 28 5 0 0 1 60
27 25 7 0 1 0 0 0 0 0 0 60
25 26 7 0 1 0 0 0 0 1 60
25 24 10 0 0 1 0 0 0 0 60
25 25 10 0 0 0 60
25 26 9 0 0 0 60
27 27 5 0 0 0 1 0 0 0 0 60
26 28 5 0 0 0 1 0 0 0 0 0 0 0 60
28 26 4 0 0 0 2 0 0 0 0 0 0 0 60
27 26 3 3 0 0 1 0 0 60
27 26 1 3 2 1 0 0 60
26 26 3 2 2 1 60
27 26 3 1 2 1 0 0 0 0 0 0 60
27 26 1 1 3 1 1 0 0 0 0 0 0 0 60
29 25 0 3 0 2 1 0 0 0 0 60
28 26 2 0 0 3 1 0 0 0 0 0 0 60
26 28 2 0 0 3 1 0 0 0 60
27 25 3 0 0 3 2 0 0 0 60
27 26 3 1 1 0 2 60
27 26 3 2 0 0 2 0 0 0 0 60
24 27 3 4 0 0 2 0 0 0 0 60
27 24 1 6 0 0 2 0 0 60
24 28 1 4 0 1 2 60
24 28 1 3 1 0 3 0 0 0 60
26 27 2 1 1 3 60
25 28 2 2 0 3 0 0 0 60
25 28 1 4 0 0 1 1 0 0 0 60
28 25 4 0 0 2 0 1 0 0 0 60
26 26 4 1 0 2 1 0 60
25 26 5 2 2 0 0 0 0 0 0 60
25 26 5 2 2 60
23 26 2 8 1 60
22 27 2 8 1 60
26 24 2 7 1 0 60
27 24 2 7 0 0 60
30 23 1 6 0 60
30 23 3 4 60
31 24 0 5 60
29 26 5 0 0 60
26 29 5 0 0 60
26 29 5 60
27 26 7 0 0 60
27 26 7 60
25 28 7 60
27 26 7 0 0 0 0 0 0 0 0 0 0 0 0 60
28 26 6 0 0 0 60
26 28 6 0 60
27 28 5 0 60
25 30 5 0 0 0 0 60
30 25 5 60
26 28 6 0 0 60
28 27 5 60
28 27 5 0 0 0 60
29 26 4 1 0 0 0 60
26 29 4 1 0 0 0 0 0 0 0 0 0 0 0 0 60
27 28 4 1 60
27 27 5 0 0 1 0 0 0 0 60
27 28 4 0 0 1 60
30 26 3 1 0 0 0 60
29 27 3 1 0 60
26 29 4 0 0 0 1 60
25 30 4 0 0 0 0 0 0 0 0 0 0 1 60
27 28 3 0 0 1 0 0 0 0 0 0 1 60
26 29 3 1 0 0 0 0 0 0 0 0 1 60
29 25 3 1 0 1 0 0 0 0 0 0 1 0 0 60
28 25 4 1 0 1 1 0 0 0 0 0 0 0 60
28 26 4 0 0 1 1 0 0 0 60
26 28 3 0 0 3 0 60
27 27 5 0 1 0 60
27 26 7 0 0 0 0 0 60
26 28 6 0 0 0 0 60
26 27 7 0 0 60
26 25 9 0 0 60
25 27 8 0 60
27 25 8 0 0 0 0 0 60
26 26 6 2 0 0 0 0 0 0 60
26 26 7 1 0 0 0 0 60
28 25 6 0 0 1 0 0 0 60
28 25 6 0 1 60
26 27 7 0 0 0 60
26 28 6 0 60
28 26 6 60
26 28 6 60
28 26 6 60
28 27 5 60
27 27 6 0 60
26 27 7 60
27 25 8 0 0 60
25 27 8 0 60
26 27 7 60
28 25 7 0 0 0 60
26 26 8 0 0 0 60
27 27 6 60
26 27 6 1 60
25 26 9 0 0 0 60
28 25 7 0 0 60
25 28 7 60
27 27 6 60
26 26 8 0 0 0 0 60
28 24 8 0 60
27 25 8 0 60
30 25 5 60
29 26 5 60
29 27 4 0 0 0 60
29 27 4 0 60
27 28 5 0 60
28 28 4 0 60
28 28 4 60
28 28 4 60
29 27 4 60
28 28 4 60
27 29 4 0 0 60
29 27 4 0 60
29 27 4 60
28 28 4 60
29 26 4 0 0 1 0 60
27 29 4 0 0 0 60
28 28 4 0 0 0 60
29 27 4 0 60
27 29 4 0 60
27 29 4 0 0 60
27 29 4 60
27 29 4 60
27 29 2 2 60
29 27 2 2 0 0 0 0 0 0 60
30 27 2 1 0 0 0 60
30 27 2 1 0 60
32 26 2 0 0 60
31 27 2 0 0 0 0 0 0 0 0 60
31 27 2 0 0 0 0 60
30 28 2 0 60
31 27 2 60
26 32 2 0 60
26 31 3 60
27 30 3 60
26 31 3 60
29 28 3 0 0 60
28 29 3 0 0 0 0 0 60
30 27 3 0 60
30 27 3 60
27 30 3 0 0 60
29 27 3 1 0 0 60
29 27 3 1 0 0 0 0 0 60
29 27 1 3 0 0 0 0 0 0 60
29 28 1 2 0 0 0 0 0 60
28 28 1 3 0 0 60
27 30 3 0 0 0 0 60
28 29 3 0 0 60
30 27 3 0 0 0 0 60
30 26 4 0 0 0 60
28 26 5 0 1 60
27 29 4 0 0 60
28 28 4 0 60
28 28 3 0 1 0 0 0 60
28 28 4 0 0 0 0 0 0 0 60
28 27 5 0 0 0 60
27 28 5 60
26 28 6 0 0 60
29 26 5 0 0 0 60
29 27 4 0 0 60
28 28 3 0 0 0 0 1 60
29 27 3 0 0 0 1 60
27 29 3 0 0 1 0 0 0 0 0 0 60
29 27 3 0 1 0 0 0 0 0 0 60
27 29 3 0 0 1 0 0 60
27 29 4 0 0 0 0 0 0 0 60
30 26 4 60
30 26 4 60
29 27 4 0 60
27 29 4 0 0 0 0 0 0 60
28 28 4 60
26 30 4 60
28 29 3 60
28 29 3 0 60
29 26 2 3 0 0 0 60
27 30 2 1 60
28 30 2 0 60
27 31 2 60
27 31 2 0 0 0 0 0 60
30 28 2 0 0 60
29 29 2 0 0 0 60
29 29 2 0 60
27 31 2 0 60
26 32 2 0 0 0 0 0 0 0 0 0 0 60
30 27 2 1 0 0 0 60
30 27 1 2 0 60
27 30 1 2 0 0 0 0 0 0 60
29 29 2 0 0 0 0 0 0 0 60
30 28 2 0 0 60
29 29 2 60
29 29 2 0 60
29 29 2 0 0 0 0 0 0 0 60
30 28 2 0 0 0 0 60
29 28 3 0 60
30 27 3 0 60
27 30 3 60
27 30 3 0 60
29 28 3 60
28 29 3 60
28 27 5 0 60
27 28 5 0 60
28 27 5 60
27 27 6 0 0 60
29 26 5 60
26 26 8 0 0 0 60
28 26 6 0 0 60
25 28 7 0 0 0 60
28 25 7 0 0 60
26 27 7 0 0 0 0 0 0 0 60
27 26 7 0 0 0 0 60
27 25 8 60
26 28 6 0 0 0 60
29 25 6 0 60
29 25 6 60
28 26 6 0 60
26 29 5 60
26 29 5 0 0 0 0 60
29 26 5 60
28 27 4 0 1 0 0 0 60
27 28 3 2 0 0 60
28 26 3 3 0 0 60
28 27 3 2 60
28 26 3 3 0 0 60
27 28 2 3 0 0 60
26 29 2 1 1 1 60
28 26 1 2 2 1 60
27 26 0 1 4 2 0 0 0 0 0 60
26 28 0 4 1 1 0 0 0 60
28 26 0 4 1 1 0 0 0 0 0 0 0 60
27 27 0 4 1 1 0 0 0 0 0 0 0 0 60
28 28 1 3 0 0 0 0 0 0 60
29 26 2 3 0 0 0 0 0 0 0 60
27 3 29 1 0 0 0 0 0 0 0 0 0 0 60
27 3 29 0 0 0 0 0 1 0 0 0 60
26 4 29 0 0 0 0 0 1 0 0 0 60
26 4 29 0 0 0 0 0 1 0 0 0 0 60
27 5 27 0 0 0 0 0 1 0 60
27 6 26 0 0 0 0 0 1 0 0 0 0 0 0 0 0 0 0 60
28 7 24 0 0 0 0 0 0 0 1 60
27 6 26 0 0 0 0 0 0 0 1 0 0 0 0 60
26 7 25 0 0 0 0 0 0 1 1 0 0 60
25 7 26 0 0 0 0 0 0 1 1 0 0 0 0 0 0 0 60
27 5 26 0 0 1 0 0 0 1 0 0 0 0 60
5 26 26 0 0 1 0 0 0 1 0 0 1 0 0 0 0 0 0 0 0 0 0 0 0 0 0 60
4 28 26 1 0 1 0 0 0 0 0 0 0 0 0 0 0 60
4 26 28 1 1 0 0 0 0 0 0 60
3 25 29 3 0 60
2 27 29 2 0 0 0 0 60
4 26 28 2 60
2 28 28 2 0 60
29 0 29 2 60
32 26 0 2 0 0 0 0 60
30 27 2 1 60
28 29 2 1 60
30 27 2 1 60
30 27 2 1 0 0 0 0 0 60
30 27 3 0 60
31 26 3 0 60
31 26 3 0 0 0 60
30 27 3 60
29 28 3 0 60
27 30 3 0 60
27 30 3 0 60
29 28 3 0 0 0 0 60
29 28 3 60
29 28 3 0 60
28 29 3 60
26 31 3 60
28 29 3 0 0 60
28 29 3 0 0 60
27 30 3 0 60
27 30 3 0 60
28 29 3 0 60
30 27 3 0 0 0 0 60
27 30 3 0 0 0 0 0 0 60
26 31 2 1 0 0 0 60
28 28 4 0 60
29 26 5 0 0 0 60
27 27 6 60
26 28 6 60
29 27 4 0 0 0 60
29 27 4 60
29 27 4 0 60
29 27 4 60
28 28 4 0 60
28 29 3 60
28 28 4 0 60
28 28 4 0 0 60
28 27 5 60
26 29 5 60
28 27 5 60
29 28 3 60
29 28 3 60
28 29 3 0 60
30 27 3 0 60
29 28 3 0 0 0 0 60
30 27 3 0 60
30 27 3 0 60
29 28 3 60
29 28 3 60
28 29 3 60
27 30 3 60
30 27 3 0 0 0 60
29 28 3 0 0 0 0 60
27 28 5 0 60
28 27 5 60
28 26 6 0 0 60
27 27 6 0 0 60
25 27 8 60
25 9 26 0 60
25 9 26 0 60
25 9 26 0 60
27 27 6 60
27 27 6 0 60
26 28 6 60
26 28 6 60
26 28 6 0 0 60
29 25 6 60
27 27 6 0 60
27 27 6 0 0 0 0 60
26 27 7 60
26 26 8 0 0 0 0 60
28 26 6 0 60
25 26 9 60
26 26 8 0 0 60
27 26 7 0 60
28 24 8 0 60
25 27 8 60
27 26 7 60
27 11 22 60
27 24 9 60
25 26 9 60
26 26 8 60
25 27 8 60
25 27 8 60
26 24 10 0 0 60
24 23 13 60
25 10 25 60
25 27 8 0 0 60
26 28 6 0 60
28 26 6 60
26 26 8 60
26 26 8 0 60
28 25 6 1 0 0 0 0 0 0 60
27 26 6 1 60
27 26 6 1 60
29 24 6 0 0 0 0 0 0 1 60
29 24 7 0 0 0 0 0 0 0 0 0 0 60
25 28 7 0 0 60
27 26 6 0 1 0 0 60
25 27 8 0 0 0 0 0 60
28 25 7 0 0 60
28 6 26 0 0 0 0 60
6 26 28 0 60
7 26 27 0 0 0 0 0 60
27 6 27 0 0 60
27 6 27 60
28 28 4 0 60
27 28 4 0 0 0 1 60
27 29 3 0 0 0 1 60
29 27 4 0 0 0 0 60
28 28 3 1 0 0 60
27 30 3 0 0 0 60
29 27 4 0 60
28 28 4 0 60
27 29 4 60
28 28 4 60
29 27 4 0 60
29 27 4 60
27 29 3 0 1 0 60
29 27 4 0 0 60
29 27 4 60
28 28 4 0 0 0 60
29 27 4 0 0 60
29 27 4 60
28 28 4 0 0 60
30 26 4 60
28 28 4 0 0 0 60
28 28 4 0 0 60
28 28 4 60
29 26 5 0 0 60
29 27 4 60
25 30 5 0 0 60
30 26 4 0 0 0 60
28 28 4 0 0 0 60
27 29 4 60
27 29 4 0 60
28 28 4 60
29 27 4 0 0 60
28 27 5 0 0 0 0 0 60
27 27 6 60
27 25 7 1 0 0 0 60
28 26 6 0 0 60
26 28 6 0 60
30 25 5 0 0 0 60
28 29 3 0 0 0 0 0 0 60
28 29 3 0 0 0 0 0 60
27 30 3 0 0 0 0 60
27 30 3 0 60
28 29 3 0 0 0 60
29 28 3 60
29 27 4 0 0 60
27 28 5 60
26 28 5 0 1 60
25 28 6 0 1 0 60
28 26 5 1 0 0 60
27 27 5 0 1 60
30 26 4 0 0 60
30 27 3 0 0 60
29 28 3 60
27 30 3 0 0 0 0 60
30 27 3 0 0 60
29 28 3 0 60
30 27 3 0 0 0 60
27 30 3 60
29 27 2 1 1 0 0 0 0 0 0 0 0 0 0 60
30 27 2 0 1 0 0 0 60
30 27 3 0 0 0 0 0 0 60
31 26 3 0 60
27 30 3 0 60
27 30 3 60
28 28 4 60
28 29 3 0 60
30 27 3 0 0 0 60
28 29 3 0 0 0 60
29 27 4 0 0 60
28 28 4 0 60
27 29 4 0 60
27 29 4 0 60
28 28 4 0 60
28 27 4 0 0 0 1 0 0 0 0 0 0 0 0 0 0 60
26 30 4 0 0 0 60
31 25 4 0 0 0 0 0 0 0 60
29 27 4 0 0 60
28 28 4 0 60
28 28 4 0 0 0 60
29 27 4 0 0 60
27 29 4 60
27 29 4 0 0 0 0 60
29 27 4 0 0 0 0 0 0 60
29 27 4 0 0 60
29 27 4 60
28 28 4 60
28 28 4 0 0 0 0 0 0 0 0 60
28 27 5 0 0 0 0 0 60
27 28 4 0 1 0 0 0 0 60
28 28 4 0 0 0 0 0 0 0 0 60
28 27 5 0 0 60
28 28 4 0 0 0 0 0 0 60
27 29 4 0 60
29 4 27 0 0 60
27 28 5 0 0 0 0 0 0 0 60
29 26 5 60
28 27 5 60
30 26 4 60
27 29 4 0 0 60
29 26 4 1 60
28 27 4 1 0 0 0 60
27 28 4 1 60
27 28 4 1 60
27 29 4 0 0 0 0 0 60
26 29 5 0 0 0 0 0 60
27 4 29 60
27 29 4 0 60
29 27 4 0 0 60
29 26 5 0 60
29 26 5 0 60
27 29 4 0 0 60
30 26 4 60
30 26 4 60
27 29 4 60
29 27 4 60
28 28 4 60
29 27 4 0 60
27 29 4 60
27 29 4 60
30 26 4 0 0 60
28 27 5 60
27 28 5 60
28 28 4 60
29 27 4 60
29 27 4 60
27 29 4 0 0 60
30 27 3 0 60
29 28 3 0 0 0 60
29 28 3 60
29 27 4 60
27 29 4 0 0 60
29 27 4 60
27 28 5 0 0 60
27 29 4 0 0 0 0 60
27 29 4 0 0 60
28 28 4 60
28 28 4 0 0 0 0 60
28 27 5 60
28 28 4 0 60
27 29 4 60
27 28 5 60
27 27 6 0 0 60
28 26 6 0 0 60
26 25 8 0 1 0 0 0 60
23 26 8 2 1 0 0 0 0 0 0 0 0 60
24 24 7 2 2 0 1 60
25 26 6 0 2 1 0 60
25 26 6 0 2 1 0 0 60
25 26 0 2 6 1 0 0 60
26 26 0 1 4 3 0 60
27 27 0 4 0 1 0 1 0 60
28 26 4 0 0 1 1 0 60
23 29 5 1 0 1 1 0 0 0 60
25 27 5 1 1 0 1 0 0 0 0 60
26 25 4 2 0 1 2 60
24 27 4 3 0 0 2 60
26 27 4 1 0 0 2 60
25 28 4 0 1 0 2 0 60
28 26 4 0 0 0 2 0 0 60
28 26 4 0 0 2 0 60
28 26 0 4 0 2 60
27 27 4 0 0 2 60
27 27 4 0 0 2 0 60
27 26 1 4 2 0 60
27 26 4 2 1 60
26 27 4 2 1 0 0 0 60
26 26 2 4 2 60
26 25 2 4 3 60
26 25 4 2 3 0 0 60
26 25 2 4 3 0 0 60
26 25 2 4 3 0 0 60
26 24 2 4 4 0 0 0 0 0 60
24 25 5 2 4 0 60
25 24 5 2 4 0 0 60
24 24 2 5 5 0 60
24 24 2 5 5 60
24 2 25 5 3 0 1 60
4 23 25 4 4 0 60
23 25 4 4 4 0 0 60
24 25 3 4 4 0 0 60
25 22 2 4 7 0 0 60
22 23 2 10 3 0 0 0 0 0 0 60
23 22 4 9 2 0 0 0 0 0 0 0 0 60
24 5 21 7 3 0 0 0 0 60
25 4 6 22 3 0 0 0 60
25 2 24 4 4 1 0 0 0 0 60
25 3 25 4 3 0 0 0 60
25 4 24 3 4 60
26 3 24 4 3 60
25 3 26 2 4 60
25 3 28 3 1 0 0 0 0 60
25 28 3 3 1 0 0 60
25 28 5 1 1 0 0 0 60
26 27 4 2 1 0 0 0 0 0 0 0 0 0 0 0 0 0 0 0 0 60
26 28 1 4 1 0 0 60
28 26 3 0 2 1 0 0 0 0 0 0 0 0 0 0 60
27 26 0 4 3 0 0 0 0 0 0 0 0 0 0 60
26 27 0 2 5 0 0 0 0 0 0 0 0 0 0 0 0 0 0 0 0 60
26 27 0 5 2 0 0 0 0 60
26 27 5 2 0 0 0 0 0 0 0 0 0 0 0 0 0 0 0 0 0 0 0 0 0 0 0 0 0 0 0 0 0 0 0 0 0 0 0 0 0 0 0 60
26 27 5 2 0 0 0 0 0 60
27 27 4 1 0 0 0 1 0 0 60
27 27 4 1 0 0 0 1 0 60
27 27 4 1 0 0 0 1 0 0 0 0 0 0 60
26 28 4 1 0 0 0 1 0 0 0 0 60
28 26 1 4 0 0 1 0 0 0 60
27 26 4 1 0 2 0 0 0 0 60
27 27 0 4 2 0 0 0 0 0 0 0 0 60
26 28 4 0 2 0 0 0 0 60
25 29 4 0 2 0 0 0 60
27 27 4 2 0 0 0 0 60
26 27 5 2 60
27 27 4 2 60
28 26 4 2 60
26 28 4 2 60
27 28 4 1 0 60
25 30 4 1 0 60
26 29 4 1 0 60
26 29 4 1 60
26 29 1 4 0 0 0 0 60
28 27 1 4 0 0 0 60
26 29 0 5 0 0 60
0 24 31 5 0 0 60
2 28 24 5 1 60
28 2 25 5 0 0 0 60
28 1 26 5 0 0 0 0 0 0 60
28 26 1 5 0 0 0 0 0 0 0 0 60
28 26 5 0 0 0 0 1 0 0 0 0 0 60
27 26 6 0 0 0 0 1 0 0 60
28 26 5 0 0 0 0 0 0 0 0 0 1 60
28 27 4 0 0 0 0 0 0 0 0 0 1 60
31 25 3 0 0 1 0 0 0 0 0 0 0 60
31 25 3 0 0 1 60
32 26 0 2 0 0 0 0 60
26 32 0 2 60
25 31 4 0 60
32 25 3 0 0 0 60
25 33 2 0 0 0 0 0 0 60
27 31 2 0 60
32 26 2 0 0 0 60
31 27 2 0 0 60
33 25 2 60
33 24 2 1 0 0 60
26 31 3 0 0 0 0 0 60
30 26 3 1 0 0 0 0 0 0 0 0 60
30 27 3 0 0 60
27 30 3 0 0 0 0 0 0 60
30 28 2 60
28 30 2 60
31 27 2 60
26 32 2 60
31 27 2 60
26 32 2 60
26 32 2 60
33 25 2 60
31 27 2 60
31 27 2 0 60
29 29 2 0 60
30 28 1 0 1 0 60
29 28 2 0 1 60
28 30 2 0 60
29 29 2 60
29 29 2 0 60
29 29 2 60
27 30 3 0 0 0 0 0 60
30 27 3 0 0 60
30 27 3 60
27 30 3 60
28 29 3 60
28 29 3 60
28 29 3 60
29 28 3 0 60
26 31 3 0 0 0 60
26 31 3 0 0 0 60
32 25 3 60
24 33 3 60
32 25 3 0 60
29 28 3 0 0 60
29 27 4 60
29 29 2 0 0 0 60
30 27 3 60
30 27 3 0 60
29 27 4 60
29 30 1 60
32 27 1 0 0 60
33 25 2 0 0 0 0 60
32 26 2 0 0 60
32 25 2 0 0 1 0 0 60
31 26 2 0 0 0 0 0 1 60
31 27 1 0 0 0 0 0 1 60
30 27 2 0 0 1 0 0 0 60
29 27 3 0 0 1 60
29 25 1 5 0 0 60
29 24 0 6 1 0 60
27 0 26 5 2 0 0 0 0 60
22 28 1 5 3 1 0 0 0 0 0 0 0 0 0 0 60
22 29 1 4 2 2 0 0 60
29 23 0 1 4 3 0 0 0 60
29 24 0 4 1 2 0 60
28 25 4 0 1 2 0 60
25 29 2 2 1 0 0 0 1 0 0 0 0 0 0 0 0 0 60
25 30 0 2 2 0 0 0 1 0 0 0 0 0 0 0 0 60
25 0 30 2 2 0 0 0 1 0 60
25 0 31 2 1 0 0 0 1 60
26 31 1 0 1 0 0 0 1 60
26 30 1 1 0 1 0 0 1 60
26 31 1 1 0 0 0 1 0 0 0 0 0 0 0 0 0 0 0 60
26 31 1 0 0 0 0 1 0 1 0 0 60
26 31 1 1 0 0 0 0 0 1 0 0 0 0 60
27 30 1 1 0 0 0 1 0 0 60
29 29 0 2 0 0 0 0 0 60
32 26 0 2 0 60
31 27 0 2 60
30 28 2 0 0 60
29 29 2 60
30 28 2 0 60
29 29 2 0 0 60
29 29 2 60
31 27 2 60
32 26 2 60
33 26 1 60
26 33 1 60
32 27 1 60
32 27 1 0 60
28 30 2 60
30 27 3 60
30 27 3 60
28 29 3 0 0 0 0 0 60
28 27 5 60
28 29 3 60
30 29 1 0 0 0 0 0 60
32 28 0 0 0 60
26 33 1 60
32 27 1 0 0 60
31 28 1 60
26 33 1 60
27 32 1 0 0 60
32 27 1 60
28 31 1 0 60
28 31 1 60
28 31 1 0 0 60
29 30 1 0 60
30 29 1 0 0 60
31 28 0 0 0 1 60
32 28 0 0 0 0 0 0 0 60
32 28 0 60
29 31 60
30 30 60
32 28 60
34 26 0 60
24 36 60
33 27 60
32 28 60
29 31 60
31 29 60
32 28 60
31 29 60
32 28 60
32 28 60
32 28 0 0 0 0 60
33 27 0 60
27 33 60
32 27 1 0 0 60
25 34 1 0 60
26 33 1 0 60
31 28 0 0 0 1 60
31 27 1 0 0 1 60
30 27 1 0 0 2 0 0 0 60
30 28 1 0 1 60
29 28 1 2 0 0 0 0 0 60
27 31 1 1 60
26 30 1 1 2 60
27 29 2 1 1 0 0 60
31 26 3 0 0 0 60
26 30 3 0 0 1 0 0 0 0 0 60
24 32 3 0 1 60
27 30 2 1 0 60
30 27 0 1 2 60
29 29 0 0 2 0 60
30 28 0 0 2 0 0 0 60
29 29 0 0 2 0 60
27 32 0 0 1 60
28 31 1 0 0 60
29 31 0 60
31 29 60
33 27 60
33 27 60
34 26 0 0 0 60
25 35 0 60
34 26 0 60
33 27 60
35 25 60
25 35 0 60
33 27 0 60
34 26 60
26 34 0 0 60
34 26 0 0 60
34 26 60
34 26 0 0 60
26 33 1 60
32 27 1 0 0 60
33 26 1 0 0 0 60
31 29 0 0 0 0 0 0 60
29 31 0 60
30 30 60
31 29 0 0 60
28 32 0 0 60
28 32 0 60
32 27 1 60
31 28 1 0 60
33 26 0 0 1 0 60
26 33 0 1 60
31 28 0 1 0 60
26 33 0 1 60
27 32 1 0 60
32 1 27 0 0 60
3 30 27 0 0 60
32 3 25 0 60
32 25 3 0 0 0 0 0 0 60
32 24 3 1 0 60
32 24 2 2 0 60
30 25 3 2 0 60
29 26 2 3 60
31 25 3 1 0 0 0 0 60
30 25 4 1 0 0 60
24 31 4 1 60
31 24 4 1 60
25 31 2 2 0 0 0 60
27 29 3 1 0 0 60
30 25 4 1 0 60
29 25 5 0 1 0 0 60
25 29 5 0 1 60
29 26 4 0 1 0 0 60
28 26 5 0 0 0 1 0 0 60
29 26 4 0 0 1 0 0 60
28 27 4 0 0 1 60
28 28 3 0 1 60
30 27 2 1 0 60
30 28 1 1 0 0 0 60
30 28 1 1 0 0 60
31 27 1 1 60
30 27 2 0 1 60
29 29 0 1 1 0 0 0 60
30 28 1 0 1 0 0 0 60
32 26 1 0 1 60
31 26 1 0 1 1 60
29 27 0 1 1 2 60
29 27 0 1 2 1 0 0 0 0 60
27 29 1 0 1 0 2 0 0 0 60
28 27 3 0 0 1 1 0 0 0 0 0 60
27 29 2 0 0 0 1 0 0 1 0 0 0 60
27 29 2 1 0 0 0 0 0 1 0 0 0 0 0 60
27 29 2 2 0 0 0 0 0 0 0 0 60
25 30 2 3 0 0 60
27 29 2 2 0 0 0 60
26 30 2 2 60
26 29 3 2 0 0 0 60
28 25 5 2 0 0 0 60
29 25 2 4 0 0 0 0 60
27 28 2 3 60
27 27 2 4 0 60
29 26 3 2 0 0 60
29 26 2 3 0 0 60
26 28 3 3 60
25 26 6 3 60
27 23 7 3 0 0 0 0 0 0 60
26 25 5 3 0 0 0 1 60
24 25 7 3 0 1 0 0 0 60
24 25 3 7 0 1 60
21 26 5 7 1 0 0 0 60
26 22 4 7 1 60
26 22 6 4 2 0 60
23 25 7 4 1 0 0 60
20 3 26 10 1 60
20 6 8 25 1 0 0 60
22 5 26 6 1 0 0 0 0 0 0 60
22 3 26 7 2 0 0 0 0 60
23 3 26 6 2 0 0 0 60
26 0 26 5 3 0 0 60
26 27 0 5 1 1 0 0 0 60
26 27 4 2 0 1 0 0 60
26 27 5 1 0 1 0 0 0 0 60
27 26 5 1 0 1 0 0 0 60
26 27 5 0 0 2 0 0 0 0 0 0 60
24 28 5 0 0 2 1 0 0 0 0 60
25 27 5 0 1 2 0 0 0 60
28 24 6 0 1 1 0 60
28 24 5 2 1 0 0 0 0 0 0 60
29 25 3 1 2 0 0 60
29 26 3 0 2 0 0 0 0 60
28 27 0 3 2 0 0 0 0 0 0 0 60
27 28 0 3 2 0 0 0 60
28 27 0 2 3 0 0 0 0 0 0 0 0 0 60
25 28 0 3 4 0 0 0 60
26 28 2 0 4 0 0 0 0 0 0 60
26 28 4 2 0 0 0 0 0 0 0 0 60
26 29 3 1 0 0 1 0 0 60
29 1 27 3 0 0 0 0 0 60
1 28 28 3 0 60
1 29 27 1 2 0 0 0 0 0 0 0 0 0 60
29 1 27 1 2 0 0 0 0 0 0 0 60
28 1 28 2 1 0 0 60
29 27 1 3 0 0 0 0 0 60
29 27 3 1 0 60
30 26 3 1 0 60
28 28 0 3 0 0 0 0 0 0 1 60
28 28 0 3 0 0 0 0 1 0 0 0 0 0 0 0 0 0 60
28 28 3 0 0 0 0 0 1 60
28 26 5 1 0 0 0 0 0 60
26 27 6 1 0 0 60
27 27 5 1 0 0 0 0 60
28 27 4 1 60
27 27 1 5 0 0 60
26 27 6 1 0 0 0 0 60
27 27 5 1 0 0 60
26 28 5 1 60
29 26 5 0 60
28 27 4 1 60
28 27 4 1 0 0 60
28 26 5 1 0 60
27 28 4 0 1 60
26 28 5 1 60
28 27 4 1 60
28 27 4 1 60
27 28 4 0 0 0 1 0 60
29 26 0 4 0 1 0 60
29 26 4 0 0 1 0 0 60
28 27 4 0 0 1 60
28 27 4 0 1 60
27 27 4 2 0 0 60
27 26 5 2 0 60
27 27 4 2 60
26 28 4 2 0 0 0 60
28 26 4 1 0 1 0 60
27 26 3 3 0 1 0 0 60
25 28 4 2 0 1 0 60
26 28 4 0 2 0 0 0 60
28 26 2 1 3 60
27 27 2 1 3 0 0 0 0 0 0 0 0 0 60
27 27 0 5 1 0 0 0 0 0 60
26 28 5 0 1 0 0 0 0 0 0 0 0 0 60
28 27 4 1 0 0 0 60
26 28 5 1 0 0 0 0 0 0 0 0 0 0 0 0 0 0 0 60
26 28 5 1 0 0 0 0 60
27 28 1 4 0 60
28 27 1 4 0 0 60
28 27 4 1 0 0 0 0 60
29 26 4 1 0 0 0 0 60
29 26 4 1 0 0 0 0 60
29 26 4 1 0 0 0 60
29 27 0 4 0 60
28 28 0 4 0 0 0 0 0 60
29 27 0 4 0 0 0 0 0 0 60
28 28 4 0 0 0 60
28 28 4 0 0 60
29 26 5 0 0 0 0 0 60
27 28 5 0 0 0 60
28 26 6 0 0 60
28 28 4 60
28 28 4 0 0 0 60
28 28 4 0 0 0 60
28 28 4 0 0 60
28 28 4 0 0 60
29 27 4 0 60
28 28 4 60
29 27 4 60
29 27 4 0 60
29 27 4 60
28 28 4 60
28 28 4 0 60
29 27 4 60
29 27 4 60
28 27 5 0 0 60
28 27 5 0 60
27 29 4 0 60
29 27 4 0 0 60
29 27 4 60
28 28 4 0 0 60
29 27 4 60
28 28 4 0 60
27 29 4 0 0 0 0 60
28 28 4 0 0 0 60
30 26 4 0 0 60
29 26 5 0 60
28 27 5 0 0 60
26 28 5 0 0 1 60
26 29 0 4 1 60
25 29 4 0 2 60
25 29 4 2 0 0 0 60
27 29 3 1 0 0 0 60
30 26 4 0 0 0 0 0 60
28 26 6 0 0 60
28 28 4 0 0 0 0 0 0 0 0 60
27 28 5 0 60
28 27 5 0 0 60
26 29 5 60
28 28 4 0 60
28 28 4 60
28 28 4 60
29 27 4 0 0 0 60
26 29 4 0 1 0 0 60
30 25 0 5 0 0 0 60
31 24 0 5 0 0 60
30 24 6 0 0 60
29 26 5 60
28 27 5 60
29 27 4 60
28 27 5 60
30 26 4 60
30 26 4 60
28 29 3 60
27 30 3 60
29 28 3 60
29 28 3 0 60
29 28 3 60
29 27 4 60
28 28 4 60
28 27 5 0 0 0 0 0 60
28 27 5 0 0 0 0 0 60
28 26 6 0 0 0 60
26 28 5 1 0 60
26 26 7 1 0 0 60
25 26 7 1 0 0 0 1 60
26 27 5 1 0 1 0 0 0 0 60
27 26 6 0 1 0 0 60
27 27 5 0 1 0 60
25 28 4 3 0 0 0 0 0 60
27 27 4 2 0 0 60
26 27 5 2 0 0 0 0 0 0 60
27 26 2 5 0 60
25 29 4 1 1 0 0 0 0 60
26 27 5 2 0 60
26 26 7 1 60
28 24 7 1 0 60
28 26 5 1 0 0 60
27 27 5 1 60
26 28 5 1 0 60
26 28 5 1 60
27 26 6 1 60
27 27 4 2 60
27 27 4 2 0 60
26 26 4 4 60
26 25 4 4 0 0 0 0 1 60
24 27 5 3 0 0 0 0 1 0 60
23 27 4 5 0 0 0 0 1 60
27 24 3 4 1 0 0 0 1 60
27 4 25 4 0 0 0 0 0 0 60
26 4 26 4 60
27 2 27 4 60
3 26 27 4 0 0 60
26 3 27 4 60
3 25 28 4 0 0 0 60
3 27 27 3 60
26 2 28 4 60
27 24 4 3 1 1 0 0 60
27 25 3 3 1 1 60
27 25 4 0 0 4 0 0 0 0 0 60
27 24 4 0 5 0 0 0 0 0 0 0 0 0 60
26 26 0 4 4 0 0 0 60
26 26 0 4 4 60
24 27 0 7 2 60
26 25 6 0 2 1 0 0 0 60
23 27 2 8 0 0 0 60
28 23 2 7 0 0 60
26 27 1 6 0 0 0 0 0 0 0 0 0 0 60
26 28 6 0 60
28 27 5 0 0 60
29 26 5 0 0 60
28 27 5 60
27 28 5 60
27 28 5 60
28 27 5 60
27 28 5 0 0 0 60
28 27 5 60
28 26 6 0 60
27 28 5 60
27 27 5 1 0 0 60
29 26 5 0 0 60
27 28 5 0 60
27 29 4 0 0 60
28 28 4 0 0 0 0 0 60
28 27 5 60
29 27 4 0 0 60
30 26 4 60
30 26 4 60
28 28 4 0 0 0 60
28 28 4 60
28 28 4 0 0 60
28 28 4 60
28 28 4 60
27 29 4 0 60
28 28 4 0 60
28 28 4 0 60
27 29 4 0 0 60
27 29 4 60
28 28 4 60
29 27 4 60
28 28 4 0 60
27 29 4 0 0 0 0 0 0 0 60
26 29 4 1 0 0 0 0 0 0 60
28 27 5 0 0 0 0 0 0 0 0 60
27 29 4 0 0 0 0 60
29 27 4 60
28 28 4 0 60
28 28 4 0 0 0 60
26 30 4 0 0 0 0 0 0 60
30 26 4 0 60
27 29 4 0 60
27 29 4 60
28 28 4 60
28 28 4 60
28 27 4 0 1 0 60
28 27 4 0 1 0 0 0 60
27 26 5 0 2 60
28 26 6 0 0 60
26 26 8 60
26 27 7 0 60
25 28 7 0 60
29 25 6 0 60
26 28 6 0 0 60
29 26 5 0 0 60
26 29 5 60
26 28 6 0 60
27 26 7 60
25 28 7 60
27 27 6 60
27 27 6 0 0 0 0 60
27 27 6 0 0 60
27 27 6 0 60
26 27 7 0 0 0 60
26 27 7 0 0 60
27 27 6 60
27 25 7 0 0 1 0 60
28 26 5 0 1 0 60
28 27 5 0 0 0 60
26 29 5 60
29 26 5 60
27 26 7 60
24 25 10 0 0 0 1 60
25 26 7 1 0 1 60
27 27 4 0 1 1 0 0 60
25 28 5 0 1 1 0 60
28 26 5 0 0 0 1 0 60
27 27 0 5 0 0 1 60
26 27 0 5 1 0 1 0 60
25 26 0 5 1 2 1 60
28 25 5 0 0 1 1 0 0 0 0 0 60
25 30 4 0 0 1 0 60
25 30 4 0 1 60
26 30 4 0 0 0 0 0 60
29 25 4 0 1 1 0 0 0 0 0 0 0 60
28 26 5 0 0 1 0 0 60
25 28 5 0 1 1 0 0 0 0 60
23 30 5 0 1 1 0 0 60
21 30 6 0 3 0 60
21 28 7 0 3 1 0 60
27 21 7 0 2 3 60
29 24 3 1 2 0 1 0 0 0 0 60
24 28 3 3 0 2 0 0 60
26 29 3 1 1 0 0 60
25 31 3 0 1 0 0 60
26 30 3 1 0 60
27 28 4 1 0 0 0 0 0 60
25 30 4 0 1 0 0 0 60
23 33 0 3 1 0 0 0 0 0 0 0 0 0 0 60
26 31 0 3 0 0 0 0 0 0 0 60
29 28 0 3 0 0 60
30 27 0 3 0 0 0 0 0 0 0 60
28 29 0 3 0 60
28 0 29 3 60
0 29 28 3 60
26 0 31 3 60
26 0 31 3 0 0 0 60
0 29 28 3 0 0 0 60
0 27 29 4 0 60
0 28 28 4 60
28 0 28 4 0 60
0 28 28 4 60
29 0 27 4 60
0 27 29 4 60
0 26 28 6 60
26 0 28 6 0 0 60
0 26 26 8 0 0 60
0 26 26 8 60
25 28 0 7 0 0 0 0 60
24 28 7 0 0 0 0 1 0 0 0 0 60
23 28 9 0 0 0 0 0 0 0 0 0 60
24 28 8 0 0 60
25 28 7 0 0 0 0 60
26 28 6 60
28 26 6 0 0 0 0 0 60
26 26 7 1 0 0 60
25 26 8 1 60
25 28 7 0 0 0 0 0 60
27 26 7 0 0 0 60
25 26 9 0 0 0 60
26 26 8 0 60
27 25 8 0 0 0 0 60
24 26 10 0 0 60
24 26 10 0 0 0 0 60
26 24 10 0 0 0 0 60
26 26 8 0 0 0 0 0 0 0 60
25 24 10 0 0 0 0 1 0 0 0 0 0 0 0 0 0 60
24 26 8 0 0 1 1 60
26 25 6 1 1 0 1 0 0 0 0 60
27 25 3 2 2 1 0 0 0 0 0 0 60
26 24 6 2 1 0 1 0 0 0 0 0 0 0 0 0 0 0 0 0 60
28 24 1 3 1 0 3 0 0 0 60
29 23 3 2 0 0 2 0 0 0 0 0 0 0 0 0 0 0 0 0 0 0 0 1 0 0 0 0 0 0 0 0 60
22 30 3 0 0 0 3 0 0 1 0 0 0 0 0 0 0 0 0 0 0 0 0 1 60
23 29 2 2 0 0 0 3 0 0 0 0 0 1 0 0 0 0 0 0 0 0 0 0 0 0 0 0 0 0 60
24 26 2 3 0 1 0 4 0 0 0 0 0 0 60
26 26 3 0 3 0 0 2 0 0 0 0 0 0 0 0 60
28 26 3 0 1 1 0 0 0 0 0 0 0 1 60
28 27 3 0 0 0 1 0 0 0 0 0 1 0 60
27 27 6 0 0 0 0 0 0 0 0 0 0 60
26 28 6 0 0 0 0 0 0 0 0 0 0 0 60
26 27 5 2 0 0 0 0 0 0 60
26 26 8 0 0 0 0 0 60
26 28 6 0 0 60
29 26 5 60
29 26 5 0 0 60
26 27 7 60
25 26 9 60
26 27 7 0 0 60
27 27 6 0 60
28 26 6 0 60
28 28 4 0 0 60
29 28 3 0 60
28 29 3 60
30 25 5 60
30 26 4 0 0 0 60
30 26 4 0 60
29 27 4 60
29 27 4 60
26 30 4 60
26 30 4 0 0 0 60
29 26 4 1 0 0 0 0 60
28 26 4 2 0 60
27 28 2 3 0 0 0 0 60
28 28 1 3 0 0 0 0 60
27 29 0 4 60
28 28 0 4 60
28 28 4 0 60
26 30 4 0 60
28 27 5 0 0 60
26 29 5 0 0 0 0 0 60
27 27 5 0 0 0 1 60
27 27 6 0 0 0 0 0 0 0 0 60
26 27 7 0 60
27 26 7 0 60
27 24 9 0 0 0 0 60
24 29 7 60
28 27 5 0 60
26 29 5 60
29 26 5 60
28 27 5 60
26 26 8 0 60
28 27 5 60
28 28 4 0 60
25 30 5 60
30 23 6 1 60
30 24 6 0 60
30 24 6 0 0 60
30 25 5 0 0 0 60
26 30 4 0 60
25 30 5 0 0 60
29 27 4 0 0 0 60
26 30 4 60
29 26 4 1 60
31 26 3 0 60
27 31 2 60
25 33 2 60
27 31 2 60
32 25 3 60
32 25 3 0 0 0 0 60
31 25 4 60
30 26 4 60
25 32 3 0 0 60
32 25 3 0 60
25 32 3 60
25 33 2 60
32 26 2 0 0 0 60
28 30 2 60
28 31 1 60
31 28 1 0 60
31 28 1 60
31 28 1 60
31 28 1 60
29 30 1 60
27 32 1 60
31 28 1 60
29 30 1 60
31 28 1 60
29 29 2 60
27 29 4 60
28 29 3 60
28 29 3 60
30 27 3 60
29 28 3 60
28 29 3 0 0 0 60
29 28 3 0 0 0 0 0 0 0 0 0 0 0 60
29 28 3 0 0 0 0 60
29 28 3 0 0 0 0 0 60
26 31 3 0 0 0 0 0 0 0 0 0 0 0 60
30 27 3 0 0 0 0 0 60
30 27 3 0 60
30 27 3 0 60
29 28 3 0 60
28 29 3 0 0 0 60
29 27 3 0 0 0 1 0 0 0 60
29 26 4 0 0 0 0 1 0 0 0 0 0 0 0 0 60
28 26 6 0 0 0 0 0 0 0 0 0 0 0 0 0 60
26 26 8 60
25 26 9 60
26 24 10 0 0 0 0 0 60
48 5 7 0 60
49 5 6 60
51 5 4 0 0 60
49 6 5 0 60
49 5 5 0 0 1 0 60
48 5 6 0 0 1 0 60
44 8 5 0 2 1 0 0 0 0 0 60
46 6 7 0 1 0 0 60
49 4 6 0 0 1 0 0 0 0 60
48 4 7 0 0 1 0 60
47 10 3 0 0 0 0 60
42 15 3 60
37 19 4 0 0 0 0 0 0 0 0 0 60
33 23 4 0 0 0 60
31 25 4 0 0 0 0 60
30 26 4 0 0 0 0 0 60
30 26 3 1 0 60
30 26 2 2 0 0 0 0 60
30 25 2 3 0 60
27 30 3 0 0 0 0 60
28 29 3 60
28 29 3 0 0 60
29 28 3 0 0 0 0 0 0 60
28 29 3 0 0 60
26 29 5 0 60
29 26 5 0 0 0 0 0 0 60
27 29 4 0 60
30 26 4 60
24 32 4 0 0 0 60
31 25 4 0 0 60
29 27 4 60
26 30 4 0 60
31 24 5 60
24 31 5 60
31 24 5 60
31 24 5 60
31 25 4 60
31 25 4 60
28 26 6 60
27 26 7 60
29 25 6 0 0 60
29 26 5 60
30 25 5 0 0 60
30 25 5 0 60
29 25 6 0 0 60
27 28 5 0 0 0 0 0 0 0 0 60
26 28 5 1 0 0 0 60
30 25 4 1 0 0 0 0 60
26 28 6 0 0 0 0 0 0 0 0 0 0 0 0 0 0 60
26 27 6 1 0 0 0 0 60
26 26 8 0 0 0 0 0 0 0 60
27 24 9 0 0 0 0 0 60
26 25 9 0 0 60
25 25 10 0 60
26 25 9 0 0 60
25 27 8 60
27 25 8 0 0 60
26 23 11 60
26 25 9 0 60
26 26 8 60
26 26 8 60
24 27 9 0 60
26 27 7 0 0 0 0 60
37 6 17 0 60
30 25 5 0 60
28 28 4 60
29 27 4 0 0 60
30 27 3 60
24 33 2 0 1 60
25 33 1 0 0 0 1 60
32 27 0 0 0 0 0 0 1 0 60
27 33 0 0 0 0 0 0 0 0 0 60
33 27 0 60
34 26 60
34 26 60
27 33 60
33 27 0 0 60
33 27 60
28 32 60
26 34 0 0 60
34 26 60
27 33 60
33 27 60
27 33 60
33 27 0 0 60
27 33 0 60
33 27 60
33 27 0 60
27 33 0 0 60
28 32 60
29 31 0 0 60
28 32 60
31 29 60
29 31 0 0 60
27 33 60
31 29 0 0 0 60
31 28 0 0 1 60
32 28 0 0 0 0 0 60
30 30 0 60
31 29 0 60
28 32 60
31 29 0 60
31 29 60
29 31 60
31 29 0 0 0 0 0 0 0 0 0 0 0 0 0 0 0 60
29 31 0 0 0 0 60
28 32 0 0 0 0 60
32 28 0 0 60
28 32 0 0 60
33 27 0 0 0 0 60
33 27 0 0 60
33 27 60
32 28 60
28 32 0 0 60
31 29 60
30 30 60
30 30 60
31 29 0 0 60
31 29 0 60
31 28 1 0 0 0 0 0 60
30 29 0 1 60
30 29 1 60
29 29 2 0 0 0 60
27 31 2 60
26 31 3 0 0 0 60
30 27 3 60
29 27 4 0 0 0 0 0 0 60
30 26 4 0 0 60
27 28 3 0 2 60
27 30 3 0 0 60
28 29 3 0 0 0 60
29 28 3 0 0 60
29 28 3 60
30 27 3 60
30 27 3 60
30 27 3 0 0 60
30 27 3 0 0 60
30 27 3 0 0 0 0 60
30 27 3 0 60
28 28 4 60
27 29 4 0 0 60
27 29 4 0 60
28 28 4 0 0 60
29 27 4 0 0 60
29 27 4 60
29 27 4 60
28 28 4 0 0 0 60
28 28 4 60
27 29 4 0 0 0 0 0 60
27 29 4 0 0 0 0 60
25 29 4 2 60
24 29 4 3 60
26 27 5 2 60
25 28 5 2 60
25 29 4 2 60
24 30 4 2 60
30 24 4 2 60
31 2 23 4 0 0 60
30 2 23 5 0 0 0 0 0 0 0 0 60
28 1 27 4 0 0 60
30 0 26 4 60
0 29 27 4 60
1 28 28 3 0 0 0 0 0 0 0 0 60
1 27 29 3 0 0 0 60
1 30 26 3 0 0 0 0 60
1 28 26 5 0 0 0 0 0 0 0 0 0 0 0 60
1 26 24 9 0 0 0 0 60
2 26 23 9 60
28 1 23 8 0 60
27 23 9 1 0 0 0 0 0 0 0 60
26 22 11 1 0 0 60
27 28 4 1 0 0 0 60
26 28 5 1 60
24 28 8 0 60
27 27 6 60
27 26 7 60
26 27 7 0 60
27 26 7 0 0 0 60
26 26 8 60
27 25 7 0 0 1 0 60
27 27 5 0 0 1 0 0 60
26 29 5 0 0 0 60
25 29 5 0 0 1 60
25 29 0 5 1 0 60
29 25 0 5 1 60
0 29 26 5 0 0 60
0 30 25 5 0 60
0 25 28 7 0 0 60
0 28 26 3 0 3 60
0 24 29 4 0 2 1 0 60
0 27 28 4 1 0 0 60
27 0 28 5 0 0 0 0 60
27 28 0 5 60
25 28 0 7 60
27 27 6 60
28 26 6 0 0 0 60
28 26 6 0 60
29 26 5 60
29 27 4 60
27 28 5 0 0 60
25 28 7 0 60
27 26 7 0 0 0 60
26 28 6 0 60
27 28 5 0 0 60
29 26 5 0 0 0 0 0 0 0 0 60
28 25 5 1 0 0 0 1 0 0 0 60
28 23 7 0 1 0 0 1 0 0 60
28 23 0 6 2 0 0 0 1 0 0 0 0 0 0 0 0 0 60
28 22 1 6 2 1 0 0 0 60
24 27 3 5 1 0 0 0 60
28 25 4 1 2 0 0 0 0 60
27 25 5 1 2 0 0 0 0 60
27 25 1 5 2 0 0 0 0 0 60
28 24 2 2 4 0 60
25 26 1 4 4 0 0 60
27 25 1 5 2 0 60
25 27 4 2 2 60
25 27 5 3 0 0 0 0 0 60
28 25 5 2 0 0 60
28 25 4 3 0 0 60
28 26 3 3 60
28 27 3 2 0 0 60
27 28 2 3 60
28 26 2 4 60
25 29 4 2 0 0 0 0 0 60
27 27 3 3 0 60
27 27 3 3 0 0 60
26 27 4 3 0 0 0 0 60
28 26 3 3 60
28 25 3 3 1 0 0 0 60
28 24 3 3 1 0 1 0 0 0 60
27 26 2 0 4 1 0 0 0 0 60
23 28 2 1 6 0 0 60
21 29 1 1 8 0 60
21 28 0 10 1 60
22 29 8 0 1 60
25 28 6 1 60
24 28 6 2 60
25 28 5 2 0 0 0 0 60
26 26 5 1 0 0 1 1 0 0 0 60
26 27 4 2 0 1 0 0 0 0 0 60
25 27 6 2 0 0 60
27 27 1 4 0 0 0 0 1 0 0 0 0 0 60
27 27 1 4 0 0 0 0 1 0 0 60
27 27 1 4 0 0 0 0 1 60
27 27 1 4 0 0 0 0 1 60
26 27 1 5 0 0 0 0 1 60
27 25 1 6 0 0 0 0 1 60
27 26 2 4 0 0 0 0 1 60
25 29 4 1 0 0 0 0 1 60
25 28 6 1 0 0 0 0 0 60
23 27 8 0 0 2 60
24 26 10 0 0 0 60
25 25 10 0 0 0 0 0 0 0 0 0 60
25 25 10 0 60
23 11 26 0 0 0 60
26 7 27 0 0 60
26 27 7 60
25 28 7 0 60
26 26 8 0 60
27 26 7 60
27 26 7 60
26 27 7 0 60
25 28 7 60
27 7 26 0 60
27 26 7 0 60
28 25 7 60
28 26 6 0 0 0 0 60
27 27 6 0 60
27 27 5 1 0 60
27 27 4 2 0 0 0 0 60
26 27 4 2 0 0 0 0 0 1 60
27 26 4 2 0 0 0 0 1 0 0 60
28 25 4 2 0 0 0 0 1 60
24 28 5 2 0 0 0 0 1 0 0 0 0 0 0 0 0 0 0 60
25 26 6 0 1 1 0 1 0 0 0 0 0 0 0 0 0 0 60
25 27 5 0 2 1 0 0 0 0 0 0 0 0 60
28 25 4 1 0 1 0 0 0 1 0 0 0 0 0 0 0 0 0 60
29 23 3 4 0 0 0 0 0 1 0 0 0 0 0 0 0 0 0 60
29 23 4 3 0 0 0 0 0 1 0 0 0 0 0 60
29 23 5 3 0 0 0 0 0 0 0 0 0 0 0 0 0 60
27 27 2 4 0 0 60
27 27 2 4 0 60
27 26 4 3 0 0 0 0 0 60
27 27 2 4 0 0 60
27 26 4 3 60
27 26 5 1 1 60
25 28 5 1 1 0 0 0 0 0 0 0 0 0 0 0 0 0 60
25 27 6 0 2 0 0 60
25 27 7 1 0 0 0 60
27 27 5 1 0 0 0 0 0 0 0 0 0 60
26 27 5 1 1 0 60
27 27 4 1 1 60
27 27 4 1 1 0 0 0 60
26 27 5 1 1 0 60
27 27 4 1 1 0 60
26 27 4 2 0 1 0 0 60
26 26 5 2 1 0 60
26 27 2 5 0 0 0 0 60
26 27 2 4 0 1 0 0 0 60
25 27 2 5 1 0 60
27 26 2 5 0 0 0 0 60
27 26 5 2 0 60
27 27 4 2 0 0 0 0 0 60
27 27 4 2 0 0 0 60
26 28 4 1 1 0 0 60
27 27 2 4 0 0 60
28 26 4 2 0 0 60
26 28 4 2 0 0 60
24 30 4 2 0 60
28 26 4 2 0 60
26 29 2 2 1 0 0 60
29 26 2 2 1 60
27 28 2 2 0 1 0 0 0 0 60
27 28 2 2 0 1 60
27 28 3 1 0 1 60
27 28 3 1 0 1 60
27 28 4 0 1 0 0 0 0 60
28 28 0 1 3 0 0 0 0 0 60
28 27 0 1 4 0 0 0 60
28 28 1 3 0 0 0 60
27 29 2 2 60
29 26 3 2 0 60
29 26 2 3 60
27 30 0 3 0 0 0 60
29 28 3 60
30 27 3 60
28 29 3 0 0 60
27 30 3 60
32 25 3 0 60
30 27 3 60
27 30 3 0 60
29 28 3 60
28 29 3 0 60
29 28 3 0 60
26 29 5 0 60
27 29 4 60
28 29 3 0 0 0 0 0 0 60
29 28 3 0 0 0 0 60
28 29 3 0 0 60
28 29 3 0 60
29 28 3 0 60
28 29 3 0 0 60
28 29 3 0 60
29 28 3 0 0 60
29 28 3 60
28 28 4 0 0 0 60
27 29 4 0 0 60
27 29 4 0 60
27 29 4 60
29 27 4 60
29 26 4 1 0 60
28 28 4 0 0 60
27 28 5 0 0 60
28 28 4 0 0 60
27 28 3 2 0 60
29 28 2 1 60
28 28 3 1 60
29 27 1 3 60
29 28 3 0 0 60
27 30 3 0 60
26 30 4 0 60
28 28 4 0 0 60
27 28 5 60
28 27 5 60
28 28 4 60
27 29 4 0 0 60
27 29 4 60
27 29 4 0 0 60
27 28 5 0 60
28 27 5 0 0 0 60
27 28 5 0 0 60
26 28 6 0 0 60
25 28 7 0 0 0 0 0 60
25 26 9 0 60
29 24 7 60
30 25 5 0 0 0 60
26 28 6 0 0 60
28 27 5 0 0 0 60
27 28 5 60
27 28 5 60
26 28 6 60
29 25 6 60
26 27 7 0 60
28 26 6 60
28 26 6 0 60
26 27 7 60
27 27 6 60
26 27 7 60
27 26 7 60
26 27 7 60
25 29 6 0 0 60
27 26 7 0 60
28 26 6 60
24 30 6 60
26 28 6 60
28 27 5 60
28 27 5 60
27 28 5 60
26 27 7 60
26 26 8 60
28 25 7 0 0 60
27 26 7 60
26 27 7 0 60
27 27 6 0 60
27 28 5 0 0 60
26 29 5 60
25 30 5 60
26 29 5 0 60
28 27 5 60
27 28 5 60
25 28 7 60
29 25 6 0 0 0 0 0 60
27 28 5 60
27 27 6 60
27 25 8 0 60
26 26 8 0 60
25 27 8 60
25 26 9 60
23 26 11 60
25 26 9 0 60
26 27 7 0 60
26 27 7 60
27 26 7 60
28 26 6 0 60
27 27 6 0 0 0 60
27 27 6 60
27 27 6 60
28 26 6 60
25 28 5 1 1 0 0 0 0 60
25 27 0 7 1 60
25 28 0 7 0 60
30 24 5 0 1 60
30 26 4 0 0 0 60
30 26 4 0 60
27 29 4 60
28 27 5 60
27 26 6 0 0 0 1 0 0 0 0 0 60
26 26 7 0 0 0 1 0 0 0 0 0 0 0 60
27 27 5 0 0 0 0 1 0 0 0 0 0 60
27 26 6 0 0 0 1 0 0 60
28 25 6 1 0 0 0 0 0 0 60
27 26 6 1 0 60
26 27 6 1 0 0 0 60
27 26 6 1 0 60
27 28 4 0 0 0 0 1 60
27 27 5 0 0 0 0 1 60
27 26 6 0 0 0 0 1 60
27 27 4 0 0 0 2 60
28 26 4 0 0 0 2 0 0 60
27 27 4 0 0 0 2 60
26 28 4 0 0 0 2 60
28 26 4 0 0 0 2 60
27 27 4 2 0 0 0 0 0 0 60
27 27 4 2 0 0 0 0 60
27 27 4 2 0 0 0 0 0 0 0 0 0 0 0 60
28 26 4 2 0 60
27 27 4 2 0 0 60
25 26 6 3 0 0 60
25 27 4 4 0 0 60
25 27 5 3 0 0 60
25 28 4 3 0 0 60
24 28 4 4 0 60
26 26 4 4 60
26 26 5 3 60
29 25 4 2 0 0 0 0 60
41 5 10 4 0 0 0 0 0 60
6 28 8 11 0 5 2 60
29 5 13 10 0 3 0 0 0 0 60
32 9 3 14 0 2 0 0 0 0 60
32 6 17 3 0 2 0 60
32 5 17 3 3 0 60
31 5 17 3 4 0 0 0 0 0 60
30 6 20 3 1 0 60
27 5 22 1 5 0 60
27 22 3 2 6 60
21 27 4 2 6 0 0 0 0 60
19 27 3 6 5 60
18 29 1 8 2 2 0 0 0 0 60
22 29 1 6 1 1 60
21 29 1 7 1 1 60
23 29 5 2 1 0 60
24 29 4 2 1 0 0 0 0 60
24 29 4 1 1 0 0 1 0 0 60
23 31 2 3 0 0 0 1 60
24 30 2 3 0 0 1 0 0 0 0 0 0 60
31 23 2 3 0 0 1 60
28 24 2 5 1 0 0 0 60
23 28 1 6 2 0 60
26 1 27 5 1 0 60
27 27 2 3 1 60
25 28 3 3 1 0 60
25 28 3 3 1 0 0 0 60
25 26 6 2 1 0 60
27 26 4 3 0 60
25 27 3 4 1 0 0 0 0 60
24 28 3 4 1 60
25 27 3 4 1 60
28 23 3 4 2 0 0 60
27 24 4 3 2 60
27 23 3 4 3 0 0 60
25 27 4 1 3 0 0 0 60
25 26 4 2 3 0 60
27 25 2 4 2 60
28 23 3 4 2 0 0 0 0 0 0 0 60
27 23 4 4 2 0 0 0 0 0 0 0 0 60
27 26 3 2 2 0 0 0 0 0 0 60
29 25 2 2 2 0 0 60
28 25 2 1 4 60
26 27 3 1 3 60
26 27 3 3 1 60
26 27 5 2 0 0 0 0 0 0 0 60
27 27 4 2 0 0 0 0 60
27 27 4 2 60
26 28 2 4 0 0 0 0 60
27 27 2 4 0 0 0 0 0 0 0 60
26 27 3 4 0 0 0 60
25 28 4 3 0 0 0 0 60
28 25 3 4 0 0 0 0 0 0 0 60
28 25 3 4 0 0 0 0 0 0 0 60
29 24 4 3 0 0 0 60
29 24 4 3 0 60
29 24 3 4 0 0 0 60
28 25 3 4 0 0 0 0 60
25 27 3 5 0 60
25 28 3 4 0 0 60
28 25 4 3 60
28 25 4 3 0 60
27 4 27 2 0 60
4 27 27 2 0 0 0 0 0 0 60
5 28 25 2 0 0 0 0 0 0 0 0 0 0 60
4 28 26 2 0 0 60
27 4 27 2 60
28 26 4 2 0 60
25 29 4 2 60
29 24 6 1 60
28 26 5 1 0 0 0 0 60
28 26 5 1 60
27 27 6 0 0 0 0 0 60
27 27 6 60
26 27 7 60
26 7 27 0 60
25 7 27 1 0 60
25 8 27 0 0 0 0 0 0 0 0 0 60
26 6 28 0 60
7 27 26 0 0 60
28 27 5 0 60
27 28 5 60
29 26 5 60
27 27 6 0 60
24 26 9 1 0 0 0 0 0 0 60
27 6 27 0 0 60
28 7 25 0 0 60
27 26 7 0 0 0 60
28 25 7 60
26 24 9 0 1 60
28 25 7 0 0 60
27 26 7 0 0 0 60
27 27 6 0 0 0 0 60
27 27 5 1 60
26 27 2 5 0 0 0 0 60
25 24 2 8 0 0 0 1 0 0 0 0 60
24 23 2 7 2 1 0 1 60
24 23 1 3 6 1 1 1 0 60
25 1 25 1 7 0 0 1 0 0 0 0 60
26 1 26 0 6 0 1 0 60
26 1 27 0 5 0 1 0 60
25 27 0 0 6 2 60
25 26 1 0 4 4 0 0 0 60
28 25 4 1 0 2 60
28 25 0 7 0 0 0 0 60
26 27 0 6 1 0 60
28 24 8 0 0 0 0 0 60
27 26 7 60
27 26 7 0 0 0 0 0 60
25 27 8 0 0 60
28 25 6 0 1 0 0 60
27 26 4 2 0 1 0 0 0 0 0 0 60
28 26 3 2 1 60
25 27 5 3 0 0 0 0 0 60
25 26 5 4 0 0 0 60
26 26 5 3 60
27 26 3 4 0 0 60
25 27 5 3 0 0 60
25 27 5 3 60
26 26 5 3 0 0 0 60
25 25 3 5 2 0 0 60
28 25 5 0 2 0 0 0 0 0 60
27 27 4 2 0 0 0 60
27 26 4 3 0 0 60
28 25 5 2 0 60
27 25 4 4 0 0 0 0 0 60
26 26 4 4 60
26 26 4 4 60
27 25 4 3 0 1 60
22 30 3 1 1 3 0 0 60
23 29 1 3 2 2 0 0 0 60
22 1 29 3 3 2 0 60
24 1 29 2 2 2 0 0 60
23 1 27 2 2 5 60
2 24 26 3 0 5 0 0 0 0 0 60
2 26 26 3 0 3 0 60
2 26 27 4 1 0 60
2 26 27 4 1 0 60
3 27 27 3 0 60
28 2 25 5 60
26 2 29 3 60
25 30 3 2 0 0 0 0 0 60
25 30 3 2 0 0 60
30 25 3 2 0 0 0 0 0 0 60
27 27 3 3 60
28 26 3 3 0 0 60
27 26 4 3 60
24 27 5 4 0 0 60
28 25 4 3 60
25 28 4 3 0 0 0 60
27 27 3 3 60
26 27 3 4 60
25 28 3 4 60
25 27 3 5 0 60
28 25 3 4 0 0 0 0 0 0 0 0 0 60
28 25 5 2 0 60
27 25 6 2 0 0 0 0 0 0 0 60
25 27 6 2 0 60
26 26 6 2 60
27 26 2 5 0 0 0 0 0 0 60
26 26 3 3 2 0 0 60
26 26 3 3 2 0 0 0 0 60
25 26 2 4 2 0 1 0 0 0 60
26 25 3 4 2 0 0 60
26 26 3 4 1 60
25 27 3 4 1 0 0 60
25 27 4 3 1 0 0 60
26 27 4 3 0 0 0 0 0 0 0 0 0 0 60
25 27 4 4 0 0 0 0 0 60
27 25 4 4 0 0 0 0 0 0 0 0 0 0 0 0 0 60
27 25 4 4 0 60
26 26 4 4 0 0 60
26 26 5 3 0 0 0 0 60
26 26 5 3 0 0 60
25 5 27 3 0 0 0 60
25 28 4 3 0 0 0 60
26 27 4 3 60
27 25 4 4 0 0 0 60
26 27 3 4 0 60
28 25 4 3 0 0 60
27 26 4 3 0 0 60
28 25 2 4 0 1 60
27 27 2 4 0 0 0 0 0 0 0 60
28 26 4 2 0 0 60
28 26 3 3 0 0 60
26 27 4 3 60
26 28 3 3 60
27 27 3 3 0 0 0 0 0 0 0 0 0 0 0 0 60
27 27 4 2 0 0 60
27 27 4 2 0 60
24 28 3 4 0 0 1 0 0 0 0 0 0 60
28 24 3 0 5 0 0 0 0 0 0 0 60
29 23 5 0 3 0 60
28 23 5 4 60
24 29 4 3 0 60
25 28 4 3 60
28 25 4 3 60
28 26 2 4 0 0 60
27 27 4 2 60
27 27 4 2 60
28 26 2 4 0 0 60
28 26 4 2 0 0 60
26 28 4 2 0 0 0 60
28 27 1 4 0 0 0 60
28 27 4 1 0 0 0 60
27 28 1 4 0 0 60
28 27 1 4 0 60
27 28 1 4 0 60
27 28 1 4 0 60
28 27 0 4 1 0 0 0 60
28 26 4 0 2 0 60
29 25 5 0 1 60
27 28 0 4 1 0 60
27 0 27 5 1 0 60
28 26 0 5 1 60
28 26 0 5 1 0 60
26 0 28 5 1 0 0 0 60
28 0 26 5 1 0 0 0 60
28 0 28 3 0 0 0 0 0 1 60
29 0 27 3 0 0 0 0 0 1 60
27 0 28 3 0 0 0 0 0 2 0 60
26 0 26 5 0 0 0 0 0 2 0 0 1 0 0 0 60
27 0 26 6 0 0 0 0 0 1 0 0 0 0 0 0 0 0 60
28 0 27 4 0 0 0 0 0 0 0 0 0 0 0 1 0 0 0 0 0 60
28 0 29 2 0 0 0 0 0 0 0 0 1 0 0 0 0 0 0 0 0 0 0 60
30 0 27 1 0 0 1 1 0 0 0 0 0 0 0 0 0 0 0 0 0 0 0 0 0 60
30 0 26 0 0 1 2 1 0 0 0 0 0 0 60
30 27 0 0 0 0 2 1 0 0 0 0 0 0 0 0 60
28 29 0 0 0 2 1 0 0 0 0 0 0 0 0 0 0 0 0 0 0 0 0 0 0 60
25 32 1 0 0 2 0 0 0 0 0 0 0 0 0 0 0 60
34 23 1 0 2 60
32 25 0 0 2 0 1 0 60
30 27 0 2 0 1 60
29 28 0 2 1 60
28 29 2 0 1 0 60
28 28 2 2 0 0 0 60
29 28 2 1 0 60
28 29 2 1 60
28 28 2 2 60
28 28 2 2 60
28 27 1 4 0 60
29 28 0 3 60
27 29 4 0 0 60
27 28 5 0 0 60
29 27 4 0 0 0 60
26 29 4 0 0 0 1 60
28 28 3 0 0 1 60
28 26 5 0 0 1 60
26 30 3 0 0 1 60
27 30 0 3 0 0 0 60
27 30 3 0 0 60
28 28 4 60
29 26 5 60
29 26 5 0 0 60
29 26 5 60
29 25 6 60
28 25 7 0 0 60
28 24 7 1 0 60
25 28 7 0 0 0 0 60
28 26 6 0 0 60
27 28 5 60
26 29 5 0 0 60
29 26 5 0 0 60
26 29 5 60
27 29 4 60
28 28 4 60
27 28 4 1 0 0 0 60
27 29 1 3 0 0 60
28 28 3 1 60
29 27 3 1 60
29 27 3 1 0 60
27 29 3 1 60
29 27 1 3 0 0 0 0 0 60
27 30 0 3 60
30 27 3 60
29 29 2 0 60
28 29 3 0 0 0 60
29 27 3 1 0 0 0 0 0 0 0 0 60
28 27 1 4 0 0 0 0 0 60
27 27 1 5 0 60
27 27 5 1 60
26 27 5 2 0 0 0 0 0 60
27 26 4 2 0 0 1 0 60
27 27 4 0 2 0 0 0 0 60
28 26 4 2 0 0 0 0 0 60
27 27 4 2 0 0 0 0 0 0 0 0 60
28 26 4 2 60
26 28 4 2 0 0 0 0 0 0 0 0 0 0 60
29 25 4 1 1 0 0 60
26 27 5 1 1 0 0 0 0 0 0 0 0 0 0 0 0 0 0 60
26 26 6 1 1 0 0 0 0 60
27 28 4 1 0 0 60
27 28 4 1 0 60
28 27 4 1 0 60
28 27 4 1 60
27 28 4 1 0 0 0 60
27 28 4 1 0 60
27 28 4 0 0 1 60
27 28 4 0 0 1 0 60
29 26 4 0 0 1 60
26 29 4 0 0 1 60
28 27 4 0 1 0 0 0 60
27 28 4 1 0 0 60
28 27 4 1 60
28 27 3 2 60
27 28 2 3 0 0 0 60
27 28 2 2 1 0 0 0 0 60
25 28 5 2 0 0 0 60
26 28 6 0 60
26 27 7 0 0 0 0 0 0 60
25 27 8 0 0 60
30 25 5 0 0 60
30 25 5 0 0 0 0 60
27 28 4 0 1 0 0 60
28 26 5 0 1 0 0 0 0 0 60
27 28 4 0 1 0 0 0 0 0 0 0 60
27 28 4 1 0 0 0 60
28 27 1 4 0 0 0 0 0 0 0 60
27 28 3 1 0 1 0 0 0 60
27 28 1 4 0 0 0 0 0 0 0 0 0 0 0 0 60
26 2 29 3 0 0 0 0 0 0 0 0 60
28 1 28 3 0 0 0 0 60
29 1 27 2 1 0 0 0 0 60
29 1 27 1 2 0 0 0 0 0 60
29 25 1 1 4 0 0 60
26 26 4 1 3 0 60
26 27 0 5 2 0 0 60
27 27 4 0 2 0 60
25 28 5 1 1 0 0 0 0 0 0 0 0 60
26 27 2 5 0 0 0 0 60
27 27 1 5 0 60
27 27 1 4 0 0 1 60
27 27 0 5 1 0 0 0 0 60
27 26 6 0 1 0 0 60
25 27 7 0 1 0 60
25 27 7 0 1 0 60
27 24 8 0 1 0 60
26 26 6 2 60
25 27 6 1 0 0 0 1 60
27 26 5 0 0 2 0 0 60
28 25 6 0 0 1 0 0 0 0 0 60
27 25 7 0 0 1 60
26 24 9 1 0 0 0 0 0 60
25 26 9 0 0 60
24 26 10 60
25 27 8 0 0 60
26 26 8 0 0 0 60
25 28 7 60
28 25 7 60
28 23 8 0 0 1 60
23 26 2 8 0 1 0 0 0 60
26 24 1 9 0 0 0 60
25 27 8 0 0 0 0 60
25 27 8 0 0 0 0 0 0 60
25 27 8 0 60
26 26 8 60
27 24 9 0 0 60
26 26 7 0 1 60
27 26 7 0 0 60
26 28 6 0 60
26 27 7 0 0 0 60
26 27 7 0 60
27 25 8 60
27 24 9 0 60
24 28 8 60
25 28 7 0 0 60
29 25 6 0 0 60
26 28 6 60
26 27 7 0 0 0 0 0 60
27 25 8 0 0 0 60
29 24 7 60
26 29 5 0 60
29 26 5 60
24 31 5 60
26 29 5 60
28 27 5 0 0 0 60
29 26 5 60
28 26 6 0 60
27 27 6 60
26 27 7 60
27 26 7 60
29 27 4 60
28 28 4 60
26 29 5 60
27 29 4 60
27 29 4 60
28 28 4 60
29 28 3 60
28 30 2 60
28 29 3 60
27 29 3 0 0 1 0 0 0 0 0 60
29 27 2 0 0 2 0 0 0 0 0 0 60
30 28 2 0 0 0 0 0 0 0 0 60
30 28 2 0 0 60
30 28 2 0 0 0 0 0 0 0 60
29 29 2 60
28 28 2 2 60
28 28 2 2 0 0 0 0 60
28 28 2 2 0 0 60
29 27 2 2 60
26 30 2 2 60
25 31 2 2 0 0 0 0 60
26 30 3 1 0 0 60
30 26 3 1 0 0 0 60
27 27 1 5 0 0 0 0 0 60
28 27 4 1 0 0 60
28 27 4 1 0 0 0 60
27 28 4 1 0 0 60
27 28 4 1 0 0 60
26 28 5 1 60
30 24 5 1 60
24 28 7 1 0 60
24 28 7 1 0 60
25 29 6 0 60
25 28 7 60
27 27 5 1 0 0 60
27 26 6 1 0 0 60
25 28 6 1 60
25 29 4 1 1 60
24 29 5 1 1 0 0 0 0 60
30 23 4 0 3 0 0 60
30 24 4 2 0 0 0 0 0 0 0 0 60
29 25 5 1 0 60
25 29 5 1 60
27 28 4 1 60
29 26 4 1 60
27 29 4 0 60
27 27 6 0 60
27 24 9 60
29 23 8 0 60
28 24 8 0 0 60
27 25 8 60
26 27 7 60
26 26 8 60
27 27 6 60
27 27 6 60
27 27 6 60
26 29 5 60
27 27 6 0 60
27 26 7 0 60
26 27 7 0 60
27 27 6 0 0 0 0 60
26 25 9 0 60
27 26 7 60
26 9 25 60
26 27 7 0 60
28 25 7 60
28 25 7 60
29 25 6 60
28 24 8 0 60
28 24 8 60
26 27 7 60
26 27 7 0 0 0 0 0 60
27 26 7 0 60
27 26 7 0 0 0 0 0 60
28 26 6 0 0 0 60
4 47 9 60
49 2 9 60
54 1 5 60
52 8 0 0 0 60
53 7 60
55 5 60
55 5 60
55 5 60
55 5 60
57 3 0 0 60
56 4 0 0 60
56 3 1 0 0 0 60
56 4 0 0 0 0 60
56 4 0 0 0 60
56 4 0 60
56 4 0 0 60
56 4 0 0 0 60
55 5 60
55 5 60
57 3 60
57 3 60
56 3 1 60
56 3 1 0 0 0 0 0 60
56 3 1 60
54 3 3 0 0 60
54 3 3 0 60
56 1 3 0 0 0 0 60
55 3 1 1 60
56 3 1 0 60
55 4 1 0 0 60
54 5 1 0 0 60
55 5 0 0 60
54 5 0 1 60
54 5 1 60
54 5 1 0 60
54 5 1 60
53 5 2 60
53 5 2 60
53 5 2 60
53 2 5 60
52 2 6 0 60
52 6 2 60
51 7 2 60
50 8 2 0 60
49 9 2 0 60
49 9 2 0 0 60
46 11 3 60
48 9 3 0 0 60
47 9 4 0 60
44 10 6 60
44 11 5 0 0 60
44 11 5 0 60
39 14 7 60
35 20 5 60
34 21 5 60
34 22 4 60
33 22 5 0 60
28 28 4 0 60
25 30 5 60
29 27 4 0 0 60
30 27 3 0 60
31 27 2 0 60
28 30 2 60
33 25 2 60
26 32 2 60
31 27 1 1 60
30 28 1 1 0 0 60
30 28 1 1 0 0 0 60
30 28 1 1 0 0 60
31 27 1 1 60
29 29 2 0 0 60
29 29 2 0 0 60
27 31 2 0 60
29 29 2 0 0 0 60
30 28 2 0 0 0 0 60
30 27 3 0 0 60
32 25 3 60
33 24 3 0 0 0 60
31 25 3 1 60
29 29 2 0 0 0 0 60
27 30 2 1 0 0 60
27 29 3 0 0 1 0 0 60
27 29 0 3 0 1 0 0 0 0 0 0 0 0 60
28 27 1 0 0 4 0 0 60
28 27 1 0 0 4 0 0 60
27 28 0 4 1 0 0 60
28 28 0 4 0 60
28 28 4 0 60
28 28 4 0 0 0 0 0 0 0 60
28 27 5 0 0 0 0 0 0 0 0 0 60
27 27 6 0 0 0 0 0 0 0 0 0 60
27 27 6 0 0 0 0 0 0 60
27 27 6 60
28 26 6 0 60
27 27 6 60
26 27 7 60
26 27 7 60
24 8 28 0 0 60
24 28 8 0 0 0 0 60
25 25 10 0 0 0 0 0 60
27 24 9 0 0 0 0 0 0 60
25 27 8 0 60
26 26 8 60
26 27 7 0 60
22 28 9 0 1 0 0 0 0 0 0 60
26 9 25 0 0 0 0 0 0 0 60
8 27 25 60
27 7 26 0 60
27 26 7 60
28 25 7 0 60
26 27 7 60
25 28 7 0 60
24 28 8 0 60
24 27 9 0 0 60
26 26 8 0 60
27 26 7 60
27 27 6 0 0 0 60
27 27 6 0 0 0 60
28 26 6 60
27 27 6 60
26 28 6 60
26 27 7 0 60
26 27 7 0 60
26 27 7 60
25 26 9 0 0 0 60
26 28 6 60
29 27 4 0 0 0 60
29 27 4 0 60
29 27 4 0 60
29 27 4 60
29 27 4 60
29 27 4 0 60
28 28 4 0 60
28 28 4 60
28 28 4 0 0 60
28 28 4 60
28 27 5 0 60
26 29 5 0 60
30 26 4 0 0 0 0 0 0 0 0 60
30 26 4 0 0 0 60
30 26 4 0 60
29 27 4 0 60
28 28 4 0 60
28 28 4 0 0 0 0 0 0 60
28 28 4 60
28 28 4 60
29 27 4 60
28 27 5 60
28 28 4 60
30 26 4 60
29 27 4 60
29 26 5 60
28 24 8 60
24 28 8 0 0 60
28 25 7 0 0 0 0 60
25 27 8 0 60
25 27 8 60
27 26 7 60
27 27 6 60
27 27 6 60
26 29 5 60
28 27 5 60
29 24 7 0 0 60
28 25 7 60
30 25 5 0 60
26 29 5 60
30 25 5 60
28 26 6 0 0 0 0 0 0 60
26 28 6 0 60
27 26 7 0 60
28 24 7 0 0 1 60
27 27 5 1 0 60
27 27 4 1 0 1 0 0 0 60
25 28 5 1 0 1 0 0 0 60
24 26 8 2 0 0 60
25 27 6 2 0 0 0 0 0 0 60
26 27 5 2 60
26 27 5 1 0 1 0 0 60
24 26 2 7 1 0 0 0 0 0 60
26 24 8 2 0 60
27 24 6 3 0 0 0 0 0 60
22 27 5 6 0 0 0 60
26 29 1 4 0 0 60
29 27 0 4 0 0 0 0 0 60
27 28 5 0 0 0 0 0 0 0 60
29 25 6 0 0 0 60
28 26 6 0 0 0 0 0 60
29 25 6 0 0 0 0 60
26 28 6 0 60
25 29 6 0 0 0 60
28 25 7 60
28 26 6 0 0 60
27 27 6 0 60
27 27 6 0 0 60
27 27 6 0 0 0 0 60
28 27 5 0 0 0 60
26 29 5 60
28 25 7 60
27 28 5 0 0 60
28 27 5 0 0 60
29 27 4 0 60
26 30 4 0 0 60
30 26 4 0 60
27 29 4 0 0 60
26 30 4 0 60
28 27 4 0 0 0 0 1 0 0 0 0 60
28 29 3 0 0 0 0 0 60
29 26 5 0 0 0 0 0 60
29 27 4 0 60
29 27 4 0 60
28 28 4 60
29 28 3 60
27 30 2 1 0 60
29 28 1 2 0 0 0 0 0 0 0 0 60
28 29 0 3 0 0 0 60
29 0 28 3 0 60
29 0 29 2 0 60
28 0 30 2 0 0 60
30 27 0 2 0 1 60
28 29 0 1 2 0 0 0 0 0 60
29 27 2 0 2 60
28 29 0 3 0 0 0 0 60
28 30 2 0 0 60
29 27 3 0 0 1 0 60
30 26 2 0 0 1 1 0 0 0 60
30 26 3 0 0 1 0 0 60
28 29 1 2 0 0 0 60
28 29 1 2 0 0 0 60
31 27 0 2 0 60
30 27 3 0 60
29 27 4 0 0 60
26 30 4 0 0 60
27 29 4 0 60
30 26 4 60
30 27 3 0 0 0 0 60
25 32 2 1 0 0 60
31 25 3 1 60
31 26 3 0 0 60
31 26 2 0 1 0 60
30 27 2 0 1 0 60
30 27 2 0 1 60
28 28 2 2 0 0 60
28 28 2 2 0 0 60
27 28 3 2 60
25 30 3 2 60
27 28 3 2 0 0 0 0 60
27 28 3 2 0 0 60
29 26 3 2 0 60
27 28 3 2 0 60
29 26 3 2 0 0 60
29 26 3 2 0 60
29 27 2 2 60
28 27 3 1 1 60
27 27 5 1 0 0 60
27 27 1 5 0 0 0 0 60
28 27 1 4 0 0 0 60
27 27 4 1 1 0 0 0 0 0 0 0 0 0 0 0 0 0 60
28 26 4 1 0 0 1 0 0 0 0 0 0 0 0 0 60
27 26 5 1 0 0 1 0 0 0 0 0 0 0 0 0 0 60
28 25 5 0 0 0 0 0 1 0 1 0 0 0 0 0 0 0 0 60
27 26 5 0 0 0 0 0 0 1 0 0 0 0 1 60
26 26 6 0 0 0 0 0 1 1 0 0 0 0 0 0 0 60
27 23 7 1 1 0 0 0 1 0 0 0 0 0 60
24 26 7 0 2 0 0 1 0 60
25 26 5 0 1 2 0 1 60
25 27 5 0 0 2 1 0 0 0 0 0 60
26 26 6 0 0 2 0 0 0 60
26 27 6 0 1 0 60
27 27 5 0 0 1 0 0 0 0 0 0 0 0 60
27 27 5 0 0 1 0 0 60
27 27 5 0 0 1 60
27 27 5 0 1 0 0 0 60
27 28 4 1 0 0 60
27 28 4 1 0 60
25 29 1 5 0 0 60
28 26 1 5 0 0 60
28 26 6 0 60
29 25 6 60
23 31 6 0 0 0 0 0 60
32 22 6 0 60
30 24 6 0 60
23 29 8 0 60
28 25 7 0 0 60
