0.446806 6.36037
0.44672 6.36037
0.446821 6.36037
0.446801 6.37065
0.446726 6.36552
0.447001 6.37064
0.446793 6.37064
0.446839 6.37574
0.446633 6.36557
0.446905 6.37572
0.446831 6.37572
0.446494 6.36056
0.446608 6.3656
0.446783 6.37063
0.446659 6.36561
0.44655 6.36561
0.446399 6.36062
0.446512 6.3656
0.445771 6.3457
0.445908 6.34074
0.446404 6.36055
0.446283 6.3655
0.446112 6.35563
0.446247 6.36055
0.446052 6.35073
0.446313 6.36543
0.446068 6.35565
0.446854 6.38982
0.447111 6.39956
0.446641 6.38012
0.446511 6.37527
0.446766 6.38495
0.446462 6.37529
0.446185 6.36083
0.446106 6.36564
0.44636 6.37524
0.446415 6.38482
0.446738 6.38482
0.446648 6.38482
0.446241 6.37053
0.445897 6.35628
0.445833 6.35154
0.445637 6.34681
0.444973 6.31847
0.445199 6.32319
0.445054 6.32319
0.445219 6.33257
0.444765 6.31384
0.444492 6.29981
0.444693 6.30448
0.444303 6.29051
0.444491 6.3091
0.444609 6.3091
0.444807 6.32298
0.445004 6.3276
0.444828 6.31838
0.445013 6.32759
0.444965 6.32299
0.444848 6.32758
0.444571 6.30928
0.444605 6.30928
0.444433 6.30472
0.444524 6.30927
0.444308 6.30019
0.444513 6.31378
0.444138 6.29569
0.444377 6.30472
0.444986 6.32725
0.444714 6.32275
0.444343 6.30479
0.444747 6.31824
0.444779 6.32271
0.444912 6.33164
0.444611 6.31381
0.444345 6.30937
0.444842 6.33156
0.445073 6.33599
0.445005 6.34041
0.444543 6.31834
0.44439 6.31394
0.44404 6.29634
0.443835 6.29195
0.443825 6.29195
0.443686 6.28758
0.443709 6.27885
0.443549 6.27885
0.443788 6.28755
0.444015 6.29623
0.443663 6.28323
0.443365 6.27025
0.443368 6.27457
0.443084 6.25732
0.442981 6.25302
0.442952 6.25302
0.442914 6.25731
0.442781 6.25303
0.442795 6.24875
0.443071 6.26155
0.443169 6.26155
0.443099 6.26155
0.443196 6.26155
0.443697 6.2912
0.444362 6.31235
0.444217 6.30812
0.444321 6.32077
0.444537 6.32918
0.444578 6.32918
0.444619 6.32918
0.444516 6.33336
0.444271 6.32083
0.444302 6.32083
0.44412 6.31667
0.443827 6.30004
0.443596 6.28759
0.44381 6.30002
0.443942 6.30829
0.444294 6.32068
0.444805 6.33716
0.444365 6.32893
0.444215 6.32072
0.444435 6.33302
0.444286 6.32483
0.444019 6.31257
0.443961 6.30849
0.443725 6.30034
0.44354 6.29221
0.443336 6.28003
0.443182 6.27192
0.443136 6.27192
0.443139 6.27596
0.443073 6.27193
0.442622 6.2679
0.442847 6.26388
0.442754 6.25987
0.442651 6.25185
0.442771 6.25985
0.442602 6.25586
0.442338 6.24389
0.442285 6.23991
0.442146 6.23196
0.442151 6.22799
0.441928 6.22007
0.442047 6.22798
0.442478 6.24773
0.442001 6.22801
0.442111 6.22407
0.441955 6.22801
0.442223 6.23586
0.442189 6.23586
0.44198 6.22803
0.442432 6.24756
0.44252 6.24756
0.442264 6.23977
0.442223 6.24366
0.442541 6.25143
0.442453 6.24755
0.442733 6.26303
0.442562 6.2553
0.442566 6.2553
0.442634 6.25916
0.442391 6.24377
0.44255 6.25913
0.442745 6.2668
0.442939 6.27446
0.442779 6.27064
0.442972 6.27827
0.442903 6.27065
0.442915 6.27446
0.442963 6.27446
0.443495 6.29722
0.443363 6.29343
0.443213 6.28965
0.443046 6.28209
0.442809 6.27078
0.442883 6.27455
0.442922 6.27831
0.442598 6.26329
0.442241 6.24829
0.442043 6.23706
0.442153 6.23706
0.442455 6.25199
0.442686 6.27063
0.44248 6.25946
0.442632 6.26318
0.442645 6.2706
0.44264 6.26689
0.442573 6.26319
0.442456 6.2558
0.442485 6.25949
0.442481 6.25949
0.442407 6.25214
0.44236 6.25581
0.442466 6.25948
0.442753 6.27047
0.442917 6.28144
0.442895 6.28144
0.442899 6.28144
0.442901 6.28144
0.443132 6.29235
0.443017 6.28872
0.443036 6.28872
0.443266 6.29958
0.443403 6.30681
0.443631 6.31764
0.443808 6.32846
0.44381 6.32486
0.443878 6.32846
0.444053 6.34282
0.443929 6.33565
0.443582 6.31775
0.443501 6.31417
0.443131 6.29632
0.443265 6.30345
0.443457 6.31057
0.443418 6.31413
0.44337 6.30347
0.443479 6.31411
0.443529 6.31765
0.443344 6.31058
0.443223 6.30352
0.443047 6.29294
0.443366 6.31055
0.44336 6.31055
0.443354 6.31055
0.443533 6.32107
0.443776 6.33158
0.443729 6.32808
0.443795 6.33507
0.444004 6.34204
0.443645 6.33159
0.443742 6.32811
0.443736 6.33506
0.443936 6.342
0.443857 6.33854
0.444207 6.35584
0.443994 6.34893
0.444137 6.35238
0.444437 6.36617
0.444389 6.36617
0.444178 6.35585
0.444201 6.35929
0.444155 6.35586
0.444085 6.35243
0.444047 6.34901
0.444273 6.36268
0.444266 6.36268
0.444196 6.36268
0.443941 6.34907
0.443803 6.34227
0.443696 6.33549
0.44379 6.33549
0.44373 6.32872
0.4438 6.34224
0.443793 6.34224
0.443695 6.33549
0.443727 6.33549
0.443568 6.33213
0.443432 6.32877
0.443632 6.33548
0.443451 6.32878
0.443339 6.32209
0.443401 6.32543
0.443471 6.33211
0.443156 6.31544
0.442978 6.30546
0.442875 6.30213
0.442781 6.29217
0.442828 6.2988
0.442958 6.30543
0.442759 6.2955
0.442583 6.28559
0.442676 6.29219
0.442708 6.29549
0.443067 6.31194
0.443106 6.31523
0.443027 6.31195
0.442926 6.30539
0.443268 6.32176
0.443409 6.33158
0.443353 6.33484
0.443508 6.33484
0.443428 6.33158
0.443474 6.32507
0.443315 6.32833
0.443506 6.33807
0.443529 6.33807
0.443437 6.32835
0.443243 6.32835
0.443353 6.32835
0.443283 6.32835
0.443342 6.33157
0.443495 6.33801
0.443303 6.33158
0.443133 6.31873
0.443156 6.32194
0.443344 6.33155
0.443631 6.34755
0.44391 6.36034
0.44362 6.34757
0.44377 6.35395
0.443644 6.35076
0.443475 6.33804
0.443625 6.34757
0.443817 6.35392
0.443839 6.36025
0.443805 6.36025
0.443827 6.35709
0.443533 6.34446
0.443339 6.33499
0.443305 6.33184
0.443272 6.33184
0.442947 6.31613
0.442949 6.31613
0.442847 6.30985
0.442746 6.30672
0.442846 6.30985
0.442682 6.3036
0.442519 6.29736
0.442371 6.29112
0.442491 6.29423
0.442487 6.29423
0.442476 6.29113
0.4425 6.29733
0.442845 6.30973
0.443072 6.32522
0.443067 6.32522
0.442981 6.31904
0.443038 6.32521
0.442782 6.31288
0.442826 6.3098
0.44274 6.3098
0.442864 6.31902
0.443109 6.32822
0.443064 6.32822
0.443086 6.32822
0.443243 6.33434
0.443111 6.33128
0.442959 6.31908
0.442807 6.31603
0.442883 6.31908
0.443125 6.3282
0.443234 6.33731
0.443169 6.33428
0.443052 6.33125
0.442868 6.32216
0.443082 6.33124
0.443183 6.33728
0.44339 6.34331
0.443352 6.34633
0.443136 6.33428
0.44323 6.3403
0.443225 6.33729
0.443188 6.33729
0.443033 6.3313
0.442937 6.32531
0.443057 6.33129
0.443078 6.33428
0.442865 6.32234
0.442868 6.32234
0.443065 6.33128
0.442976 6.33128
0.442998 6.32831
0.442967 6.32831
0.442712 6.31941
0.442843 6.32533
0.44307 6.33125
0.443034 6.33125
0.443228 6.34306
0.443121 6.33716
0.443059 6.33716
0.442959 6.32833
0.442808 6.32246
0.442925 6.32833
0.443035 6.33419
0.44317 6.34298
0.443223 6.34298
0.443218 6.34591
0.44322 6.34591
0.443354 6.35174
0.443374 6.35466
0.443451 6.35757
0.443453 6.36048
0.443335 6.35176
0.443218 6.34596
0.443201 6.34596
0.443278 6.35175
0.443173 6.34307
0.443081 6.34018
0.443301 6.35173
0.443334 6.35461
0.443403 6.35749
0.443275 6.34886
0.443629 6.36611
0.443593 6.36611
0.443668 6.37184
0.443854 6.38044
0.443817 6.38044
0.443702 6.37472
0.443623 6.37186
0.443863 6.38328
0.443772 6.38043
0.443578 6.36904
0.443542 6.36619
0.443592 6.36903
0.443502 6.36619
0.443279 6.35485
0.443329 6.35768
0.443433 6.36334
0.443508 6.36617
0.443533 6.36617
0.443462 6.36617
0.443505 6.36899
0.443687 6.37744
0.44355 6.37463
0.443581 6.36619
0.443594 6.37462
0.443589 6.37181
0.443608 6.37462
0.443627 6.37462
0.443569 6.37462
0.443641 6.37741
0.443559 6.37183
0.443554 6.37462
0.443532 6.36904
0.443249 6.35791
0.443204 6.35513
0.442957 6.3468
0.443077 6.34958
0.44302 6.34681
0.44328 6.36065
0.443441 6.37171
0.443489 6.37171
0.44349 6.36619
0.443562 6.37998
0.443317 6.36621
0.443021 6.34969
0.443145 6.35519
0.443182 6.35794
0.442986 6.3497
0.44311 6.35245
0.443181 6.35792
0.443362 6.36613
0.443156 6.3552
0.443065 6.35247
0.443171 6.35792
0.443345 6.3661
0.443364 6.36883
0.443233 6.36338
0.443332 6.36882
0.443202 6.36067
0.443272 6.36339
0.44329 6.3661
0.443241 6.36339
0.443464 6.37421
0.443636 6.38502
0.443916 6.39852
0.443973 6.40391
0.443804 6.39583
0.443924 6.40121
0.444077 6.40928
0.443659 6.38778
0.443508 6.37973
0.443425 6.37705
0.443443 6.37705
0.443444 6.37705
0.443412 6.37438
0.44343 6.37705
0.443381 6.37438
0.443204 6.36905
0.443294 6.37171
0.44334 6.37171
0.442957 6.3531
0.442909 6.35044
0.44285 6.34778
0.442924 6.35044
0.443092 6.36103
0.442967 6.35574
0.442891 6.3531
0.442766 6.34253
0.442785 6.34253
0.442831 6.3478
0.442849 6.35044
0.442819 6.3478
0.442749 6.34254
0.442642 6.33992
0.442403 6.32942
0.442438 6.3268
