29 26 5 0 0 0 0 0 0 0 0 0 60
28 27 5 0 60
26 28 6 0 0 60
26 28 6 0 60
27 27 6 60
28 27 5 0 0 60
27 27 6 0 0 60
25 29 6 0 60
29 26 5 60
24 31 5 0 60
25 31 4 60
28 29 3 0 60
30 26 4 60
26 30 4 60
25 31 4 60
24 31 5 60
25 31 4 60
25 32 3 60
26 31 3 60
30 26 4 60
29 26 5 0 60
28 27 5 60
26 29 5 0 60
26 29 5 60
26 29 5 60
28 27 5 0 0 0 60
26 28 6 60
26 28 6 60
28 27 5 60
28 27 5 0 60
28 26 6 0 0 60
26 28 6 60
27 29 4 60
28 28 4 0 60
27 29 4 60
29 27 4 60
28 28 4 0 0 0 0 0 60
28 28 4 0 0 60
27 28 5 60
27 27 6 0 60
27 29 4 60
26 30 4 60
30 26 4 0 0 60
29 27 4 0 0 0 60
30 26 4 0 0 0 0 60
28 27 5 0 60
28 26 5 0 1 0 0 0 0 0 60
28 26 6 0 0 0 0 0 0 60
29 24 6 0 1 0 0 0 60
29 25 6 0 0 0 0 0 0 0 60
30 24 5 0 1 0 0 60
29 25 4 0 2 0 0 0 60
23 30 4 1 2 0 0 0 0 60
27 28 0 3 2 0 0 0 0 60
26 29 2 0 3 60
29 26 3 1 1 60
29 27 3 0 0 0 0 0 1 0 0 60
27 30 2 0 0 1 0 0 0 60
31 26 2 1 0 0 0 0 60
30 27 1 2 0 0 0 0 0 0 0 60
28 28 2 2 0 0 0 0 0 0 0 60
27 30 1 2 60
29 28 1 2 0 0 0 0 0 0 0 0 60
26 29 3 2 0 0 0 60
26 30 1 3 0 60
30 26 1 3 60
27 30 0 3 0 60
28 29 3 0 60
29 27 4 0 60
27 28 5 0 0 0 60
29 25 6 60
26 29 5 60
26 29 5 0 60
24 31 5 60
29 25 6 60
27 27 6 60
27 27 6 60
26 25 9 0 0 60
27 24 9 0 0 60
25 27 8 60
24 28 8 0 0 60
28 26 6 60
28 26 6 0 60
26 28 6 0 0 60
29 25 6 60
27 28 5 0 0 60
26 29 5 0 60
26 28 6 60
28 26 6 60
28 26 6 60
25 29 6 0 0 60
27 27 6 0 60
25 29 5 0 0 0 0 0 1 0 0 0 0 0 0 60
26 28 5 0 1 0 0 0 0 0 0 60
27 28 4 0 1 60
27 28 4 1 60
29 26 4 1 0 0 0 0 0 60
27 28 4 1 60
27 29 4 0 0 60
28 28 4 0 0 0 60
31 25 4 0 60
30 25 5 60
32 25 3 0 0 0 60
30 26 4 0 0 60
29 27 4 0 0 60
27 29 4 60
26 30 4 0 0 0 0 0 60
26 31 3 60
30 27 3 0 60
27 29 4 60
29 27 2 0 0 2 0 60
30 28 1 0 1 60
26 31 2 1 0 60
26 31 2 1 60
26 30 3 1 60
25 29 2 4 60
25 30 4 1 0 0 60
30 25 3 2 0 0 0 60
29 25 1 4 1 60
28 25 5 1 1 0 0 60
29 25 4 0 2 60
31 23 0 5 1 60
31 21 0 7 1 0 60
27 24 7 0 2 0 0 0 0 60
27 27 5 1 0 0 60
26 29 4 1 60
27 28 4 1 0 60
28 27 4 1 0 0 0 60
28 26 5 1 60
28 27 4 1 0 0 60
26 28 6 0 0 60
27 26 7 0 0 0 0 0 60
26 27 7 0 60
27 25 8 60
27 25 8 60
27 26 7 60
26 27 7 60
25 27 8 0 0 60
29 25 6 0 0 0 0 60
29 25 6 0 60
30 24 6 60
25 29 6 60
25 29 6 60
26 28 6 60
30 26 4 0 0 60
29 27 4 0 60
29 27 4 0 0 60
27 28 4 0 1 60
28 28 3 0 1 60
30 24 4 0 2 60
30 24 4 2 60
30 23 5 2 60
28 25 5 2 60
28 27 3 2 0 0 60
29 25 3 3 60
29 26 2 3 0 60
29 25 2 4 0 0 60
26 29 2 3 0 0 0 60
26 27 5 2 0 0 60
27 26 2 4 0 1 0 0 0 0 0 0 60
26 27 4 2 0 1 0 0 0 0 0 0 60
27 27 4 1 0 0 0 0 1 60
27 26 1 4 1 0 0 0 0 0 0 1 60
27 27 0 4 0 1 0 0 1 0 0 0 60
29 24 1 0 5 0 0 0 0 0 0 1 0 0 0 0 60
25 28 2 0 4 0 0 0 0 0 0 1 0 0 0 60
25 26 1 1 4 0 0 1 0 0 1 1 0 60
28 27 1 0 4 0 0 0 0 0 0 0 0 0 0 0 60
27 29 0 4 0 0 0 0 0 60
25 30 0 4 0 0 0 0 0 0 0 1 60
25 30 0 4 0 0 0 0 0 0 0 1 0 0 0 0 60
27 28 0 4 0 0 0 0 0 0 0 1 0 0 0 0 0 0 60
27 28 0 4 0 0 0 0 0 0 0 1 0 0 0 0 0 60
27 28 4 0 1 0 0 0 0 0 0 0 0 0 0 0 60
28 28 4 0 0 0 0 60
29 27 4 0 0 0 60
28 28 4 0 0 0 60
28 28 4 0 0 0 0 60
28 28 3 1 60
26 30 3 1 0 60
29 27 4 0 0 0 0 0 0 0 60
29 27 4 0 0 0 0 0 0 60
27 26 5 0 0 1 1 60
27 28 4 0 0 1 0 0 0 0 0 0 60
27 29 4 0 0 0 0 0 60
29 27 4 0 0 0 0 60
27 29 4 0 0 0 0 60
28 28 4 0 0 0 0 0 0 0 0 0 0 0 0 0 0 0 0 0 60
26 28 5 1 0 0 60
26 28 4 0 1 0 0 0 0 0 0 1 0 0 0 0 60
28 28 0 3 0 1 0 0 0 0 0 0 0 0 0 0 0 0 0 0 0 60
26 30 3 0 1 0 0 0 0 0 0 0 0 0 0 0 0 0 0 60
26 28 0 5 1 0 0 0 0 0 60
29 23 8 0 0 0 0 0 0 0 0 60
24 28 8 0 0 0 0 0 0 0 60
29 23 8 0 0 0 0 60
30 22 8 0 0 0 0 60
30 6 24 0 0 0 60
30 4 26 0 0 60
32 25 3 0 0 0 0 0 0 0 0 0 60
27 30 3 0 0 0 60
29 28 3 0 0 0 0 0 0 0 0 60
27 29 3 0 0 1 0 0 0 0 0 0 60
26 30 4 0 0 0 0 0 0 0 60
28 27 5 0 0 0 0 0 60
29 27 4 0 60
29 27 3 1 60
26 30 2 1 1 0 60
25 31 1 3 0 60
24 31 1 4 60
26 30 3 1 0 0 60
30 25 4 1 60
30 25 2 3 60
31 22 5 2 60
28 25 5 2 60
28 26 5 1 0 0 0 0 60
28 27 4 1 0 0 60
27 28 4 1 0 0 60
24 29 2 5 0 0 60
25 28 6 1 0 0 0 0 0 0 0 0 0 60
27 25 7 1 0 0 60
23 10 26 1 0 0 0 0 60
25 26 7 1 1 0 0 0 0 0 0 0 0 60
25 26 8 0 1 60
25 24 10 0 1 0 0 0 0 0 60
25 25 9 1 0 0 0 0 60
25 25 6 4 60
25 26 5 4 0 0 0 0 0 60
28 25 5 2 0 0 0 0 0 0 0 60
26 25 8 1 0 0 0 0 0 0 0 0 60
25 27 8 0 0 0 60
26 27 7 0 0 0 60
26 27 7 60
26 26 8 60
26 27 6 0 0 1 60
27 26 6 0 0 1 0 60
27 26 6 0 0 1 60
27 27 5 1 0 0 60
27 27 5 1 0 0 0 60
26 27 1 6 0 0 0 0 0 0 0 0 0 0 60
27 26 1 6 60
26 27 1 6 0 0 60
27 27 1 5 60
29 25 1 5 0 0 0 0 0 60
26 27 6 1 60
29 26 3 2 60
28 26 3 3 0 0 60
28 26 4 1 1 0 0 0 60
28 26 5 1 0 60
27 27 5 1 0 0 60
26 26 7 1 0 0 0 0 0 60
27 28 4 1 0 60
28 27 4 1 0 0 60
28 27 4 1 60
29 26 4 1 60
27 27 4 2 0 60
25 27 6 2 0 60
28 24 5 2 0 0 1 60
27 26 4 1 1 1 0 0 60
26 26 5 1 2 0 0 0 0 0 0 60
27 25 5 1 2 0 60
25 28 6 1 0 0 0 0 0 60
26 27 7 0 0 0 60
28 26 6 0 0 0 0 60
27 27 6 0 0 0 60
27 25 8 0 0 60
27 26 7 0 0 0 60
26 28 6 0 0 0 0 60
28 26 6 0 0 60
27 26 5 2 0 0 0 60
28 25 6 1 0 0 0 0 60
29 25 0 6 0 0 0 60
28 26 0 6 0 60
27 28 5 60
24 31 5 60
27 29 4 0 60
25 31 4 60
29 28 3 60
30 27 3 60
27 30 3 60
30 27 3 0 60
28 28 4 60
27 29 4 60
27 29 4 0 0 0 60
28 28 4 0 60
29 27 4 0 0 0 0 0 0 60
26 29 5 0 60
30 27 3 60
29 28 3 0 0 60
28 29 3 0 0 60
27 30 3 60
30 27 3 0 60
27 29 4 0 60
28 28 4 60
28 26 5 0 1 60
28 27 5 0 0 0 60
27 27 6 60
27 27 6 60
28 27 5 60
27 28 5 60
29 26 5 60
26 29 5 60
29 26 5 0 0 0 60
26 26 8 0 0 60
26 28 6 0 0 0 60
24 29 6 1 0 0 0 0 0 0 0 60
27 26 7 0 60
26 27 7 0 0 60
27 26 7 0 60
27 27 6 60
26 28 6 60
26 6 28 60
6 27 27 0 0 0 0 60
6 27 27 0 0 0 0 0 0 0 60
6 26 27 1 0 0 60
5 25 28 2 0 0 0 0 60
26 6 27 1 60
26 26 6 2 60
26 26 7 1 60
25 28 7 0 60
27 27 5 0 0 1 60
26 30 4 0 0 0 0 60
25 31 4 0 0 60
25 28 7 0 0 0 60
26 28 6 0 60
26 28 5 1 60
27 27 5 1 0 0 60
27 27 5 1 60
26 26 6 2 0 60
25 27 7 1 0 0 0 0 60
27 25 7 1 0 0 60
28 25 5 2 0 60
27 25 7 1 60
24 28 7 1 0 0 0 0 0 0 60
27 24 8 1 0 0 0 0 60
25 26 8 1 0 60
26 26 7 1 60
26 27 6 1 0 0 0 0 60
25 26 8 1 0 60
25 27 7 1 60
26 26 7 1 60
26 26 7 1 0 0 60
27 27 5 1 60
27 27 5 1 60
27 27 5 1 0 0 0 0 60
26 28 5 1 0 0 0 0 0 0 60
28 26 5 1 0 0 60
28 26 5 1 60
29 25 5 1 60
28 26 5 1 60
25 27 7 1 60
26 26 7 1 60
27 26 6 1 0 60
27 26 6 1 60
28 25 6 1 60
28 26 5 1 60
26 28 5 1 60
29 25 5 1 60
26 28 5 1 60
26 27 6 1 0 0 0 0 0 60
26 28 5 0 1 0 0 0 60
26 27 7 0 0 0 60
28 26 6 0 0 0 0 0 60
26 28 6 0 0 0 60
29 26 5 60
28 28 4 0 60
27 28 5 0 0 0 0 0 60
29 27 3 1 0 60
29 27 2 2 0 0 0 60
27 29 2 2 0 0 0 0 60
26 30 2 2 60
29 27 2 2 0 0 0 0 0 0 60
27 28 2 3 0 60
28 28 2 2 0 0 0 60
29 27 2 2 0 0 0 0 60
29 27 2 2 0 0 60
29 27 2 2 0 0 60
27 29 2 2 60
29 27 2 2 0 0 60
29 27 2 2 0 60
29 27 2 2 0 0 60
29 27 2 2 0 0 60
29 2 25 4 0 0 0 0 0 0 60
29 3 26 2 0 0 0 0 0 0 60
2 29 26 3 0 0 0 0 0 60
2 30 24 3 0 0 0 1 60
2 28 27 2 0 0 0 1 60
25 2 29 3 0 0 0 1 0 0 0 60
26 3 29 2 0 0 0 0 60
27 4 27 2 0 0 60
27 5 26 2 0 0 0 0 60
26 4 29 1 0 0 60
4 28 27 1 60
4 26 28 2 60
4 29 26 1 0 0 0 0 60
4 27 28 1 0 0 60
4 26 29 1 0 0 0 60
4 28 27 1 0 60
4 27 27 2 0 60
4 27 27 2 60
28 4 26 2 60
27 4 27 2 0 60
2 27 27 4 0 60
2 28 26 4 0 60
28 1 27 4 60
28 1 27 4 60
27 27 2 4 60
27 27 4 2 0 0 0 0 0 60
27 27 4 2 0 0 0 0 60
26 27 3 4 0 0 60
27 28 4 1 0 0 0 0 60
28 27 4 1 0 0 0 0 0 60
28 27 4 1 0 0 0 60
26 27 5 2 0 0 0 0 60
27 27 4 1 0 0 0 1 0 60
25 28 4 1 1 0 0 1 0 0 0 0 60
26 27 5 0 1 0 1 0 0 0 0 60
25 27 6 0 1 0 1 0 60
28 25 4 0 0 1 2 0 60
28 24 4 0 1 1 2 0 0 0 60
28 26 4 1 1 0 0 0 60
28 26 4 1 1 60
28 26 4 1 1 0 60
26 28 3 2 1 0 60
28 26 4 1 1 0 60
31 24 4 0 1 0 0 0 0 0 0 0 60
26 28 4 0 1 0 0 0 0 1 0 60
26 29 3 0 1 0 0 1 0 0 0 0 0 0 0 0 0 60
27 27 4 0 2 0 0 0 0 0 0 0 60
27 27 1 3 2 0 0 60
26 28 1 2 3 0 0 0 60
28 0 27 2 3 0 0 0 0 0 0 0 0 0 0 0 0 0 0 0 0 0 60
28 28 2 0 2 0 0 0 0 60
26 28 3 0 2 1 0 0 60
25 29 4 2 0 0 0 0 60
27 28 3 2 0 60
27 26 4 3 0 0 0 0 0 0 0 0 0 0 0 0 0 0 60
26 27 4 3 0 0 0 0 0 60
26 26 5 3 0 0 0 0 0 0 0 0 60
26 26 3 5 0 0 0 60
29 25 3 3 60
28 25 4 3 0 0 0 60
24 29 5 2 60
25 29 4 2 60
28 26 4 2 60
29 26 3 2 60
29 26 4 1 0 60
26 28 6 0 0 0 60
26 27 7 0 0 0 0 0 60
25 27 6 2 0 0 0 0 0 0 0 60
24 28 6 2 0 60
26 25 8 0 0 0 1 0 0 0 0 0 60
27 25 8 0 0 0 0 60
27 24 8 0 1 60
28 25 7 0 0 0 60
28 25 7 60
28 25 7 0 60
28 25 7 0 60
28 24 8 0 0 0 60
28 24 8 60
26 25 9 0 0 60
29 26 5 60
26 29 4 0 1 0 60
28 27 5 0 0 0 0 0 0 0 60
29 26 5 0 0 0 0 0 60
28 27 5 0 0 0 0 0 0 60
26 29 5 60
26 29 5 0 60
25 27 6 1 0 1 0 60
27 25 6 1 1 0 0 0 0 60
26 26 6 2 0 0 0 60
26 27 5 2 0 0 0 0 60
26 27 6 1 0 0 0 0 0 0 0 60
27 27 5 1 0 0 0 0 60
25 26 5 3 0 0 0 1 0 0 0 60
25 26 6 2 0 0 1 0 0 0 60
26 25 7 1 0 1 0 0 60
24 25 9 1 0 1 0 60
26 24 10 0 0 0 0 0 0 0 0 60
24 25 11 0 0 0 0 60
26 26 8 0 0 0 0 60
27 25 8 0 0 60
26 26 7 0 0 1 0 0 60
26 26 8 0 0 0 0 0 0 0 0 0 0 0 0 0 0 60
28 5 27 60
4 27 29 0 0 0 0 60
27 4 29 0 60
4 28 28 0 0 60
28 28 4 0 0 60
27 29 4 0 0 0 0 60
28 28 4 0 0 0 0 60
29 27 4 0 60
29 27 4 0 0 0 0 0 0 60
27 29 4 60
29 28 3 0 0 0 60
30 27 3 0 0 60
27 30 3 60
27 29 4 0 60
27 28 4 0 1 60
29 27 0 0 4 0 0 0 0 0 60
28 28 4 0 60
27 29 4 0 0 0 0 0 0 60
28 28 4 60
29 27 4 60
29 27 4 60
28 28 4 60
29 27 4 0 0 0 0 0 0 60
30 26 4 0 0 0 0 0 0 60
29 27 4 60
28 28 4 0 0 60
28 27 5 60
27 29 4 0 0 0 0 0 60
28 28 4 60
27 29 4 0 60
28 28 4 0 0 0 0 0 60
28 28 4 60
27 29 4 0 0 0 0 60
29 28 3 60
28 29 3 0 0 60
29 28 3 60
29 28 3 0 0 0 0 60
29 28 3 0 60
29 28 3 0 0 0 60
30 27 3 0 0 0 60
28 29 2 0 1 0 0 0 0 0 0 0 0 0 60
27 29 3 0 1 0 0 0 60
28 28 3 0 1 60
27 29 4 0 0 0 0 0 0 0 60
29 27 4 0 60
28 27 4 0 1 0 0 60
29 27 4 0 0 0 0 0 60
28 28 4 60
27 29 4 60
28 28 4 0 0 0 60
29 27 4 0 60
29 27 4 0 0 0 0 60
28 27 5 60
28 28 4 0 60
28 28 4 0 60
27 28 4 1 60
28 28 0 4 60
27 29 4 60
28 26 5 1 0 0 0 60
27 27 5 1 0 0 0 0 0 60
28 27 4 1 0 0 0 0 0 60
27 28 4 1 0 60
28 27 4 1 0 0 0 0 60
26 29 4 1 0 0 60
26 28 4 2 0 60
24 29 4 3 60
29 25 4 2 0 0 60
29 25 4 2 0 0 0 0 60
29 25 4 2 60
24 30 5 1 0 0 0 0 0 0 0 60
26 27 5 2 60
27 26 5 2 60
25 26 7 1 0 1 0 0 0 60
25 27 7 0 1 0 60
28 25 7 0 0 0 60
27 26 6 1 0 0 0 60
29 26 5 0 60
29 26 5 60
27 28 4 1 0 60
28 28 4 0 0 60
29 27 4 60
29 27 4 60
28 27 5 0 60
28 27 5 0 60
28 27 5 60
27 29 4 60
29 27 4 0 0 60
27 29 4 60
27 29 4 0 0 0 0 0 0 60
28 28 4 0 0 0 0 0 0 0 0 60
25 30 4 1 0 0 0 0 0 0 0 0 60
27 29 4 0 0 0 0 0 0 0 0 0 0 0 0 0 0 60
28 28 4 60
28 28 4 60
27 29 4 0 60
29 28 3 0 0 0 60
28 29 3 0 0 60
28 29 3 60
28 29 3 0 0 0 60
30 26 3 0 0 0 0 0 1 0 0 0 60
27 29 2 1 1 0 0 0 0 60
27 30 2 1 0 60
28 29 3 0 60
27 30 3 60
30 27 3 0 0 0 60
29 29 2 0 0 60
29 29 2 0 0 0 0 0 60
29 30 1 60
31 27 1 1 60
32 27 0 1 0 60
31 28 1 60
31 28 1 60
30 29 1 0 0 0 0 0 60
30 29 1 60
30 29 1 0 0 0 0 0 0 60
29 30 1 0 0 60
31 27 2 0 0 60
30 29 1 0 60
26 30 0 0 0 3 1 0 0 60
30 26 0 0 3 1 0 0 0 0 60
27 27 0 5 0 0 1 60
28 28 0 3 0 0 0 1 60
29 27 0 1 2 0 0 1 60
30 28 1 0 1 0 0 0 60
31 26 1 2 0 0 0 0 60
26 32 1 1 60
28 29 3 0 0 0 0 0 0 0 0 0 60
30 26 4 0 60
30 25 5 0 0 60
31 25 4 60
31 25 4 60
31 26 3 60
30 27 3 60
31 26 3 60
32 25 3 0 60
32 24 4 60
32 23 5 60
34 22 4 60
32 24 4 0 60
32 24 4 60
30 25 5 60
27 28 5 0 60
29 26 4 0 1 0 60
28 26 5 0 0 0 0 0 1 0 0 0 60
27 27 5 0 0 0 0 1 0 60
28 26 5 0 0 0 1 0 60
28 27 4 0 0 0 0 0 0 0 1 0 0 0 0 60
29 27 3 0 0 0 1 0 0 0 0 0 0 0 0 0 0 60
27 28 4 0 1 0 0 60
27 26 5 1 0 0 0 0 0 1 0 0 0 0 0 0 0 0 60
27 25 6 1 0 0 0 0 0 0 1 0 0 0 60
30 24 1 5 0 0 0 0 0 0 0 0 0 0 0 60
24 30 1 5 0 0 0 0 0 0 60
25 29 2 4 0 0 0 0 0 0 60
28 26 5 1 0 0 0 0 0 60
27 27 5 1 0 0 0 0 60
26 28 5 1 0 0 0 0 0 0 0 0 0 0 0 0 60
28 28 4 0 0 0 0 0 0 0 60
28 27 3 1 0 0 0 0 0 1 0 0 0 0 0 0 60
30 25 1 2 0 0 0 1 0 1 0 0 0 0 0 0 0 0 0 0 0 60
29 26 0 4 0 0 0 0 1 0 0 0 0 0 0 0 60
28 25 0 4 0 0 0 0 3 0 0 0 60
27 25 1 6 0 0 0 0 1 0 0 0 0 0 60
28 26 1 0 4 0 0 1 0 0 0 0 0 0 0 0 0 0 0 0 0 0 0 0 0 0 0 0 0 0 0 60
28 25 3 0 4 0 0 0 0 0 0 0 0 0 0 0 0 0 0 0 0 0 0 0 60
27 26 3 0 4 0 0 0 0 0 0 0 0 0 0 60
28 25 3 4 0 0 0 0 0 0 0 0 0 0 0 0 0 60
24 28 4 4 0 0 0 0 0 0 0 0 0 0 0 0 0 0 0 0 60
25 29 4 2 0 60
28 25 4 2 1 0 0 0 0 0 0 60
28 25 2 4 1 0 0 0 0 0 0 0 0 0 60
28 25 2 0 5 0 0 0 0 0 0 0 0 0 0 0 60
25 28 3 4 0 0 0 0 60
26 29 1 4 0 60
26 30 4 0 0 0 0 0 60
27 29 4 0 0 0 0 0 60
27 29 4 0 0 0 0 60
28 28 4 0 0 60
29 27 4 60
28 27 5 0 0 0 60
28 27 5 0 0 60
28 27 5 0 60
29 26 5 60
27 28 5 60
27 27 6 60
29 27 4 60
27 28 5 60
28 27 5 60
28 28 4 60
28 29 3 60
27 28 5 0 0 0 60
29 27 4 0 60
29 27 4 0 0 60
29 27 4 0 0 0 60
30 26 4 60
29 27 3 0 1 60
29 27 0 4 0 0 0 60
27 27 1 5 0 0 0 0 60
24 29 7 0 0 0 60
26 28 6 0 0 0 0 0 60
28 26 6 0 0 0 60
27 29 4 0 0 0 0 0 60
28 27 4 0 0 1 60
26 30 4 0 0 0 0 0 0 60
30 26 4 0 60
29 27 4 0 60
27 29 4 0 0 0 0 0 0 60
28 28 4 0 60
28 28 4 0 0 0 60
28 28 4 0 60
28 28 4 60
28 28 4 60
28 28 3 1 60
29 28 2 1 0 0 0 60
30 27 1 2 0 60
29 28 3 0 60
28 29 3 0 0 60
29 28 3 60
29 28 3 60
29 28 3 0 0 0 60
29 28 3 60
29 28 2 0 0 0 1 60
25 31 4 0 0 0 0 0 60
31 25 4 60
31 25 4 60
30 25 5 0 0 0 60
31 23 5 0 1 0 0 0 0 0 0 0 60
29 25 6 0 0 0 60
28 25 5 2 0 60
26 28 5 1 0 60
25 28 6 1 0 0 0 60
24 31 4 1 0 0 60
23 32 5 0 60
24 31 5 0 60
27 27 6 60
28 28 4 0 60
27 28 5 0 0 0 0 0 0 0 0 60
28 27 5 60
28 27 5 60
29 26 5 0 60
30 26 4 60
29 27 4 0 0 0 0 0 60
30 26 4 0 60
26 30 4 0 0 60
27 28 5 0 0 0 60
27 28 5 0 0 0 60
26 29 5 0 0 0 60
28 27 5 0 60
28 27 5 60
28 27 5 60
27 29 4 60
27 29 4 60
27 29 4 60
30 26 4 60
29 27 4 60
30 26 4 60
29 28 3 60
31 27 2 60
31 27 2 60
28 30 2 60
28 30 2 60
27 30 3 60
30 28 2 0 0 0 0 60
29 29 2 60
31 27 2 0 60
31 27 2 60
31 26 3 60
31 26 3 60
28 27 5 60
28 28 4 0 60
28 28 4 60
29 27 4 60
26 30 4 60
26 30 4 60
31 25 4 60
31 25 4 60
31 25 4 60
27 29 4 60
29 26 5 60
27 29 4 0 0 60
28 28 4 0 60
27 28 5 0 0 60
28 27 5 0 0 60
28 27 5 0 60
27 27 6 60
28 27 5 60
28 26 6 0 60
29 26 5 0 0 0 60
28 25 6 0 1 60
28 26 6 0 0 0 60
27 27 6 0 0 0 60
27 26 7 60
28 26 6 0 60
26 28 6 0 60
27 27 6 60
27 25 8 0 60
26 28 6 0 0 0 0 60
28 27 5 0 0 60
25 28 6 0 0 0 0 1 60
28 26 4 0 1 0 0 1 60
29 25 3 2 1 0 0 0 60
27 28 2 1 2 60
27 28 1 4 0 0 0 0 0 0 0 0 0 0 60
26 29 4 1 0 0 0 0 0 0 0 0 0 0 0 0 0 0 60
29 25 5 1 0 0 0 60
29 24 6 0 1 0 0 60
26 28 5 1 60
27 27 6 0 0 60
30 25 5 60
29 25 6 0 60
29 25 6 60
26 29 5 0 0 60
28 27 5 60
29 25 6 60
27 27 6 60
25 28 7 0 0 0 60
25 28 7 60
28 25 7 0 60
27 24 9 60
24 28 8 0 60
24 28 8 0 60
23 29 8 0 0 0 60
29 24 7 0 60
29 25 6 0 0 0 60
30 24 6 0 60
27 27 6 0 0 0 0 0 60
25 28 7 0 60
25 29 6 0 0 0 0 60
25 29 6 60
25 29 6 0 0 60
24 29 7 0 0 0 60
29 24 7 60
27 24 9 60
23 27 10 0 0 60
26 27 7 0 0 60
25 28 7 60
26 28 6 0 60
29 26 5 60
28 25 7 0 0 0 60
29 24 7 0 60
29 23 7 0 0 1 0 0 0 0 0 0 0 0 60
29 23 7 0 0 0 0 1 0 60
28 23 8 0 0 0 0 1 0 0 0 0 0 60
27 27 6 0 0 0 0 0 0 0 0 0 60
28 27 5 0 0 60
27 28 5 60
27 28 5 0 0 0 0 0 60
28 27 5 0 60
25 28 7 0 0 0 60
27 25 8 60
28 26 6 0 60
27 27 5 1 60
28 27 5 0 60
27 28 5 0 0 60
28 27 5 0 0 60
27 28 5 0 60
27 28 5 60
28 26 6 60
26 27 6 1 60
27 27 5 1 0 0 0 0 0 0 0 60
26 28 5 1 0 60
28 26 5 0 1 60
27 28 4 1 0 0 0 60
28 27 4 1 60
27 28 4 1 0 60
27 27 5 0 0 0 1 0 0 0 0 0 0 0 0 0 0 60
28 27 4 0 0 0 1 60
28 26 1 0 4 1 0 0 60
27 27 2 0 4 0 0 0 60
26 27 1 3 3 60
27 28 1 1 3 60
26 29 0 2 3 60
27 30 3 0 0 60
27 30 3 0 0 60
31 26 3 0 0 60
30 27 3 60
28 29 3 0 0 0 0 0 0 60
27 30 3 0 0 0 60
30 27 3 0 0 0 0 60
27 30 3 0 60
29 26 5 0 0 0 0 0 60
26 27 7 60
26 26 8 0 0 60
25 28 7 0 0 0 0 0 0 0 0 60
29 25 6 0 60
29 26 5 0 60
30 25 5 60
27 28 5 0 0 0 60
26 30 4 60
28 26 6 60
28 26 5 0 0 0 0 1 0 0 60
25 28 7 0 0 0 0 0 60
27 27 5 0 1 0 0 0 0 0 60
26 27 6 0 0 1 0 0 60
26 26 8 0 0 0 60
26 27 7 0 60
25 26 8 1 60
24 28 7 1 0 0 0 0 0 60
26 27 6 1 0 0 0 60
26 28 1 5 0 0 0 60
25 28 1 6 0 0 60
25 29 0 6 0 0 60
25 28 7 0 60
27 26 7 0 0 0 0 60
26 26 8 0 60
26 25 9 0 0 0 60
26 25 9 0 0 60
26 11 23 0 0 0 60
27 10 23 60
8 25 27 0 60
8 25 27 0 0 60
24 8 28 60
25 26 8 0 1 60
26 25 8 0 0 1 0 60
24 27 8 0 1 0 0 0 0 0 60
25 27 8 0 60
26 26 8 60
27 26 7 0 0 0 60
27 26 7 0 60
26 27 7 0 60
27 26 7 60
26 26 8 0 60
26 24 10 0 0 0 60
26 25 9 60
27 26 7 60
26 27 6 0 1 60
26 26 7 0 0 1 60
26 25 8 0 1 0 0 0 60
25 26 9 0 60
27 11 22 0 60
27 9 24 0 60
27 26 7 60
27 29 4 0 0 60
26 30 4 0 0 0 60
27 5 28 0 0 0 0 0 0 0 0 0 0 0 0 0 0 60
8 25 27 0 60
7 28 25 60
6 29 25 60
28 7 25 60
5 29 26 0 60
28 6 26 60
27 27 6 60
25 29 6 60
30 25 5 60
29 24 7 60
29 25 6 60
28 28 4 0 0 0 60
28 26 6 0 60
28 28 4 60
27 28 5 60
26 27 7 60
27 26 7 0 0 0 60
27 27 6 0 60
26 28 6 60
26 28 6 60
27 27 6 0 60
25 27 8 60
27 27 6 0 0 0 0 0 60
24 29 7 0 60
26 28 6 60
29 25 6 0 0 60
29 25 6 0 0 0 0 0 0 60
30 24 6 60
25 28 7 0 60
23 28 9 0 60
27 24 9 0 0 0 60
25 26 9 60
26 25 9 0 60
23 23 14 0 0 0 0 60
26 24 10 0 0 0 0 0 0 0 60
27 26 7 0 0 0 0 0 0 0 60
25 28 7 0 60
29 25 6 60
29 27 4 60
26 29 5 0 0 0 0 60
26 28 6 0 0 0 60
27 28 5 0 60
25 30 5 60
28 27 5 0 60
28 27 5 0 60
31 25 4 0 0 0 60
28 27 5 60
28 27 5 60
26 29 5 60
29 27 4 0 0 60
26 30 4 60
29 26 4 0 1 0 60
28 28 4 0 0 60
29 27 4 60
28 28 4 60
28 28 4 60
28 27 5 0 60
28 28 4 0 60
28 28 4 60
27 29 4 60
26 29 5 0 60
29 26 5 0 0 0 60
29 25 6 60
29 25 6 0 0 60
28 25 7 0 60
28 26 6 60
28 27 5 60
28 27 5 0 60
29 26 5 60
28 27 5 60
28 27 5 60
26 29 5 60
26 26 8 60
27 26 7 60
28 25 7 60
28 26 6 60
26 29 5 60
29 26 5 0 0 60
30 25 5 0 60
25 31 4 0 0 60
25 30 5 0 0 60
25 30 5 60
26 31 3 0 0 0 0 0 0 60
30 27 3 0 0 0 0 60
32 25 3 0 0 0 0 0 0 0 0 60
25 31 3 0 0 0 0 1 0 0 0 0 0 60
24 31 4 0 0 0 0 1 0 0 0 0 60
24 30 5 0 0 0 0 1 60
27 28 5 0 0 0 0 0 0 0 0 0 60
26 29 5 0 60
30 24 6 60
31 4 25 60
30 6 24 0 60
31 4 25 0 0 60
31 3 26 60
30 27 3 60
32 25 3 60
31 27 2 0 0 0 0 0 60
25 33 2 0 0 60
33 25 2 0 0 60
26 32 2 0 60
30 28 2 60
30 28 2 60
28 30 2 60
29 29 2 0 0 60
30 28 2 60
31 27 2 60
28 30 2 60
31 27 2 0 0 60
25 33 2 60
32 26 2 60
27 31 2 0 0 60
27 30 3 60
29 27 4 0 0 60
28 28 4 0 60
28 27 5 0 60
28 27 5 0 60
29 26 5 0 0 0 0 0 60
29 26 5 0 0 0 0 60
26 30 4 0 0 60
29 27 4 0 60
27 29 4 0 0 60
29 26 5 60
29 26 5 0 0 60
27 28 5 60
26 30 4 0 60
30 26 4 60
29 24 5 2 0 60
29 25 5 1 0 60
28 26 5 1 60
28 27 4 1 60
25 29 4 2 60
30 25 4 1 60
28 26 5 1 60
28 24 7 1 60
29 25 5 1 60
29 26 4 1 0 0 0 60
27 28 4 1 0 0 0 60
27 28 4 1 60
27 28 4 1 0 0 0 0 60
27 27 5 1 60
28 26 5 1 0 60
27 25 7 1 60
28 26 5 1 0 60
28 26 5 1 60
28 26 5 1 0 0 60
29 26 5 0 0 0 0 0 60
30 26 4 60
26 30 4 60
26 30 4 60
30 26 4 0 0 0 0 0 0 0 60
24 33 3 0 0 60
30 27 3 0 0 60
30 27 3 0 0 0 60
31 26 3 60
33 24 3 60
26 30 3 1 0 60
25 30 4 1 0 60
29 27 4 0 0 60
27 29 4 60
29 27 4 0 0 60
29 27 4 0 0 60
26 31 3 60
29 28 3 0 0 60
26 31 3 0 60
31 26 3 0 0 60
27 29 4 60
27 29 4 0 0 60
29 26 4 0 1 0 0 0 60
27 28 4 0 1 60
28 27 4 0 1 0 60
24 27 8 0 1 60
25 27 7 0 1 0 60
26 25 7 1 1 0 60
25 26 7 1 0 1 0 60
26 27 5 1 0 1 60
26 24 8 2 0 0 0 0 60
28 25 5 2 0 60
28 26 4 2 60
27 27 4 2 60
27 27 5 1 0 0 0 60
26 26 7 1 60
26 27 7 0 60
26 27 7 60
28 26 6 0 0 0 60
27 27 6 0 0 0 0 60
27 27 6 0 0 0 60
27 26 7 0 0 0 0 0 0 0 60
27 26 7 0 0 60
26 26 7 0 0 0 0 0 1 60
26 26 6 1 0 0 0 0 1 60
26 27 6 0 0 1 0 0 0 60
26 27 6 0 1 0 0 0 0 0 0 60
27 25 6 0 2 0 0 0 60
26 27 5 2 0 0 0 0 60
25 28 2 5 0 60
29 24 5 2 0 0 0 0 0 0 60
26 27 5 2 0 0 0 0 0 60
28 26 2 4 0 0 0 0 60
28 26 4 2 0 60
27 26 2 5 0 0 0 0 60
27 25 3 4 0 0 1 0 0 0 0 0 0 0 60
26 26 3 4 0 1 0 0 0 0 0 0 60
27 25 4 2 2 0 0 0 0 0 0 0 0 0 0 0 0 60
27 24 2 6 1 0 0 60
28 24 2 1 5 0 0 0 60
27 3 25 2 3 0 0 0 0 0 0 0 60
27 2 26 3 2 60
27 26 4 2 1 0 0 0 0 0 0 0 0 0 0 60
26 27 6 0 1 0 0 0 60
26 27 6 1 0 0 0 0 0 0 60
26 25 8 1 0 0 0 0 60
26 25 8 1 0 60
25 28 6 1 0 0 60
26 27 5 2 0 60
27 26 6 1 0 60
27 27 6 0 60
28 27 5 60
28 27 5 60
27 29 4 0 60
27 29 4 60
29 27 4 0 60
28 28 4 60
28 28 4 0 0 60
28 28 4 0 60
29 27 4 60
28 28 4 0 0 0 60
29 27 4 0 60
30 26 4 60
26 30 4 60
28 27 5 60
28 28 4 0 60
26 31 3 0 60
26 31 3 60
27 30 3 60
29 28 3 60
29 28 3 60
29 28 3 60
28 29 3 60
26 29 5 60
28 27 5 0 0 60
26 26 7 1 60
26 27 6 1 60
28 25 2 5 60
27 26 3 4 0 60
27 25 2 6 60
25 26 1 8 0 0 60
26 28 5 1 60
26 28 1 5 0 60
26 28 1 5 60
28 26 5 1 60
28 26 5 1 0 0 0 0 60
27 27 5 1 0 0 0 0 0 0 60
27 26 6 1 0 0 0 60
28 25 5 1 1 0 0 0 0 0 60
26 27 0 6 0 0 0 1 0 0 0 0 60
26 27 0 1 6 0 0 0 0 0 0 0 0 60
27 25 0 3 4 0 0 1 0 0 0 0 0 60
26 25 0 1 7 0 0 1 0 0 0 0 60
25 27 0 0 7 0 1 0 0 0 0 0 0 0 0 0 60
26 25 0 1 8 0 0 0 60
26 27 1 0 6 0 0 60
27 26 0 0 6 0 0 0 1 0 60
28 26 0 5 0 0 0 0 1 60
29 25 1 4 0 0 0 1 0 60
23 31 1 4 0 0 0 1 0 60
29 26 1 3 1 0 0 0 0 0 0 0 60
28 26 1 1 4 0 0 60
27 27 1 1 4 60
27 27 0 4 2 0 0 60
28 26 0 4 2 0 0 60
28 26 0 5 1 60
27 27 0 4 2 0 0 0 0 0 0 0 60
27 28 0 4 1 0 0 0 0 0 0 0 0 0 0 0 0 0 0 0 0 0 0 0 0 0 0 60
27 28 0 4 1 0 0 0 60
29 26 4 0 1 0 0 0 60
27 29 0 0 4 60
27 29 0 0 4 60
28 28 0 0 4 0 0 60
28 28 0 0 4 0 60
28 27 0 1 4 60
29 27 0 4 0 0 0 0 0 0 0 0 0 60
28 28 4 0 0 60
28 28 4 60
28 28 4 0 0 60
27 28 5 0 60
27 28 5 0 0 0 0 0 0 0 60
28 27 5 0 60
30 26 4 60
26 30 4 0 0 60
28 28 4 60
28 28 4 0 0 60
29 27 4 60
30 26 4 0 0 60
28 28 4 60
27 29 4 0 60
26 30 4 0 0 0 60
26 30 4 0 60
27 29 4 0 0 60
28 28 4 60
29 27 4 60
29 27 4 60
29 27 4 60
27 29 4 0 60
27 29 4 0 60
28 28 4 60
28 27 5 0 0 0 0 60
26 28 6 0 0 60
27 28 5 0 60
29 27 4 0 0 0 0 60
28 27 3 2 0 60
28 27 4 1 60
26 28 4 2 0 0 0 0 60
27 28 2 3 0 60
28 26 4 2 60
28 25 5 2 0 0 60
28 25 5 2 0 60
27 27 3 3 0 0 0 0 60
27 28 2 3 60
27 26 4 3 0 60
27 26 5 2 0 0 60
27 27 5 0 0 1 60
26 29 5 0 0 0 60
28 27 5 60
28 26 6 0 0 60
28 26 6 60
26 26 8 0 0 0 60
27 26 7 60
27 25 8 0 60
25 28 7 60
25 27 8 0 0 60
24 28 8 0 0 0 60
25 28 7 60
29 25 6 0 0 60
29 26 5 0 0 0 0 60
28 27 5 60
28 27 5 0 0 60
29 27 4 60
30 26 4 60
27 29 4 0 60
28 27 5 0 60
27 28 5 60
29 26 4 1 60
29 27 3 1 60
29 28 3 0 60
29 28 3 60
28 29 3 0 0 60
29 28 3 60
30 27 3 0 60
29 26 3 0 2 60
28 27 3 0 2 0 0 0 60
28 26 4 2 0 0 0 0 60
29 26 3 2 60
30 26 3 1 60
29 27 3 1 60
30 25 3 2 0 0 0 60
30 26 3 1 0 0 0 0 60
24 31 3 2 60
24 31 3 2 60
23 31 4 2 0 0 60
27 29 3 1 60
29 27 3 1 60
30 27 3 0 0 60
29 28 3 60
28 29 3 0 0 60
28 29 3 0 0 60
28 29 3 60
28 29 3 60
28 29 3 60
28 28 3 1 0 60
29 28 3 0 0 0 0 0 60
30 27 3 0 0 60
31 27 2 0 60
31 27 2 0 0 60
29 29 2 0 0 0 0 60
29 28 3 60
29 29 2 0 60
30 28 2 0 60
29 29 2 0 60
29 29 2 60
30 27 3 60
27 30 2 1 0 0 0 60
29 28 3 0 60
28 29 3 60
29 28 3 0 0 0 60
30 28 2 0 0 0 0 0 0 0 0 60
28 31 1 60
30 29 1 0 0 0 60
31 28 1 0 0 60
28 30 2 60
31 28 1 60
30 29 1 60
30 29 1 0 0 0 0 60
28 31 1 0 60
29 30 1 0 60
30 29 1 0 0 0 60
33 26 1 0 0 0 0 0 0 60
34 25 1 0 0 0 0 60
33 26 1 0 60
33 27 0 60
28 31 0 1 60
30 29 1 0 0 0 0 0 0 0 0 60
29 31 0 0 60
32 28 60
32 28 0 60
26 34 60
33 27 0 0 0 0 60
33 27 0 0 0 0 0 0 60
36 24 0 0 0 0 0 0 0 0 60
21 39 0 0 60
36 24 0 0 0 0 60
27 33 0 0 60
32 28 60
27 31 0 2 0 0 60
29 28 3 0 60
28 29 3 0 60
30 29 1 0 60
28 31 1 60
2 27 31 0 60
2 30 28 0 0 0 0 60
29 2 29 0 60
2 27 31 0 60
1 30 29 60
1 30 29 0 0 60
1 27 32 0 0 60
28 31 1 0 60
27 30 3 0 0 0 60
31 25 4 0 0 0 0 0 60
25 31 4 60
29 26 5 0 0 0 60
30 26 3 1 0 0 60
26 32 1 0 1 0 0 0 60
25 32 1 0 1 0 1 0 60
28 27 3 0 1 1 0 0 60
27 28 2 1 1 1 60
29 27 3 1 0 0 60
30 27 3 0 0 0 0 60
27 29 3 0 1 0 60
27 29 3 0 1 60
27 29 3 1 0 60
29 27 3 1 60
29 27 2 1 0 0 1 60
29 27 2 0 1 1 0 60
27 26 3 1 2 1 0 0 60
25 26 7 0 1 1 0 60
26 26 8 0 0 0 0 0 0 0 60
25 27 8 0 60
27 25 8 0 0 0 60
28 25 7 60
27 25 8 0 60
26 27 6 1 60
27 25 8 0 0 0 0 0 0 60
27 25 8 0 0 60
26 28 6 0 0 60
27 28 5 60
27 27 6 60
24 27 9 60
25 27 8 0 0 60
27 26 7 60
27 24 9 60
20 12 28 60
17 17 26 60
24 25 11 0 60
25 23 12 60
25 25 10 0 0 0 0 0 60
25 26 9 0 0 0 60
27 25 8 0 60
29 25 6 0 0 0 60
27 29 4 0 0 0 0 0 0 0 0 60
27 26 7 0 0 0 0 60
26 27 7 0 60
27 26 7 60
25 27 8 0 60
25 28 7 60
26 28 6 0 60
27 26 7 0 60
25 28 7 0 0 0 0 0 0 0 0 0 60
27 24 9 0 0 0 0 0 0 0 60
26 24 10 0 0 60
25 27 8 0 0 0 60
24 27 8 1 60
29 26 5 0 60
25 29 6 60
28 27 5 0 0 60
28 26 6 0 60
28 27 5 60
27 28 5 0 60
27 27 6 60
27 27 6 0 60
27 27 6 60
27 27 6 60
28 26 6 60
29 26 5 60
28 27 5 60
27 28 5 60
29 26 5 0 0 60
30 25 5 0 0 0 60
27 25 7 0 0 0 1 0 0 0 0 60
29 26 5 0 0 0 0 0 0 0 0 0 60
26 29 5 0 60
27 27 6 0 0 60
26 29 4 1 0 60
26 27 7 0 0 60
27 27 6 0 0 0 60
28 26 6 60
27 28 5 0 60
28 28 4 0 0 0 0 60
28 29 3 0 60
28 28 4 60
27 28 4 0 0 1 60
27 29 4 0 0 0 0 0 0 60
28 28 4 0 0 0 0 0 0 60
28 27 5 0 0 0 60
27 26 7 0 60
28 27 5 0 60
28 28 4 60
26 30 4 0 0 0 0 60
27 29 4 0 0 60
28 28 4 60
28 27 4 1 60
29 26 1 4 0 0 60
28 26 2 4 60
25 28 2 4 0 1 0 0 0 0 60
27 27 4 2 0 0 60
27 27 4 2 0 0 0 60
27 27 4 2 0 0 0 60
27 27 4 2 60
27 27 4 2 0 0 60
27 25 6 2 60
26 25 6 2 1 0 0 60
24 27 6 2 1 0 60
27 25 5 2 1 0 60
27 26 4 2 1 0 0 60
28 4 24 2 0 1 1 0 0 0 0 0 0 0 0 0 60
5 26 25 2 0 1 1 0 0 60
3 27 26 3 0 0 1 0 0 0 0 0 60
4 24 26 0 5 0 1 0 0 60
23 4 28 4 0 1 0 60
25 5 26 3 1 0 0 0 0 0 0 0 0 0 0 0 0 60
27 6 23 4 0 0 0 0 60
27 5 26 2 0 0 60
27 7 25 1 60
8 28 24 0 0 0 0 0 0 0 60
10 22 28 60
27 7 26 0 0 0 60
26 7 27 0 60
27 26 7 0 60
26 25 9 60
26 26 8 0 0 0 60
27 27 6 0 60
27 27 6 0 60
26 27 7 0 60
25 29 6 0 60
27 29 4 0 0 60
27 27 6 60
26 29 4 1 0 0 0 60
26 28 5 1 0 60
27 27 5 1 60
27 26 7 0 60
26 26 8 60
27 27 6 0 0 0 60
27 27 6 0 0 0 60
27 28 5 60
27 27 6 0 60
28 26 6 0 60
27 28 5 60
27 29 4 60
30 26 4 60
26 30 4 60
29 27 4 0 60
26 29 5 60
27 25 8 0 0 60
26 26 8 0 60
27 26 6 1 0 60
27 26 6 1 0 60
27 26 6 1 60
28 26 6 0 60
25 28 7 60
27 27 6 60
27 27 6 0 0 60
27 27 6 0 60
28 26 4 2 60
28 27 2 3 0 0 0 0 60
27 28 2 3 0 60
29 26 1 4 0 60
29 25 3 3 60
28 24 6 2 60
25 28 5 2 60
25 28 5 2 0 60
24 29 6 1 0 60
25 28 5 2 0 60
26 27 6 1 60
27 26 6 1 0 0 0 60
28 27 5 0 60
27 29 4 0 0 0 0 60
26 30 4 0 0 0 60
29 27 4 0 60
27 26 6 1 0 0 0 60
26 26 7 1 60
25 29 6 0 60
27 27 6 60
26 28 6 0 60
23 28 9 60
24 29 7 60
23 31 6 60
24 31 5 60
30 25 5 0 60
25 29 6 0 0 60
26 29 5 60
26 29 5 60
27 26 7 60
28 26 6 0 60
27 27 6 0 0 0 0 0 60
27 26 7 60
27 27 6 0 60
27 27 6 0 0 0 60
26 28 6 0 60
27 29 4 0 60
25 31 4 0 0 0 0 60
29 27 4 60
27 27 6 60
28 26 6 60
27 28 5 0 0 60
25 29 6 0 0 60
28 27 5 0 60
28 27 5 60
28 27 5 0 0 0 60
25 27 7 1 60
28 25 1 6 60
24 29 6 1 60
27 27 4 2 0 0 60
28 25 3 4 0 0 0 0 0 60
27 26 4 3 0 0 60
26 25 5 4 0 0 0 0 0 0 0 0 60
29 24 4 3 0 60
28 25 3 4 0 0 0 0 0 0 0 60
29 25 4 2 0 0 60
28 25 4 3 0 0 0 0 0 0 0 0 0 0 60
30 24 4 2 0 0 0 0 0 0 0 0 60
28 25 3 4 0 0 60
28 25 3 4 60
26 27 3 4 0 60
25 28 3 4 0 0 0 0 60
25 28 2 4 0 0 0 0 1 60
26 27 4 3 0 0 0 0 0 0 0 0 60
26 27 4 3 0 0 0 0 0 60
28 25 4 2 1 0 0 0 60
25 28 4 1 1 1 60
25 28 4 0 2 1 60
28 25 4 0 3 0 60
26 27 4 0 3 0 60
27 26 0 4 3 60
28 25 0 4 3 60
28 25 4 0 3 0 0 0 0 60
27 27 3 0 3 60
27 26 1 2 4 0 0 60
28 26 2 0 4 0 60
27 27 4 0 2 0 0 0 60
25 27 2 4 2 0 60
27 27 4 0 2 0 0 0 0 60
26 27 4 2 0 1 0 0 60
26 25 4 3 0 2 60
26 24 2 3 2 1 0 0 0 1 0 1 0 0 0 0 60
27 22 2 2 3 0 0 0 0 2 0 1 1 0 0 0 0 0 0 0 0 0 0 0 0 60
28 23 2 0 0 3 1 0 0 2 0 1 0 0 0 0 0 60
28 24 2 0 0 1 1 0 1 0 0 3 0 0 0 0 0 0 0 60
25 29 3 0 0 1 1 0 0 0 0 1 0 0 0 0 0 0 0 0 0 0 0 0 0 60
25 27 4 2 1 1 0 0 0 0 0 0 0 0 0 0 0 60
26 27 2 3 0 1 0 1 0 0 60
26 27 4 2 0 0 0 1 0 0 0 60
27 26 3 2 1 0 0 1 0 0 0 0 0 60
26 27 3 3 0 0 0 1 60
24 27 3 5 0 0 0 1 0 60
26 25 4 4 0 0 0 0 0 1 60
27 24 4 5 0 0 0 0 0 0 60
26 25 4 5 0 0 0 60
25 25 4 6 0 60
24 28 4 4 60
25 28 4 3 60
27 28 4 1 0 0 0 0 0 60
27 28 4 1 0 0 0 0 60
27 28 3 2 60
28 27 3 1 0 0 1 0 0 60
28 27 3 1 1 0 0 0 60
28 27 4 1 0 0 60
27 28 4 1 0 0 0 60
25 30 4 1 0 0 60
26 28 5 1 0 60
27 27 5 1 60
29 26 4 1 60
26 29 1 4 0 0 60
27 27 2 4 60
28 26 4 2 60
26 26 2 6 60
28 25 0 7 0 60
28 26 6 0 60
29 26 5 60
29 26 5 0 0 0 60
27 27 6 0 60
27 27 6 0 0 0 0 0 0 0 0 0 60
26 28 5 0 0 0 1 0 0 0 0 0 60
27 27 5 0 0 0 1 0 60
29 25 6 0 0 0 0 0 0 0 0 60
28 27 5 60
29 26 5 0 0 60
24 31 5 60
28 26 6 0 0 60
27 28 5 60
27 28 5 60
26 29 5 0 0 0 60
29 26 5 0 60
25 29 6 60
26 29 5 60
29 26 5 0 60
26 28 6 60
28 27 5 60
26 28 6 0 60
28 26 6 0 60
28 26 6 60
29 7 24 60
27 26 7 60
27 27 6 0 0 0 0 0 0 0 0 60
28 26 6 0 0 0 0 60
26 27 7 0 0 0 60
27 26 7 60
26 27 7 60
28 26 6 60
26 28 6 60
28 24 8 0 0 60
28 24 8 60
28 24 8 0 0 60
27 25 8 60
26 25 9 0 0 0 0 60
25 27 8 0 60
26 25 9 60
26 25 9 0 0 0 0 0 0 60
26 27 7 0 60
26 25 9 60
28 23 9 60
27 26 7 60
26 27 7 0 60
26 28 6 60
28 24 8 60
26 26 8 0 60
23 27 10 60
26 27 7 60
27 26 7 0 60
29 25 6 60
25 28 7 0 0 60
28 24 8 0 60
29 25 6 0 0 0 0 0 0 60
29 25 6 0 60
28 27 5 0 0 0 0 0 0 60
28 27 5 0 60
28 26 6 60
26 27 7 60
26 28 6 60
28 26 6 0 0 60
26 30 4 0 60
27 29 4 60
28 28 4 0 60
27 27 6 0 60
27 26 7 60
26 26 8 60
28 27 5 0 0 60
27 26 7 0 0 0 0 0 0 60
26 27 6 1 60
24 27 5 4 0 0 0 0 0 60
21 26 5 8 60
20 27 9 4 0 0 60
20 8 28 4 60
19 9 28 4 60
19 30 7 4 0 0 0 0 60
29 23 4 4 0 0 60
24 30 3 3 0 0 60
28 27 4 1 0 0 0 0 0 0 0 60
28 27 4 1 0 0 0 0 0 0 0 0 60
27 27 4 2 0 60
28 26 4 2 60
28 25 2 5 0 0 0 0 0 0 60
27 26 5 2 0 60
28 25 5 2 0 0 60
26 26 4 4 0 60
27 24 4 5 0 60
24 27 4 5 60
24 27 3 5 0 1 0 0 60
24 27 2 6 0 1 60
24 28 0 6 2 0 0 0 0 0 60
28 24 0 6 2 0 0 0 60
28 25 0 6 1 0 0 0 60
27 25 7 1 0 0 0 0 0 60
23 29 6 1 1 0 0 0 0 60
25 28 6 1 0 0 0 0 0 0 0 60
29 25 5 1 0 0 0 0 0 0 0 60
24 30 6 0 0 0 60
25 30 5 60
30 25 5 0 0 0 60
30 25 5 60
25 30 5 0 0 60
28 27 5 0 0 60
28 27 5 0 60
28 26 6 60
27 27 6 60
27 27 6 60
27 27 6 0 0 0 0 60
26 26 8 0 0 0 0 60
24 24 12 0 0 60
27 26 7 0 60
26 28 6 0 0 0 0 60
29 26 5 0 0 0 60
27 28 5 60
28 27 4 0 1 0 60
28 26 5 0 1 60
25 27 7 0 1 60
25 27 7 0 1 0 0 0 0 60
25 27 7 0 1 60
26 26 8 0 60
25 26 9 0 0 60
24 26 10 60
24 26 10 60
24 26 10 0 60
25 24 11 60
24 26 10 60
26 27 7 0 0 0 60
27 26 7 60
27 27 6 60
26 24 9 1 60
26 27 6 1 60
28 26 6 0 0 0 60
27 27 6 60
26 28 6 60
27 26 7 60
28 25 7 0 60
28 25 7 0 0 0 60
26 26 7 0 1 60
26 27 7 0 0 60
28 24 8 0 60
27 27 6 60
27 27 6 0 0 60
25 28 6 1 0 0 0 60
26 28 6 0 0 60
27 27 6 0 60
27 27 6 0 0 60
27 27 6 0 0 60
27 27 6 60
25 27 8 0 60
28 27 5 60
27 28 5 0 0 0 60
26 27 7 0 60
27 27 6 0 60
25 28 7 60
25 28 7 0 60
28 26 6 0 0 0 60
25 29 6 0 60
28 26 6 0 0 60
27 28 5 0 60
28 27 5 0 60
28 25 7 60
24 29 7 60
29 24 7 0 0 0 0 60
24 28 8 0 0 60
27 27 6 0 0 0 0 60
28 26 6 0 0 0 0 0 0 60
27 25 8 0 0 0 60
27 27 6 0 0 0 0 0 0 0 0 60
27 26 7 0 0 0 60
27 26 7 60
28 25 7 0 60
26 26 8 0 60
26 26 8 60
25 27 8 0 60
27 25 8 60
26 25 9 0 0 60
25 26 8 1 0 0 60
28 26 6 0 0 60
26 28 6 0 60
26 27 6 0 0 0 1 0 0 0 0 60
27 27 5 0 0 0 1 60
28 26 6 0 0 0 0 0 60
26 26 8 0 0 0 0 60
27 26 5 1 1 60
27 25 5 3 0 0 0 0 0 0 60
28 25 3 3 0 0 0 1 60
28 25 4 2 1 0 0 0 60
28 26 4 0 2 60
25 28 0 7 0 60
27 28 4 0 1 60
27 28 5 0 0 60
28 25 7 0 0 0 0 0 0 60
28 6 26 0 60
7 27 26 60
10 24 26 0 0 0 0 60
9 27 24 0 0 0 0 60
27 9 24 60
26 24 10 0 0 0 60
26 23 11 0 0 60
19 17 24 0 60
13 21 25 0 1 0 60
11 25 23 0 0 1 0 0 0 60
9 25 25 0 1 0 0 0 0 60
6 26 27 1 60
6 24 28 2 0 0 0 60
1 29 23 7 0 60
1 30 23 6 60
1 30 24 5 60
2 29 24 5 0 0 60
26 7 25 2 0 0 60
27 25 6 2 0 60
27 25 7 1 0 60
26 27 6 0 1 60
26 25 8 1 0 0 0 60
27 24 8 1 0 60
27 26 6 1 60
27 26 6 1 0 0 0 60
26 26 8 0 0 0 0 60
27 27 6 0 0 0 0 0 60
27 27 6 0 0 0 60
28 26 6 0 0 0 0 60
27 27 6 60
27 27 6 0 0 60
26 28 6 0 0 0 0 60
25 29 6 0 0 0 0 0 60
25 27 7 1 0 0 0 60
26 26 8 0 0 0 60
28 26 6 0 60
25 29 6 0 60
28 23 9 60
24 28 7 1 60
25 26 7 1 0 0 1 60
27 28 4 0 1 0 0 60
27 29 3 0 1 0 0 0 0 60
28 28 0 3 1 0 0 0 0 0 0 0 60
27 28 0 4 0 0 0 0 1 0 0 60
25 30 2 3 0 0 0 0 0 0 0 60
30 25 2 3 0 0 60
28 27 3 2 0 0 0 60
28 27 2 3 0 0 0 60
28 27 3 2 0 0 0 0 0 60
26 29 2 2 1 0 0 60
28 27 1 3 1 0 0 0 60
28 27 2 2 1 0 0 0 0 0 60
26 27 2 4 1 60
26 30 1 1 2 0 0 60
27 28 2 0 3 60
28 27 3 0 2 60
27 28 3 2 0 0 60
27 28 3 2 0 0 60
29 27 3 1 60
27 28 2 3 0 0 0 60
28 27 3 2 60
27 28 3 2 0 0 0 0 60
27 28 3 2 0 60
26 30 2 2 0 60
27 29 1 3 60
29 27 2 2 0 60
28 28 2 2 0 0 0 0 60
29 27 1 3 0 60
30 26 1 3 0 0 0 60
27 28 3 2 60
28 26 3 3 0 0 60
27 27 2 3 1 60
27 26 3 2 1 1 0 0 0 0 0 0 0 60
25 27 3 2 1 1 0 0 1 0 0 60
26 28 3 2 0 0 0 1 0 0 0 0 60
27 27 3 2 0 0 0 0 1 60
25 27 3 2 0 0 1 0 2 0 60
27 25 3 2 0 0 3 0 0 0 60
28 24 3 2 0 0 3 0 0 0 0 0 60
29 24 3 0 0 0 4 0 0 60
30 23 3 1 0 0 3 60
31 22 4 1 0 0 2 0 0 0 0 0 60
28 24 4 3 0 1 0 0 0 0 0 0 0 60
26 25 6 3 0 0 0 0 60
23 26 8 3 0 0 60
24 24 8 4 0 0 0 0 0 0 0 0 0 60
24 23 9 3 1 60
24 25 7 3 1 60
24 25 7 2 1 0 0 0 0 0 1 0 0 0 0 60
23 26 7 0 2 1 0 1 0 0 0 0 0 0 0 0 60
22 27 0 7 3 0 0 0 1 0 0 60
22 28 0 6 4 0 0 0 0 0 0 0 60
23 27 6 0 4 0 0 0 0 0 0 0 60
23 27 0 4 6 0 60
23 27 4 6 0 60
23 27 6 4 60
23 27 6 4 0 60
23 27 6 4 0 0 0 0 0 60
21 27 7 5 0 0 0 0 0 0 60
18 28 7 7 0 0 0 0 0 0 0 0 60
28 20 7 5 0 0 0 0 0 0 0 0 0 60
28 22 7 3 0 0 0 60
28 24 5 3 0 0 0 60
29 24 5 2 0 0 0 0 0 0 0 0 0 0 0 0 0 0 60
29 25 2 4 0 0 60
29 24 1 4 2 60
28 26 1 3 2 0 60
26 28 0 3 3 0 60
27 27 0 4 2 60
27 25 5 1 2 0 0 60
27 23 8 2 0 0 0 0 0 0 0 60
24 24 10 2 60
25 21 13 1 60
26 25 8 1 0 0 0 60
28 25 7 0 60
28 26 6 60
29 5 26 60
25 5 29 0 0 1 0 0 60
26 28 5 0 0 1 0 60
26 29 5 0 0 60
29 24 7 0 60
29 24 7 0 0 0 0 0 0 0 0 60
24 28 8 0 0 0 0 0 0 0 60
25 28 7 0 60
26 28 6 60
26 28 6 60
28 26 6 0 60
26 28 6 0 0 60
28 25 7 0 60
28 25 7 0 60
28 26 6 60
28 26 6 0 60
25 27 8 0 60
26 27 7 60
25 27 8 0 0 0 60
28 24 8 0 0 0 0 0 0 0 60
25 27 8 0 0 60
27 26 7 0 60
26 27 7 0 60
27 27 6 0 60
28 26 5 1 0 0 0 0 60
27 27 5 1 60
27 26 6 1 0 0 0 0 60
28 24 8 0 60
28 23 9 0 0 60
27 25 8 0 0 0 0 60
28 21 10 1 0 0 60
28 24 8 0 0 0 0 0 0 0 0 0 0 60
27 28 5 0 0 0 0 0 0 60
28 27 5 0 0 60
27 28 5 0 60
28 27 5 0 0 0 0 60
28 27 5 0 0 0 0 0 0 60
28 26 6 0 0 0 60
27 27 6 0 0 0 0 60
27 27 6 0 0 0 0 60
26 26 8 0 0 0 0 0 0 60
27 25 8 60
25 28 7 0 0 60
25 9 26 0 0 0 60
9 25 26 0 0 0 0 60
26 6 28 0 0 0 0 0 0 0 60
25 29 6 60
27 27 6 0 0 0 0 60
27 27 6 0 0 60
27 27 5 0 0 0 1 60
27 26 7 0 0 0 0 60
27 26 7 0 0 60
25 27 8 0 60
25 27 8 60
25 27 8 60
25 26 9 0 60
26 26 8 0 0 60
26 27 7 60
25 27 8 60
26 27 7 60
27 28 5 60
27 27 6 60
27 28 5 0 0 60
28 27 5 0 60
27 28 5 0 0 60
28 27 5 0 0 0 60
27 28 5 60
28 5 27 0 60
27 28 5 60
26 29 5 0 0 60
26 29 5 60
28 26 6 0 60
29 25 6 0 0 0 0 0 60
27 27 6 60
26 28 6 0 0 60
27 26 7 0 0 60
26 26 8 0 60
25 27 8 0 60
28 26 5 1 0 60
28 26 1 5 60
27 24 2 6 1 60
28 24 2 6 0 0 0 60
26 27 6 0 0 1 0 60
26 27 6 0 1 0 0 0 0 0 0 60
27 27 5 1 0 0 0 0 60
27 28 5 0 0 60
23 31 6 0 0 0 60
25 28 7 0 60
27 24 9 60
29 22 9 0 60
28 24 7 1 0 60
27 25 8 0 0 0 0 0 60
25 27 7 1 0 0 0 0 0 60
25 26 8 1 0 0 60
28 28 3 1 60
28 27 4 1 0 60
29 26 4 1 0 0 60
28 28 4 0 0 0 0 0 0 60
28 26 5 1 0 0 60
28 27 5 0 0 60
27 28 5 0 0 0 0 0 0 0 60
29 27 4 0 0 0 0 60
28 28 4 60
29 28 3 0 60
27 30 3 60
27 30 3 60
28 27 5 0 60
28 27 5 0 60
26 28 6 0 0 0 0 0 60
25 26 9 60
25 27 8 60
27 26 7 0 60
26 7 27 60
10 25 25 0 0 0 60
24 10 26 0 0 0 60
26 26 8 60
26 26 8 0 0 60
25 26 9 60
27 25 8 0 0 0 0 0 0 60
28 25 7 0 60
31 23 6 0 60
28 23 9 0 60
28 24 8 0 0 60
26 27 7 0 0 60
26 27 7 60
27 26 7 60
27 26 7 60
29 26 5 60
28 28 4 0 0 60
28 28 4 0 60
28 28 4 0 60
29 27 4 0 60
28 28 4 60
29 27 4 0 60
29 27 4 60
28 28 4 60
28 28 3 1 60
28 28 4 0 60
28 28 4 60
28 28 4 0 0 60
28 28 4 0 0 60
28 28 4 0 0 0 0 60
29 27 4 0 0 60
29 27 4 0 0 60
28 27 3 1 0 0 1 0 0 0 0 0 0 0 60
27 27 5 0 0 0 1 0 60
27 27 5 0 0 0 1 60
27 27 4 1 0 1 0 60
29 24 4 2 0 1 60
29 25 1 4 0 1 0 60
30 25 1 4 0 0 0 60
29 25 4 2 60
29 26 0 5 60
30 26 4 60
28 28 4 60
28 28 4 60
28 28 4 60
28 28 4 0 0 0 60
29 27 4 0 0 0 60
27 29 4 0 60
27 29 4 0 60
28 28 4 0 0 60
27 29 4 60
27 29 4 60
28 28 4 0 60
28 28 4 60
28 28 4 0 0 0 0 0 0 60
29 27 4 60
25 30 5 0 0 60
26 29 5 0 60
29 26 5 0 60
29 27 4 60
29 27 4 60
29 27 4 0 0 60
27 29 4 0 0 0 0 60
27 29 4 0 0 60
30 26 4 60
30 26 4 60
27 29 4 60
28 28 4 0 0 60
28 27 5 60
27 28 5 60
26 28 6 0 0 0 60
27 26 6 1 60
29 5 26 0 60
28 28 4 0 60
27 28 5 60
26 26 8 0 0 60
25 28 7 0 60
28 26 6 60
27 28 5 0 0 0 0 0 0 60
27 28 5 0 0 60
27 28 5 0 60
27 28 4 1 0 60
27 27 4 2 0 60
27 27 4 2 60
26 28 4 2 0 0 0 60
26 29 3 2 0 0 0 0 60
29 25 3 3 0 0 0 0 0 0 0 0 0 60
28 26 4 1 0 0 0 0 1 60
27 26 5 1 0 0 0 0 1 60
28 25 5 1 0 0 0 1 0 60
30 24 4 2 0 0 0 0 60
25 28 5 2 60
25 28 5 2 0 0 0 60
25 28 5 2 0 60
26 26 6 2 0 0 60
25 26 6 3 60
23 26 8 3 0 60
25 27 6 2 60
27 26 6 1 60
29 25 5 1 0 0 0 0 0 60
27 25 0 8 0 0 0 60
25 24 11 0 0 0 0 0 60
26 8 26 0 0 0 0 0 0 0 0 0 60
6 26 27 1 0 0 60
7 26 26 1 0 0 60
7 27 26 0 0 0 60
5 27 28 0 0 0 60
6 26 28 0 0 0 0 60
26 6 28 0 0 0 0 60
6 26 28 60
6 28 26 0 0 60
6 28 26 0 0 60
6 25 29 0 0 0 0 0 0 60
25 9 26 60
27 23 10 60
27 25 8 0 60
26 27 6 0 0 1 60
27 27 6 0 0 0 0 60
26 27 6 1 0 0 0 0 0 60
24 28 6 1 1 0 0 0 0 0 0 60
26 27 6 1 0 0 0 60
26 26 7 1 0 0 0 60
26 27 5 2 0 0 0 0 0 0 0 0 60
26 27 2 5 0 0 60
26 28 5 1 0 60
26 26 6 2 60
26 26 6 2 0 0 0 60
27 24 7 2 0 0 0 60
26 26 7 1 0 0 0 60
26 26 7 1 60
26 7 27 0 0 0 0 0 0 60
25 8 26 1 0 0 0 0 0 0 0 0 0 60
25 7 28 0 60
24 8 28 0 0 60
9 22 29 60
7 30 23 60
30 7 23 0 0 0 60
31 5 24 60
30 3 27 0 0 60
28 27 5 60
28 27 5 60
27 29 4 60
28 28 4 0 0 60
29 27 4 60
27 28 5 60
28 27 5 0 0 60
29 26 5 0 0 60
28 27 5 0 0 0 60
27 28 5 60
26 27 7 0 0 60
26 26 8 60
27 26 7 60
27 25 8 60
26 26 8 0 0 0 60
26 27 7 60
28 26 6 60
26 27 7 0 0 0 60
28 25 7 0 60
27 27 6 0 0 60
27 27 5 0 1 0 60
26 27 6 1 60
27 26 5 2 0 0 60
26 28 4 2 0 0 60
27 27 1 5 0 0 60
28 26 1 5 60
28 24 2 6 0 0 60
28 24 5 3 60
28 25 7 0 0 0 0 0 0 60
24 29 7 60
26 26 8 60
26 28 6 0 60
27 26 7 0 60
26 28 6 0 60
27 27 6 60
27 27 6 0 60
26 27 7 60
27 27 6 0 0 0 60
27 26 7 60
27 27 6 0 0 60
26 27 7 60
27 27 5 1 0 0 0 60
26 27 7 0 0 0 0 60
27 26 7 0 60
26 26 8 0 60
26 26 8 0 0 0 60
26 26 8 0 0 60
25 27 8 0 0 0 0 60
26 26 7 0 0 1 0 60
26 27 6 0 0 1 0 60
27 27 5 0 0 1 60
27 27 5 0 0 1 0 0 0 0 0 60
26 28 4 0 0 2 60
27 27 1 2 3 0 60
28 26 0 1 5 60
26 28 0 0 6 0 0 0 60
26 28 0 6 0 0 60
27 27 6 0 0 60
28 26 6 0 0 0 0 0 0 0 60
29 25 6 0 0 0 60
28 27 5 60
28 27 5 60
28 28 4 60
27 29 4 0 60
27 29 4 0 60
28 27 5 60
26 29 5 0 0 0 0 60
29 26 5 60
29 26 5 60
27 27 6 60
25 29 6 60
29 26 5 60
28 26 6 0 60
26 28 6 60
26 28 6 60
26 26 8 60
25 27 8 0 0 0 0 60
25 27 8 60
26 27 7 0 0 60
24 26 10 60
26 26 8 0 60
26 27 6 0 0 1 0 0 0 0 60
25 28 6 1 0 0 60
25 28 6 1 0 60
28 26 5 1 60
27 27 5 0 1 0 0 60
27 27 0 4 2 0 60
26 28 4 0 2 0 0 0 60
26 27 5 0 2 60
25 28 5 0 2 0 0 60
29 24 5 0 2 60
28 25 4 3 0 0 0 0 60
29 23 3 5 0 60
27 26 3 4 60
29 25 4 2 0 0 0 60
28 26 3 1 0 0 0 0 0 2 0 60
27 26 1 4 0 0 0 0 0 2 0 0 0 0 60
27 27 0 3 2 0 0 1 0 0 0 0 0 0 0 0 60
27 26 1 4 2 0 0 0 0 0 0 0 0 60
27 27 0 4 0 0 2 0 0 0 0 60
27 27 0 5 0 1 0 0 60
27 27 0 5 1 0 0 0 0 0 60
27 26 6 0 1 0 60
27 26 6 0 1 0 0 0 0 0 0 0 60
28 26 4 0 1 0 0 1 0 0 0 60
27 27 4 0 0 1 0 1 0 0 0 60
26 28 4 0 0 1 0 0 0 1 0 0 0 0 0 0 60
25 27 5 0 0 1 0 1 0 1 60
25 27 0 4 0 1 1 0 1 1 0 0 0 0 0 0 0 0 0 0 0 60
25 27 0 4 0 0 1 1 1 0 0 0 0 0 0 0 0 1 0 0 0 0 0 60
26 25 0 4 1 1 0 0 2 1 0 0 0 0 0 0 0 0 0 0 0 0 0 0 0 0 0 0 0 0 0 0 0 60
25 26 0 5 1 0 0 2 0 1 0 0 0 0 0 0 0 60
25 26 0 3 0 4 0 2 0 0 0 60
26 25 3 0 1 1 1 3 0 0 60
27 24 5 0 0 2 1 1 0 0 60
27 24 5 0 1 1 2 0 0 0 0 60
26 26 4 2 0 1 1 0 0 0 60
26 26 4 0 3 0 1 60
26 4 27 0 3 0 0 60
25 27 4 4 0 0 60
27 25 4 4 0 0 0 60
27 25 3 4 0 0 0 1 0 0 60
25 27 3 4 0 0 0 1 0 60
26 26 4 3 0 0 1 60
27 27 4 2 0 0 0 60
27 27 4 2 0 60
27 27 2 4 0 0 0 60
27 27 4 2 0 0 0 60
27 27 3 3 60
28 26 4 2 60
26 27 5 2 0 0 0 0 0 60
28 25 5 2 0 60
25 29 5 1 0 0 0 0 0 60
26 28 5 1 0 0 0 0 0 0 60
26 26 8 0 0 60
26 26 8 60
26 26 8 0 60
26 26 8 60
27 26 7 60
26 27 7 60
26 27 7 0 0 60
25 28 7 60
26 26 8 0 60
26 25 9 60
27 26 7 60
27 27 6 60
27 27 6 60
26 28 6 60
26 28 6 60
24 30 6 0 60
31 23 6 60
31 23 6 0 60
30 24 6 0 0 0 60
28 25 7 60
27 26 7 0 0 60
27 25 8 0 60
27 25 8 0 60
26 26 7 0 1 60
25 28 7 0 60
26 27 7 0 60
28 25 7 60
28 26 6 60
27 28 5 60
27 27 6 60
28 27 5 60
29 26 5 0 0 60
26 28 5 1 0 0 60
25 27 6 2 0 60
26 26 6 2 60
26 26 6 2 60
27 25 6 2 0 0 60
27 25 6 2 0 0 0 60
27 25 5 2 1 0 0 60
27 24 5 2 2 60
27 25 4 3 1 60
27 26 4 2 1 0 0 60
28 25 2 2 2 0 0 1 0 0 60
26 27 2 3 2 0 0 0 60
26 27 5 0 2 0 0 0 0 60
26 26 6 2 0 0 0 0 0 0 60
27 26 5 2 60
28 25 5 2 60
26 27 5 2 0 0 60
27 27 3 2 1 0 0 60
27 28 2 3 0 0 0 0 60
25 29 2 3 1 60
26 28 2 3 1 0 0 0 0 0 0 60
28 26 2 3 1 0 0 0 0 0 0 60
26 29 2 3 0 0 0 0 0 60
26 29 2 3 0 0 0 0 0 0 0 60
27 28 2 3 0 0 0 60
25 29 2 3 0 1 0 0 0 60
27 27 2 2 0 1 0 1 0 0 0 60
26 27 2 0 3 1 0 1 60
27 25 2 0 3 0 2 1 0 0 0 0 0 0 0 0 0 60
25 27 2 0 4 0 1 1 0 0 0 0 0 0 0 0 60
25 28 3 0 1 1 2 0 0 0 0 0 0 0 0 0 0 0 0 0 60
25 28 4 0 1 1 1 0 0 0 0 0 0 60
26 27 4 0 1 2 0 0 60
27 27 4 0 0 2 0 0 0 0 0 0 0 0 0 0 0 60
27 27 4 0 2 0 0 0 0 0 0 0 0 0 0 0 0 0 0 0 0 0 0 0 0 0 0 0 0 60
26 28 4 0 2 0 0 0 0 0 0 0 0 0 0 60
24 29 5 2 0 0 0 0 60
27 26 5 2 60
26 27 5 2 0 0 0 0 60
28 27 4 1 0 0 0 0 0 60
27 28 4 1 0 60
25 31 4 0 60
27 28 5 60
31 24 5 60
30 24 4 2 60
24 29 5 2 0 60
23 29 6 2 60
29 24 6 1 60
24 28 8 0 0 0 0 60
26 28 6 60
26 28 6 0 0 60
26 29 5 60
26 29 5 60
27 29 4 60
27 28 5 60
27 28 5 60
27 28 5 0 0 60
28 27 4 0 0 1 0 0 60
27 28 3 1 0 1 0 0 0 60
27 28 1 1 3 60
29 26 3 0 2 60
29 24 7 0 0 0 0 0 0 60
26 29 5 0 0 60
26 29 5 0 0 0 60
25 30 5 60
28 27 5 60
27 27 6 0 60
27 27 6 60
27 26 7 0 60
26 28 6 60
26 27 7 0 0 60
25 27 6 0 0 1 0 0 0 1 0 0 60
26 26 6 0 0 0 1 0 0 1 0 0 0 0 0 0 60
27 26 6 1 0 0 0 0 0 0 0 0 60
28 27 5 0 0 0 0 0 60
27 29 4 0 0 0 0 0 0 0 0 60
29 27 4 0 0 0 0 0 0 0 60
28 28 4 0 0 0 60
28 28 4 0 0 0 0 0 0 0 0 0 0 60
28 28 4 0 0 0 60
28 27 5 0 0 60
29 25 6 60
25 29 6 60
28 26 6 60
28 26 6 0 0 0 0 0 0 0 0 0 0 60
26 28 6 60
28 27 5 0 60
27 26 6 1 60
27 26 6 1 0 60
27 27 5 1 60
27 27 5 1 60
26 28 5 1 0 0 0 60
27 26 6 1 60
26 27 6 1 60
27 24 8 0 1 60
27 24 8 1 0 0 0 60
25 25 8 1 0 0 0 1 60
25 8 25 2 0 0 0 0 60
26 7 25 2 60
28 7 23 2 0 0 0 60
7 26 25 2 0 60
26 4 27 2 1 0 0 60
26 26 4 4 0 0 0 0 0 0 0 0 0 0 0 0 60
26 26 4 4 0 0 0 0 0 0 60
26 26 4 4 60
28 25 6 1 0 60
26 26 7 1 0 0 0 0 0 0 60
25 27 7 1 0 60
26 27 6 1 60
27 26 5 1 0 0 1 0 60
26 27 5 1 0 1 0 0 0 60
25 27 6 1 0 1 60
24 28 4 0 3 1 60
24 28 3 4 0 1 60
27 27 4 1 0 1 0 0 0 60
27 27 4 0 2 0 60
27 27 4 1 1 0 0 0 60
27 27 4 1 1 60
28 25 2 4 1 0 60
28 27 0 4 1 0 0 60
28 27 0 1 4 0 0 0 0 0 0 0 60
28 27 0 0 4 0 0 0 1 0 0 0 0 0 0 0 0 0 60
25 28 0 1 3 0 1 2 0 0 0 0 0 0 0 60
27 27 0 1 0 3 1 1 0 0 60
25 29 0 1 0 0 4 1 0 0 0 0 0 0 0 0 60
26 28 0 0 1 0 4 0 0 0 1 0 0 0 0 0 0 60
27 27 0 0 0 5 1 0 0 0 0 60
26 27 1 0 0 1 4 0 0 1 60
27 27 0 1 0 4 1 0 0 0 0 0 0 0 0 0 0 0 0 0 0 0 0 0 0 0 0 0 60
27 28 0 0 0 4 1 0 0 0 0 60
28 27 0 0 1 4 0 0 0 0 0 0 0 0 0 0 0 0 60
28 27 0 0 4 1 0 0 0 0 0 0 60
29 27 0 3 1 0 0 0 0 0 0 0 60
28 27 0 1 4 0 0 60
28 27 1 0 4 0 60
27 28 0 4 0 1 0 0 60
27 27 0 6 0 0 0 0 60
29 0 26 5 0 0 60
0 25 29 6 0 0 0 0 0 0 0 0 60
2 27 25 6 0 0 0 60
2 24 28 6 60
25 1 26 8 0 60
2 24 26 8 0 0 0 60
4 27 24 5 0 60
27 4 25 4 60
27 25 4 4 0 60
27 25 4 4 0 0 60
25 28 3 4 0 60
27 27 4 2 60
27 27 4 2 0 60
27 27 4 2 0 60
28 26 4 2 0 60
27 27 4 2 60
26 27 3 4 60
27 26 3 4 60
27 26 3 4 0 0 60
27 26 3 4 0 60
27 26 4 3 60
26 27 4 3 0 60
27 26 4 3 0 60
28 26 4 2 60
28 26 4 2 0 0 0 60
27 26 5 2 0 60
28 26 4 2 60
27 25 4 4 0 60
26 26 4 4 60
25 26 5 4 60
27 25 4 4 0 0 0 0 0 0 60
27 26 4 3 0 60
27 26 2 4 1 0 0 60
24 28 2 4 1 0 1 60
27 27 4 1 0 1 0 0 0 0 60
27 25 6 0 1 1 0 0 60
27 25 6 1 0 0 1 0 0 0 0 0 0 0 60
27 25 6 0 0 0 2 60
26 28 4 0 0 2 0 0 60
27 27 3 1 1 1 0 0 0 0 0 0 0 60
27 27 1 1 3 0 0 0 0 1 0 0 0 0 0 0 0 0 60
28 27 0 1 3 0 1 0 0 0 0 0 0 0 60
28 27 0 1 3 1 0 0 0 0 0 60
26 29 0 3 1 1 0 0 0 0 0 0 60
26 28 0 3 0 2 1 0 0 60
26 28 0 4 0 0 2 0 0 60
26 0 28 4 0 2 0 0 0 60
28 0 26 4 2 0 0 0 0 0 60
28 0 26 4 0 0 0 2 0 0 0 60
28 26 0 4 0 1 0 1 0 0 60
27 27 0 4 0 1 1 0 0 0 0 0 0 0 0 0 0 0 60
28 25 0 4 1 2 0 0 0 0 0 60
24 29 0 4 1 2 0 0 0 60
26 27 0 4 2 1 0 0 0 60
28 25 1 4 2 0 0 0 0 60
27 25 3 1 4 0 0 0 0 0 0 0 60
26 25 1 3 4 0 0 0 0 0 0 0 1 60
25 25 1 2 6 0 1 0 0 0 0 0 0 0 0 0 0 0 0 0 0 60
28 23 2 4 1 1 1 0 0 0 0 0 0 0 60
27 24 3 0 4 1 1 0 60
27 27 2 4 0 0 0 0 60
26 26 4 4 60
27 25 3 5 60
26 25 4 5 60
26 26 5 3 0 0 0 60
26 25 5 4 0 0 60
25 25 5 5 60
23 26 5 6 60
24 27 4 5 0 0 60
26 24 5 5 60
27 21 6 6 60
26 24 5 3 2 0 60
26 26 4 0 4 60
27 26 3 0 4 0 0 0 60
27 26 3 0 4 60
28 25 3 0 4 0 0 0 0 60
27 25 2 6 0 0 60
27 24 2 7 0 0 0 60
27 25 6 2 0 0 0 0 0 0 0 0 60
26 24 6 4 0 0 0 0 0 0 0 0 0 0 0 0 60
25 25 6 4 0 0 60
25 25 3 7 0 60
24 26 8 2 0 60
24 27 8 1 0 60
25 25 8 2 60
27 24 8 1 0 0 0 0 0 60
25 25 9 1 0 0 0 60
25 25 10 0 0 0 0 0 0 0 0 60
25 25 10 0 60
26 24 10 0 0 60
27 26 7 0 0 0 0 0 60
25 26 7 2 60
24 27 7 2 60
26 27 4 3 60
26 27 3 4 0 0 60
26 27 4 3 0 0 0 60
26 26 3 5 60
25 27 5 3 60
25 27 3 5 0 0 60
23 27 5 5 0 60
24 26 6 4 0 60
24 26 3 7 60
25 25 3 7 0 60
24 26 2 8 0 60
25 27 3 5 60
24 28 6 2 60
25 27 6 2 60
25 25 7 3 0 0 0 0 60
28 24 6 2 0 60
28 25 6 1 60
28 27 5 0 60
28 26 6 0 0 60
28 26 5 1 60
28 26 5 1 0 0 60
27 27 4 2 60
26 26 5 3 0 60
26 26 3 5 60
26 25 7 2 0 0 0 0 60
26 27 5 2 0 0 60
26 27 5 2 0 0 60
26 27 5 2 0 0 60
27 27 4 2 60
27 27 4 2 60
27 27 5 1 60
26 28 2 4 0 0 60
26 28 4 1 0 1 0 0 0 0 0 60
26 28 5 1 0 0 0 0 0 60
28 26 6 0 0 0 0 0 60
28 26 5 0 1 0 0 0 0 0 60
28 25 5 0 2 60
28 24 7 0 0 0 1 0 0 0 60
27 26 7 0 0 0 0 60
26 28 6 0 0 60
30 25 5 0 0 60
30 25 5 60
30 26 4 60
29 26 5 60
29 26 5 60
27 28 5 0 0 0 60
27 27 6 0 0 0 60
29 27 4 60
29 28 3 0 0 60
29 27 4 0 60
29 27 4 60
27 29 4 60
29 27 4 0 0 60
28 28 4 0 60
26 27 7 0 0 0 0 60
26 27 7 60
27 27 6 60
26 28 5 0 0 1 60
25 28 6 0 0 1 0 0 60
25 28 6 0 0 1 0 60
26 26 8 0 0 0 60
26 24 10 60
26 25 9 0 0 60
26 6 28 0 0 0 0 0 60
26 7 27 0 0 0 60
27 26 7 0 0 0 0 0 0 0 0 0 60
26 27 7 0 0 60
26 27 7 0 0 60
26 27 7 60
25 26 9 60
27 25 8 0 0 0 60
24 27 9 60
24 26 9 1 0 0 60
28 25 5 2 60
25 27 6 2 60
25 28 5 2 60
25 27 6 2 0 60
28 22 7 3 60
24 28 7 1 60
23 29 6 2 60
25 28 6 1 60
25 26 8 1 0 60
25 24 10 1 60
21 30 7 2 0 0 60
22 27 9 2 60
27 22 8 3 60
23 27 8 2 60
25 26 7 2 60
24 26 8 2 60
24 24 10 2 60
28 25 5 2 0 0 60
24 29 5 2 0 60
24 30 5 1 0 0 0 0 0 0 0 60
29 25 6 0 0 60
24 30 6 0 0 0 0 60
31 24 5 0 0 60
31 5 24 0 0 60
27 8 25 0 0 0 0 60
27 27 6 0 60
27 27 6 0 60
27 26 7 60
25 28 7 60
28 25 7 60
28 26 4 2 0 60
27 28 4 1 0 60
29 25 5 1 60
29 27 3 1 60
29 27 2 2 60
29 27 3 1 60
27 29 3 1 60
29 27 3 1 60
28 27 2 3 0 0 60
27 28 2 3 60
27 28 2 3 60
28 27 2 3 0 0 60
27 28 3 2 0 0 0 60
27 27 1 4 1 0 0 0 0 0 60
28 26 4 0 0 0 1 0 1 0 0 60
28 26 4 0 0 0 2 0 0 0 0 0 0 0 60
27 26 5 0 0 0 2 0 0 0 0 60
27 26 5 0 0 2 0 0 0 60
26 28 4 0 0 2 60
27 27 4 0 2 0 60
28 25 5 0 2 0 60
29 25 4 1 1 0 0 0 60
29 25 2 3 1 0 60
28 26 4 1 1 0 0 0 60
26 28 4 1 1 0 0 60
26 28 4 1 1 0 0 60
26 28 4 1 1 0 60
25 28 4 2 1 60
26 27 5 1 1 60
26 27 4 2 1 0 60
26 28 4 2 0 60
27 27 4 2 60
28 26 4 2 60
27 27 4 2 60
27 26 5 2 60
27 27 4 2 0 60
27 27 2 4 0 0 0 0 0 0 60
28 26 2 4 0 0 0 0 0 0 0 60
26 28 2 4 0 0 0 0 0 60
27 27 4 2 0 0 0 0 0 0 0 0 0 60
26 27 5 2 0 60
26 27 5 2 60
28 25 5 2 0 0 0 60
28 25 5 2 0 0 0 60
24 29 6 1 0 60
29 24 6 1 0 0 0 0 60
28 25 6 1 0 60
25 26 8 0 1 60
23 27 10 0 0 0 0 60
23 27 10 0 0 60
26 25 8 1 0 60
24 27 9 0 0 0 0 0 0 0 0 60
26 27 7 0 0 0 0 0 0 60
28 27 5 0 60
28 27 5 60
27 28 5 60
27 27 6 60
27 26 7 0 60
28 24 8 60
24 30 6 60
24 30 6 60
25 30 5 60
27 28 5 60
29 27 4 0 0 0 0 60
31 26 3 60
31 25 4 60
31 25 4 60
31 25 4 0 0 60
26 31 3 0 60
33 24 3 0 60
26 32 2 60
27 31 2 60
32 27 1 60
31 28 1 0 60
31 28 1 60
27 32 1 0 0 60
28 30 2 0 60
28 29 3 60
26 32 2 60
26 32 2 60
32 26 2 60
31 26 3 60
26 31 3 60
31 27 2 60
27 31 2 0 60
26 32 2 0 60
30 25 5 0 0 60
30 24 6 60
29 25 6 60
28 27 5 0 0 0 0 60
28 27 5 60
28 27 5 0 60
30 25 5 60
27 28 5 0 60
26 29 5 60
28 25 7 60
27 26 7 60
26 9 25 60
27 8 25 0 0 60
24 10 26 60
27 9 24 60
24 27 9 60
23 28 8 1 0 60
26 24 10 0 0 60
24 27 9 60
26 28 6 60
25 29 6 0 0 60
26 27 7 60
26 29 5 0 60
28 28 4 0 60
26 28 5 1 0 0 60
24 28 7 1 0 0 60
24 29 6 1 0 60
27 26 6 1 0 60
26 28 6 0 0 0 60
26 27 7 0 0 0 0 60
26 27 7 0 60
28 25 7 0 0 0 0 60
23 26 11 0 0 0 60
22 27 11 0 0 60
27 24 9 60
27 23 9 1 60
26 26 7 1 0 0 0 60
25 26 8 0 1 0 0 60
25 26 6 0 3 0 60
26 25 6 0 3 0 0 0 60
26 27 0 6 1 60
27 26 4 0 3 0 0 0 0 0 60
27 26 4 0 3 60
26 28 4 0 2 60
27 27 3 3 0 0 0 60
31 25 2 2 60
31 26 2 1 60
30 26 3 1 60
31 25 3 1 60
31 25 1 3 0 60
31 25 3 1 60
25 30 4 1 60
29 26 4 1 0 60
28 26 5 1 0 0 0 0 60
29 25 5 1 0 60
28 24 6 2 60
25 26 7 2 60
25 25 7 3 0 0 0 60
26 26 5 3 60
26 27 3 4 0 60
25 27 4 4 0 0 60
26 27 4 3 60
26 28 4 2 0 0 60
26 28 4 2 0 0 0 0 0 0 60
27 27 2 4 0 0 0 0 0 60
27 26 3 4 0 0 60
28 25 3 4 0 60
27 25 2 4 1 0 0 1 60
26 26 4 1 1 0 1 0 1 60
24 27 5 2 1 0 0 1 0 60
27 26 5 1 1 0 0 0 0 0 0 60
29 26 4 0 1 0 0 0 0 60
30 25 4 0 1 0 0 0 0 60
29 26 4 0 1 0 0 60
27 28 4 0 1 0 0 60
26 29 3 0 2 0 0 0 0 60
26 27 1 4 2 0 60
26 27 1 4 2 60
27 27 3 3 0 0 0 0 60
28 26 3 3 60
27 27 4 2 0 0 60
28 26 2 3 0 0 1 60
27 26 3 4 0 0 0 0 60
26 27 3 4 0 60
26 27 5 2 0 0 0 60
25 28 5 2 60
27 26 3 3 1 0 60
27 27 2 4 0 0 0 0 0 60
26 27 3 3 0 0 1 60
26 27 3 3 0 1 60
26 26 4 3 0 1 0 60
27 26 3 3 0 1 60
27 26 5 2 0 0 0 60
28 25 4 3 0 0 60
28 24 3 3 1 0 0 1 0 0 0 60
28 25 2 4 0 0 0 1 60
28 25 3 3 0 0 1 60
26 26 3 4 0 0 1 60
26 27 4 0 2 0 0 0 1 0 60
26 27 5 0 1 0 0 1 0 0 0 0 60
24 26 9 0 0 0 0 1 0 0 0 0 0 0 0 60
24 26 9 0 0 1 0 0 0 0 0 0 0 0 0 60
28 23 7 1 1 60
24 26 1 7 1 1 60
26 24 6 1 1 2 0 0 0 0 0 0 60
28 23 4 2 1 2 0 60
28 23 4 2 1 2 60
28 22 1 5 3 1 0 0 0 0 0 60
26 23 5 1 4 1 0 0 0 0 0 0 60
26 22 5 2 5 0 0 0 0 0 0 0 60
25 22 6 2 5 0 0 60
25 22 5 4 4 60
25 21 6 3 5 0 0 0 60
21 26 5 2 4 2 60
21 27 4 1 5 2 0 0 0 60
21 30 4 3 0 2 0 0 0 0 0 60
21 29 3 4 0 2 1 0 0 60
22 27 3 0 5 1 2 0 0 0 0 60
20 27 4 0 1 6 2 60
28 21 0 4 4 1 2 60
27 23 1 4 3 1 1 0 0 60
29 23 3 0 2 1 2 0 60
28 25 5 0 2 0 0 0 0 0 0 60
25 27 0 6 2 0 0 0 60
27 22 6 0 3 1 1 0 0 0 0 0 0 0 0 0 0 60
27 23 6 0 3 0 1 0 0 0 0 0 0 60
28 6 22 0 2 0 0 0 0 2 0 0 0 0 60
27 22 6 0 2 0 0 2 0 1 0 0 0 0 0 0 60
28 23 6 0 1 0 0 1 0 1 0 0 60
27 24 6 0 0 2 0 1 0 0 0 0 0 0 0 0 60
26 24 5 0 4 0 0 1 0 0 0 0 0 60
28 24 5 0 2 0 0 1 60
23 28 2 0 6 0 1 0 0 0 0 0 0 0 0 0 0 0 0 60
24 28 1 5 0 2 0 0 0 0 60
24 29 1 3 0 3 0 0 60
29 24 1 3 0 3 0 0 60
28 24 1 3 0 4 0 0 60
29 22 2 4 2 1 0 60
29 23 2 2 3 1 0 0 60
30 23 2 2 2 1 0 0 60
23 30 2 2 2 1 0 0 0 0 0 60
22 31 2 2 1 1 0 1 0 0 0 0 60
23 29 2 1 2 3 0 0 0 0 60
24 28 3 3 0 1 0 1 0 0 0 0 0 60
27 24 3 4 0 1 0 1 0 0 0 0 0 0 60
28 24 3 3 2 0 0 0 0 0 0 0 60
27 24 3 2 3 1 0 0 0 60
28 24 3 1 1 3 0 60
27 25 1 1 3 3 0 0 0 0 0 0 0 0 0 0 60
24 26 2 1 4 3 0 0 0 0 0 0 60
23 28 2 1 3 3 0 0 0 0 0 0 0 60
28 22 2 1 4 3 0 60
28 24 1 2 2 3 60
24 29 2 1 1 3 0 60
23 29 2 2 1 3 0 0 60
22 28 2 2 2 4 0 0 0 60
28 24 1 0 2 5 0 0 0 60
27 25 2 0 2 4 0 0 0 0 0 0 0 60
27 24 0 3 2 4 0 60
28 23 5 0 4 0 60
28 23 4 1 4 0 60
28 20 7 1 4 60
29 20 6 4 1 60
28 22 6 4 0 60
27 22 7 4 0 60
27 23 7 3 0 0 60
22 27 6 4 0 1 60
24 27 4 4 1 60
25 25 5 4 1 0 0 60
25 26 5 3 0 1 60
24 26 5 3 0 2 60
25 5 25 3 0 2 60
25 6 25 2 0 2 0 60
25 8 24 0 1 2 60
25 26 7 0 1 1 60
26 25 7 2 0 0 0 0 0 0 60
24 27 2 5 2 60
26 26 3 5 0 0 0 60
28 26 5 1 0 0 60
26 26 7 1 0 0 0 0 60
28 27 4 1 60
27 28 4 1 0 0 60
27 28 4 1 0 0 0 60
27 28 4 1 0 0 60
27 28 4 1 0 0 60
27 28 4 1 0 0 0 60
26 27 5 1 0 1 0 0 0 0 0 60
26 28 5 0 0 1 0 0 0 0 0 0 0 0 0 60
25 30 5 0 0 0 0 0 60
27 29 4 60
29 27 4 60
29 27 4 60
27 29 4 60
28 28 4 0 60
28 27 5 60
27 28 5 0 0 0 60
27 28 5 60
27 29 4 60
29 26 5 60
28 28 4 60
28 28 4 0 60
27 29 4 60
28 28 4 0 0 0 0 0 0 0 60
29 27 4 0 0 0 0 0 0 60
27 29 4 0 60
27 29 4 0 0 0 0 60
29 26 5 0 60
29 26 5 0 0 60
27 29 4 0 0 0 60
27 29 4 0 60
28 28 4 60
27 29 4 60
26 30 4 60
28 28 4 60
28 28 4 0 60
30 26 4 60
29 27 4 0 60
29 27 4 60
28 28 4 60
28 27 5 0 60
28 27 5 0 0 60
27 28 5 0 0 0 60
26 29 4 0 1 0 0 0 0 0 60
26 26 8 0 0 60
25 25 9 1 0 0 60
25 26 8 1 0 0 0 60
29 23 7 1 60
25 27 8 0 60
28 24 8 60
26 25 9 60
28 25 7 0 60
26 28 6 0 0 0 60
26 28 6 60
26 28 5 0 1 0 60
28 26 5 0 1 60
26 27 5 0 2 0 0 60
27 26 4 2 0 0 1 0 0 60
27 27 4 0 2 0 0 60
26 28 4 0 2 0 0 0 0 0 60
26 27 4 0 3 0 0 0 60
