60
5
180
Variable1
Variable2
Variable3
Variable4
Variable5
0
3 3 3 3 3
0 1 0 0 0 0
0 0 0 0 2 0
0 0 0 0 1 0
0 0 0 1 0 0
0 1 1 0 0 0
0 0 0 0 0 0
0 0 0 0 0 0
0 2 2 1 0 0
0 0 0 0 0 0
0 0 0 0 0 0
0 0 0 0 0 0
0 0 0 0 0 0
0 2 1 1 1 0
0 0 0 0 0 0
0 2 2 0 0 0
0 0 0 0 0 2
0 0 2 0 0 2
0 0 0 0 0 0
0 0 0 0 0 0
0 0 0 0 0 1
0 0 2 0 2 0
0 2 2 0 2 1
0 1 0 0 0 0
0 1 0 0 0 0
0 0 0 0 1 0
0 1 0 0 0 1
0 0 0 0 0 0
0 1 0 0 0 0
0 0 0 0 0 0
0 2 1 0 0 1
0 1 0 1 1 2
0 0 1 1 1 0
0 1 1 1 1 2
0 1 1 2 1 2
0 1 1 1 1 2
0 1 1 1 0 2
0 1 1 1 1 1
0 2 1 0 0 2
0 1 0 1 1 2
0 1 1 2 1 2
0 1 1 2 1 2
0 1 1 0 0 2
0 1 1 1 1 2
0 0 1 2 1 0
0 1 1 1 1 2
0 1 1 1 1 2
0 1 1 1 2 2
0 1 2 1 1 2
0 1 0 1 1 2
0 1 0 0 1 2
0 0 1 1 2 2
0 1 1 1 2 2
0 1 1 1 2 2
0 1 2 1 1 2
0 1 1 1 1 2
0 1 1 1 1 1
0 1 1 0 1 2
0 1 1 1 2 0
0 1 1 1 1 2
0 2 1 1 0 1
1 3
4 6
7 9
10 12
13 15
16 18
19 21
22 24
25 27
28 30
31 33
34 36
37 39
40 42
43 45
46 48
49 51
52 54
55 57
58 60
61 63
64 66
67 69
70 72
73 75
76 78
79 81
82 84
85 87
88 90
91 93
94 96
97 99
100 102
103 105
106 108
109 111
112 114
115 117
118 120
121 123
124 126
127 129
130 132
133 135
136 138
139 141
142 144
145 147
148 150
151 153
154 156
157 159
160 162
163 165
166 168
169 171
172 174
175 177
178 180
0 0.545969
2 -0.4004804
4 -0.1510296
0 0.5023466
2 -0.7620774
4 -1.593141
0 -0.07252167
2 1.15671
4 -0.6742847
0 2.539125
2 -0.5445442
4 -0.8005995
0 0.3375116
2 -1.237922
4 0.3252038
0 -0.2364481
2 -0.8956757
4 0.1251747
0 0.1461092
2 0.9367582
4 -1.187129
0 0.8518392
2 0.3413674
4 -2.850491
0 1.701495
2 -1.12484
4 -0.6242201
0 1.173994
2 0.2187755
4 0.1746509
0 0.6243978
2 0.3564475
4 -0.9522634
0 -0.06996045
2 1.261874
4 0.1184287
0 -0.06128287
2 -1.264298
4 0.1994174
0 0.8156969
2 -0.01672266
4 -1.050801
0 0.3902359
2 0.2782844
4 -0.364164
0 -0.2232085
2 0.1526788
4 0.630727
0 0.2179698
2 0.5928412
4 0.4051468
0 1.376809
2 -0.4295656
4 0.5652144
0 2.112705
2 -0.6332528
4 -0.8413916
0 1.246732
2 -1.112391
4 -0.2252236
0 0.760359
2 -0.1246231
4 0.0003978141
0 0.8597011
2 -0.6600479
4 -1.809855
0 1.765502
2 -0.4928198
4 0.352938
0 1.637243
2 0.7222554
4 -1.208276
0 1.151756
2 -0.8040229
4 -1.257804
0 0.4353914
2 -0.0772795
4 -1.101715
0 1.474701
2 -0.3847392
4 -0.7896136
0 1.052797
2 -0.694784
4 -0.21396
0 0.1901642
2 -0.8243419
4 -0.2585538
0 -0.4310084
2 -1.232898
4 -0.5520399
0 1.520511
2 -0.4280737
4 0.8350617
0 2.989223
2 -1.101042
4 0.544997
0 1.96317
2 -2.875701
4 -1.205472
0 1.550889
2 -0.21216
4 -2.914484
0 2.316539
2 -0.4024251
4 -1.04734
0 0.8491987
2 0.1424946
4 -0.7172215
0 0.2277141
2 0.7108141
4 -1.816157
0 1.226143
2 -0.4258015
4 -1.959328
0 1.256697
2 -1.584504
4 -1.438754
0 2.801905
2 0.121753
4 -0.6543587
0 1.977144
2 -0.8103682
4 -1.056044
0 1.843746
2 -1.767761
4 -1.170717
0 1.28604
2 -0.8904803
4 -0.6085833
0 2.169023
2 0.341033
4 -1.539278
0 2.138484
2 -0.2205386
4 -0.8252465
0 0.2013515
2 -0.4938358
4 -1.481034
0 1.939794
2 1.111992
4 -1.75364
0 2.129051
2 -1.060774
4 -1.388815
0 2.209078
2 -1.159055
4 -0.005251689
0 0.7105838
2 -0.2012986
4 -0.03283776
0 3.084782
2 -0.8112673
4 -1.147705
0 0.1470194
2 0.4026915
4 -0.4070848
0 0.9851954
2 -0.4969394
4 -0.8104019
0 2.727364
2 -0.143349
4 -2.525315
0 2.933475
2 -0.7746383
4 -2.369724
0 1.369024
2 -0.4212631
4 -0.9278023
0 1.93405
2 -1.750191
4 -0.9291446
0 2.178449
2 -1.295217
4 -1.645916
0 2.67818
2 -0.5960756
4 -1.336507
0 0.9334159
2 0.163275
4 -2.521959
