1.57902
0.584636
0.685055
0.685055
1.01424
2.08295
0.623579
0.623579
0.377524
0.377524
0.377524
0.377524
0.377524
0.377524
0.377524
0.377524
0.377524
0.377524
0.377524
0.515162
0.556758
0.556758
0.556758
0.451954
0.451954
0.82713
0.417778
0.488757
1.17829
1.17829
0.304942
0.304942
0.304942
0.475194
0.475194
0.475194
0.911033
0.911033
0.716068
0.592679
0.592679
0.592679
0.592679
0.927796
0.927796
0.927796
0.874338
0.874338
1.13726
1.13726
1.13726
1.13726
1.49031
0.60771
1.10148
1.10148
1.29673
1.29673
1.29673
1.29673
0.642583
0.640814
1.42896
0.685954
0.495579
0.495579
0.495579
0.495579
0.674485
0.674485
0.674485
0.674485
0.674485
0.674485
0.674485
0.674485
0.674485
0.674485
0.674485
0.713518
0.713518
0.713518
0.713518
0.713518
0.59093
0.627851
0.627851
0.150086
0.150086
1.38019
1.38019
1.38019
1.38019
1.38019
0.993389
0.993389
0.993389
1.26097
1.16039
0.980963
0.434397
0.434397
0.434397
0.434397
0.343366
0.778873
1.42081
1.42081
1.11961
1.11961
0.380126
0.380126
0.380126
0.529211
0.529211
0.529211
0.552892
0.602803
0.856966
0.856966
0.244839
0.244839
0.511781
1.02505
1.1294
1.1294
1.14111
1.12478
1.12478
1.37412
1.37412
1.37412
0.419443
0.419443
0.419443
0.419443
0.419443
0.419443
1.07219
0.526298
0.526298
0.526298
0.526298
0.345822
0.345822
0.543823
0.543823
0.543823
0.543823
0.543823
0.543823
0.543823
0.543823
1.0886
1.0886
1.0886
0.594832
1.80441
1.50404
1.40515
1.40515
1.40515
1.40515
1.97859
2.28652
2.47163
2.47163
2.47163
2.22085
2.22085
1.31441
1.31441
1.51731
1.51731
1.55156
1.55156
1.55156
1.55156
0.338168
1.34036
1.34036
1.34036
1.34036
1.34036
1.34036
1.34036
1.89938
1.89938
1.89938
1.89938
3.27291
2.44246
2.63493
2.63493
2.51587
2.24939
2.24939
1.32323
1.56998
2.70397
2.70397
2.70397
2.60498
2.18105
2.37975
0.9438
0.9438
0.9438
0.9438
0.338073
0.404023
0.404023
0.404023
0.337443
0.337443
1.73438
1.73438
1.73438
1.62755
1.17331
1.17331
1.27082
1.37402
0.728379
1.31904
1.09201
1.09201
1.82242
1.82242
2.11295
1.1822
0.884788
0.884788
0.884788
0.884788
0.884788
0.884788
0.884788
0.884788
0.884788
0.884788
0.930751
0.930751
1.64182
1.64182
1.64182
1.64182
0.445873
0.636296
0.636296
0.636296
0.636296
1.47966
0.612075
0.612075
1.40515
1.40515
1.40515
1.0955
1.0955
1.0955
1.4799
1.4799
1.4799
1.4799
1.69748
1.69748
1.69283
1.69283
1.69283
1.69283
0.244226
0.244226
0.244226
0.652784
0.652784
0.275756
0.275756
0.275756
0.275756
0.275756
0.628939
0.789218
0.789218
0.789218
1.03489
0.458881
0.357241
0.446487
0.446487
0.446487
0.446487
0.446487
0.274638
0.274638
0.402736
0.402736
0.402736
0.402736
0.402736
0.328473
0.328473
0.374237
1.15505
1.15505
1.15505
1.15505
0.890627
0.890627
0.127767
0.270767
0.790225
1.70037
1.70037
0.776968
0.776968
0.636086
0.636086
0.636086
1.0082
1.018
1.85644
1.85644
0.968409
0.968409
1.48371
0.68395
1.13193
1.13193
0.997728
0.997728
0.575059
0.575059
0.953658
1.05466
0.753078
0.412135
0.492056
0.632524
0.560062
0.560062
0.560062
0.301487
0.301487
1.58362
1.17481
0.388496
0.255146
0.255146
0.255146
0.255146
0.255146
0.255146
0.255146
0.255146
0.255146
0.310148
0.931905
0.931905
0.931905
0.931905
0.931905
0.931905
0.931905
0.931905
0.931905
0.931905
0.931905
1.2426
1.2426
1.2426
1.32134
1.32134
1.32134
1.32134
0.576773
0.576773
0.576773
0.815157
0.815157
0.877967
0.877967
0.877967
1.31714
1.39593
1.39593
1.39593
1.39593
1.39593
0.964338
0.964338
0.964338
0.525883
0.886487
0.886487
0.886487
0.827626
0.656197
0.656197
0.569087
0.569087
0.569087
0.569087
0.569087
0.569087
0.569087
1.13691
1.31302
1.29533
1.29533
1.29533
1.29533
1.45198
1.45198
1.45198
1.45198
1.45198
1.65378
1.65378
1.65378
1.35321
1.17332
1.38686
1.38686
1.38686
1.67787
1.82219
1.82219
1.82219
1.01507
1.70858
1.95726
1.95726
1.23232
0.700878
0.700878
1.13548
1.13548
1.17837
0.771575
0.429628
0.429628
0.429628
0.429628
0.429628
0.429628
0.429628
1.52699
1.52699
1.10124
1.10124
1.27705
1.27705
1.15383
0.451593
0.451593
0.390749
1.039
1.039
1.14513
1.14513
1.14513
1.14513
1.14513
1.14513
1.24962
1.24962
1.30595
1.30595
1.59622
1.59622
1.59622
1.48301
1.84313
1.84313
2.14632
2.14632
1.99506
1.55974
1.55974
1.55974
1.55974
1.55974
2.07058
1.05398
1.05398
1.05398
1.05398
1.05398
1.04698
0.833996
0.833996
0.627992
0.304502
1.00415
1.00415
0.957501
0.957501
0.957501
0.957501
0.957501
0.957501
0.957501
0.957501
0.632389
0.79303
0.978447
0.978447
0.978447
0.978447
1.0984
1.0984
1.0984
0.960532
0.960532
0.836429
0.928659
0.928659
0.928659
1.17209
1.49095
1.49095
1.49095
1.49095
1.5084
1.5084
1.5084
1.5084
1.2886
1.24962
1.24962
1.28731
1.28731
0.495493
0.794297
0.647373
0.647373
0.886208
0.886208
0.929753
0.982327
0.982327
0.810886
1.0411
1.0411
1.0411
1.08383
0.772406
1.65011
1.65011
0.802266
0.802266
0.802266
1.00337
1.00337
1.00337
0.903343
0.610615
0.610615
0.610615
0.489958
0.642964
1.22893
1.17558
1.14004
1.14004
0.487848
0.707122
0.428455
0.428455
0.428455
0.428455
1.86473
1.86473
1.05241
1.1043
0.265508
0.541064
0.290747
0.732331
0.732331
1.32024
1.32024
1.32024
0.710058
0.710058
0.978282
0.978282
0.978282
0.904098
0.904098
0.458038
0.969498
0.969498
1.34704
1.34704
1.06366
1.06366
1.06366
1.06366
1.06366
1.85224
2.87972
0.947847
0.947847
0.857977
0.857977
1.52363
1.07035
1.07035
1.07035
1.07035
0.51792
0.51792
0.51792
0.51792
0.51792
0.516938
0.516938
0.516938
0.516938
0.516938
0.516938
0.516938
0.516938
0.516938
0.516938
1.28175
1.28175
2.06754
2.06754
2.06754
2.22974
2.22974
2.22974
2.4867
2.4867
2.4867
2.59094
2.59094
2.58082
2.58082
2.58082
3.43579
3.43579
3.43579
3.43579
3.43579
3.43579
2.68826
3.22505
3.22505
0.456356
2.5741
2.5741
2.49372
2.49372
2.49372
1.66873
1.66873
1.66873
0.705892
0.518515
0.518515
0.518515
0.518515
0.491591
0.491591
0.491591
0.491591
0.509471
0.413575
0.606259
0.606259
0.606259
0.606259
0.606259
0.606259
0.543401
1.39089
1.39089
2.08604
2.08604
2.08604
0.748948
0.982631
1.37949
1.37949
1.37949
1.37949
1.37949
0.971607
0.971607
0.791589
0.791589
0.791589
0.76797
0.76797
0.76797
0.304346
0.304346
0.272214
0.272214
0.912925
0.912925
0.912925
0.336841
1.11779
1.11779
0.940723
0.940723
0.940723
0.940723
0.940723
0.940723
0.940723
0.647605
0.416265
0.416265
1.39817
1.39817
1.21499
1.21499
1.21499
0.920692
0.920692
0.920692
0.920692
0.652583
0.534804
0.534804
0.534804
0.087903
0.087903
0.087903
0.087903
0.116791
0.116791
0.116791
0.116791
0.116791
0.116791
0.116791
0.116791
0.195225
0.195225
0.195225
0.195225
0.271593
0.271593
0.271593
0.271593
0.413
0.41988
0.416052
0.416052
0.412944
0.412944
0.265051
0.265051
0.265051
0.320677
0.578745
0.374211
0.457225
0.457225
0.457225
0.784268
0.731859
0.837578
0.837578
1.07149
0.582143
1.14584
1.14584
0.519862
0.519862
0.259902
0.259902
0.259902
1.52059
0.925935
0.458095
0.499276
1.77877
1.77877
1.77877
1.77877
1.77877
0.673366
0.673366
0.673366
0.673366
0.673366
0.673366
0.643791
0.538775
0.538775
0.538775
0.538775
0.538775
0.837514
1.00614
1.00614
1.19601
1.19601
1.19601
1.19601
0.853562
0.853562
0.853562
0.853562
0.718187
0.804686
0.855683
0.855683
1.07229
0.837278
0.837278
0.837278
0.802262
0.802262
0.802262
0.802262
1.4248
1.02052
1.02052
1.02052
1.02052
1.02052
1.02052
1.02052
0.719088
0.719088
0.719088
0.719088
0.805785
0.805785
0.436209
0.436209
0.239371
0.338268
1.02287
1.02287
1.23404
1.23404
1.54393
1.54393
1.54393
1.54393
0.560999
0.560999
0.271109
0.370154
0.370154
1.27442
1.27442
1.27442
1.46228
1.46228
1.72786
1.12395
1.12395
1.12395
1.71152
1.71152
1.78684
1.78684
0.679843
0.679843
0.266232
1.02233
1.02233
1.70721
1.70721
1.70721
1.70721
1.10541
1.10541
0.923855
0.923855
0.923855
0.923855
0.923855
0.923855
0.710754
1.07575
1.07575
1.07575
1.07575
1.14459
1.18244
1.18244
1.07054
1.07054
1.07054
1.36564
1.07906
1.07906
1.07906
1.07906
1.07906
0.24738
0.381321
0.381321
1.01747
1.01747
0.851639
0.851639
0.851639
0.851639
0.804443
0.80344
0.80344
0.80344
0.776554
1.76562
1.76562
2.03715
1.22808
0.168436
0.545119
0.545119
0.545119
0.545119
0.545119
0.191997
0.191997
0.191997
1.08201
1.08201
1.16896
0.270517
0.270517
0.270517
1.01025
0.675594
0.675594
0.675594
0.675594
0.675594
0.675594
0.675594
1.19103
0.994094
0.833826
0.833826
0.833826
0.833826
0.833826
0.833826
1.19962
2.11018
2.46557
2.08421
0.318632
0.318632
0.317045
1.32633
0.610362
0.610362
0.610362
0.610362
0.610362
0.610362
0.610362
0.610362
0.502775
0.502775
0.122929
0.383381
0.383381
0.625275
0.625275
0.625275
0.54803
0.615079
0.615079
0.615079
0.615079
0.615079
0.615079
0.458473
0.458473
0.458473
0.458473
0.458473
0.654716
0.654716
0.654716
0.175842
0.175842
0.175842
0.32808
0.32808
0.417058
1.22475
1.22475
1.22475
1.34689
1.34689
1.35092
1.35092
1.01693
1.12483
1.16328
1.5619
1.5619
0.543654
0.434351
0.434351
0.434351
0.739282
0.362552
0.362552
0.362552
1.62064
1.62064
1.47904
0.375867
0.375867
0.375867
0.375867
0.230038
0.230038
0.230038
0.259657
0.294377
0.294377
0.781159
0.781159
0.781159
0.781159
1.0273
1.0273
1.0273
1.0273
1.0273
0.692883
0.692883
0.692883
0.726455
0.726455
0.726455
0.726455
0.726455
0.291263
0.291263
0.291263
0.291263
0.291263
0.291263
0.36356
0.36356
0.83025
1.33624
0.638148
0.522267
0.522267
0.434049
1.12639
1.26039
0.671014
0.671014
1.14021
1.14021
0.37748
0.37748
1.2751
0.63726
0.922503
0.922503
0.922503
0.874935
0.874935
0.875096
0.67386
0.359791
0.359791
0.469921
0.469921
0.469921
0.469921
0.469921
0.841931
0.841931
0.841931
0.841931
0.841931
0.841931
0.841931
0.841931
0.841931
0.970476
1.41689
0.735018
0.686839
0.599822
0.599822
0.599822
0.599822
0.599822
1.34288
0.709552
0.709552
0.508595
0.508595
0.982189
0.982189
1.10195
1.78271
1.1542
1.1542
0.754824
1.10092
1.10092
1.34787
1.65312
1.65312
3.0057
2.40966
2.40966
1.53536
1.1559
1.1559
0.962351
0.962351
2.0315
1.38179
1.30173
1.30044
1.30044
0.531141
0.531141
0.583891
0.452152
0.452152
0.452152
0.452152
0.566033
0.566033
0.540421
0.827498
0.827498
0.827498
0.977762
0.463565
0.463565
0.463565
0.52242
0.558162
0.558162
0.314386
0.314386
0.173992
0.068704
0.068704
0.652874
0.652874
1.08476
1.08476
0.917085
0.664552
0.664552
0.664552
1.09154
0.291019
0.291019
0.291019
1.47008
2.00374
2.00374
2.00374
1.61008
1.61008
1.2452
1.2452
1.2452
1.43354
1.89692
1.09613
1.09613
1.09613
0.690961
1.4572
1.4572
0.570285
0.570285
0.570285
0.570285
0.570285
1.61989
2.45715
1.04145
1.04145
0.978544
0.978544
0.978544
0.978544
0.978544
2.00576
1.23817
0.819848
0.861722
0.368553
1.10201
0.719061
0.471359
0.622557
0.622557
0.622557
0.622557
0.622557
0.622557
0.622557
0.622557
0.622557
0.622557
0.622557
0.622557
0.622557
0.622557
1.53193
1.53193
1.53193
1.53193
0.587117
0.587117
0.516922
0.605564
0.702846
0.702846
0.702846
0.702846
1.29327
0.865592
0.865592
0.640171
0.986557
1.92207
1.12699
1.12699
1.05958
1.05958
1.05958
1.05958
1.05958
1.05958
1.20751
1.20751
1.45068
1.45068
1.61332
0.647707
0.647707
0.856787
0.856787
0.759694
0.759694
0.759694
0.202922
0.474935
0.474935
0.474935
0.474935
0.474935
0.474935
0.474935
0.704064
1.06332
0.67192
0.67192
0.67192
1.2784
0.645262
0.645262
0.78332
0.156649
0.689967
0.689967
0.689967
1.16116
1.51244
1.23328
0.596542
0.596542
0.174908
0.342292
0.915033
0.915033
0.915033
0.915033
0.915033
0.790031
0.790031
0.790031
0.790031
0.365503
0.427742
0.427742
0.427742
0.427742
1.1068
1.47815
1.23255
0.372053
0.829917
0.829917
0.834898
0.834898
1.51133
1.00452
1.00452
0.913715
0.913715
0.913715
0.913715
0.913715
0.913715
0.913715
0.960696
0.974217
0.974217
0.974217
0.974217
0.974217
0.853628
0.977708
0.972915
0.972915
0.972915
0.972915
0.972915
0.972915
0.545148
0.545148
0.545148
0.545148
0.899086
0.715247
0.715247
0.945504
0.945504
0.945504
1.31589
1.62336
1.62336
1.45506
1.16039
1.16039
1.35471
0.630844
0.805005
0.805005
0.922422
1.79911
1.04458
1.04458
1.04458
1.04458
1.04458
0.623309
0.623309
0.623309
1.51827
0.751398
0.411941
0.821031
0.821031
0.608941
1.50708
1.50708
0.553735
0.553735
0.553735
0.553735
0.466921
0.466921
0.466921
0.466921
0.466921
0.520141
0.520141
0.852594
1.74464
2.05882
2.70336
2.13092
2.13092
0.304703
0.609073
0.324699
0.324699
1.9686
2.04287
2.04287
1.35198
1.61498
0.892005
0.398099
0.398099
0.398099
0.398099
0.398099
0.398099
0.398099
0.398099
0.398099
0.398099
0.398099
0.181602
0.181602
0.374356
1.39502
1.72793
1.72793
1.72793
1.66506
1.29276
1.29276
1.29276
1.29276
1.29276
1.29276
1.29276
1.0309
0.886888
0.886888
0.886888
1.46873
0.764224
0.78734
0.474271
0.474271
0.474271
1.55522
1.33436
1.33436
1.33436
1.33436
1.33436
1.33436
1.33436
1.26995
1.26995
1.332
0.610766
1.06661
1.06661
1.06661
1.06661
1.06661
1.85152
1.19448
1.66101
0.903958
0.903958
0.903958
1.09292
1.09292
1.09292
0.917062
1.07809
0.777378
0.777378
0.777378
0.777378
1.0601
0.508689
0.508689
0.508689
0.508689
0.508689
0.786831
0.786831
0.651566
0.651566
0.651566
0.651566
0.651566
0.651566
0.651566
0.651566
0.4961
0.385168
0.385168
0.385168
0.751485
0.751485
0.751485
0.751485
0.64994
0.290164
0.290164
0.290164
0.558335
0.558335
0.558335
0.558335
1.06336
1.06336
1.06336
1.06336
1.06336
0.642931
0.642931
0.88274
0.429294
0.429294
0.347797
0.347797
0.619514
1.27377
1.27377
1.27377
1.27377
0.692866
0.791147
0.791147
0.791147
0.791147
0.466432
0.466432
0.466432
0.466432
0.466432
0.466432
0.466432
0.466432
0.466432
0.479621
1.04878
1.04878
0.593215
0.796033
0.796033
0.796033
0.66061
0.66061
0.66061
0.66061
0.592423
0.855649
0.855649
0.855649
0.855649
0.855649
0.855649
0.855649
0.855649
0.962261
0.962261
1.37058
1.37058
1.37058
1.50886
1.50886
1.62485
1.18024
1.18024
1.18024
1.57381
1.57381
1.57381
1.57381
0.427529
0.292213
0.938079
0.938079
0.938079
0.938079
0.938079
0.938079
0.938079
0.938079
0.938079
0.923714
0.472353
1.5508
1.5508
1.49762
2.6202
2.41634
2.41634
2.71603
2.71603
2.58354
1.466
1.06657
1.06657
1.06657
1.06657
1.06657
1.06657
1.06657
1.06657
1.06657
0.277869
1.08046
1.08046
1.08046
1.08046
1.08046
1.08046
1.08046
1.08046
0.71526
0.71526
0.71526
0.71526
0.71526
0.71526
0.71526
0.488988
0.89006
1.352
0.356821
0.356821
1.28284
1.71049
0.477053
0.538719
0.538719
0.538719
0.538719
0.538719
0.538719
0.538719
0.724345
0.0999249
0.0999249
0.0999249
0.363456
0.363456
0.471941
1.07556
0.687593
0.687593
0.399827
0.792293
1.51733
1.51733
0.318239
0.318239
0.318239
0.318239
0.318239
0.721333
0.721333
0.721333
0.960128
0.960128
0.960128
0.960128
1.36197
0.460392
0.230645
0.5032
0.5032
0.5032
0.5032
0.5032
0.5032
0.5032
0.28393
0.668339
0.668339
0.629006
0.995569
0.995569
0.995569
0.995569
0.32208
0.81748
0.81748
0.81748
0.805412
0.566038
0.566038
0.566038
0.566038
0.566038
0.743623
1.28599
1.28599
1.17188
1.17188
1.17188
1.02905
0.808554
0.808554
2.23516
1.46553
1.9885
1.9885
2.0811
1.66279
1.66279
1.66279
1.20203
1.20203
1.20203
0.973583
0.973583
0.973583
0.973583
0.973583
0.973583
0.973583
0.597221
1.11501
1.29765
1.29765
1.29765
0.82825
0.82825
0.82825
0.82825
0.656496
0.656496
0.656496
0.656496
0.656496
1.14541
1.14541
1.14541
1.14541
0.98372
0.98372
0.98372
0.98372
0.98372
0.602646
0.602646
0.602646
0.602646
0.602646
0.471283
0.471283
0.801981
0.765824
0.539299
0.539299
0.539299
0.539299
0.692275
0.692275
0.692275
0.588708
0.76763
0.76763
0.76763
0.715236
0.715236
1.20602
1.20602
1.20602
1.20602
1.20602
1.3123
1.3123
1.3123
0.662911
0.969205
0.969205
0.969205
0.969205
0.969205
0.547179
0.547179
0.547179
0.688156
0.704613
0.93988
0.93988
0.93988
0.93988
0.93988
0.93988
0.93988
0.978501
1.46638
1.46638
1.46638
1.62193
1.62193
1.62193
1.38354
1.38354
1.27372
1.27372
1.27372
0.890686
0.723755
1.3578
1.54757
1.54757
1.54757
0.714164
1.02537
1.02537
0.758889
0.758889
0.758889
0.758889
0.758889
0.758889
0.758889
0.758889
0.703385
0.703385
1.18306
0.860815
1.2093
1.2093
1.49229
1.49229
1.49229
1.49229
1.36336
1.36336
1.36336
1.18117
1.18117
1.18117
1.18117
1.18117
0.437011
0.437011
0.926546
0.926546
0.926546
0.926546
0.826308
0.826308
0.826308
0.826308
0.826308
0.832589
0.832589
0.832589
0.832589
0.832589
0.832589
0.317743
0.317743
0.294636
0.933399
0.933399
0.933399
1.94615
2.044
2.044
2.044
2.044
0.890852
1.2116
1.2116
1.00289
1.00289
0.345622
0.345622
0.533093
0.391921
1.13843
1.26825
0.540151
1.73804
1.73804
1.73804
1.73804
1.08195
0.854619
0.854619
1.0243
1.0243
1.0243
0.716164
0.912848
1.39202
1.39202
1.28265
1.28265
1.28265
0.851846
0.851846
0.851846
0.852734
1.28197
2.03173
2.03173
1.22255
1.22255
1.22255
0.570783
0.570783
1.4513
1.4513
1.05564
1.05564
1.05564
1.05564
1.05564
1.05564
1.15428
1.06308
1.38393
1.71326
1.71326
1.09614
1.48925
1.48925
1.89317
0.677483
0.677483
0.677483
1.09114
1.13154
1.13154
0.118867
0.622722
0.905602
0.905602
0.62881
0.997015
0.997015
1.5056
1.5056
1.5056
1.5056
1.25039
0.414418
0.414418
0.414418
0.414418
0.843432
0.580362
0.831689
0.831689
0.831689
0.831689
0.831689
1.25937
0.855706
0.855706
0.782412
0.782412
0.782412
0.782412
0.782412
0.782412
0.782412
0.782412
1.4392
1.4392
1.4392
1.4392
1.4392
0.262514
1.60211
2.11813
2.11813
1.42509
0.747745
0.780886
0.780886
0.780886
0.780886
1.79404
1.73331
1.73331
1.70835
1.70835
0.766356
0.766356
0.766356
0.766356
0.766356
0.28647
0.583618
0.583618
0.583618
0.583618
0.583618
0.583618
0.583618
1.7801
0.607782
0.607782
0.362577
0.362577
0.362577
1.19929
1.19929
1.19929
0.371817
0.52137
0.52137
0.676404
0.676404
0.676404
0.548197
1.02998
0.816645
0.816645
0.816645
0.816645
0.816645
0.760432
0.895351
0.894504
0.894504
0.894504
0.894504
1.2701
1.2701
1.2701
0.742087
1.49649
1.16856
1.16856
1.47069
1.47069
1.47069
1.47069
0.642269
0.642269
0.642269
0.642269
0.642269
0.642269
0.642269
0.642269
0.642269
0.642269
0.642269
0.787474
0.787474
0.787474
0.820281
0.820281
0.820281
0.820281
0.97251
0.97251
0.610926
0.610926
0.610926
0.610926
0.610926
0.610926
1.23127
1.06722
0.582525
0.582525
0.582525
0.582525
0.366773
1.16293
1.17962
0.294882
0.294882
0.294882
1.33815
1.33815
1.70305
1.70305
1.70305
1.75982
1.76954
1.2481
1.2481
1.2481
0.527138
0.527138
0.527138
0.773451
0.773451
0.85735
0.85735
0.839855
0.839855
0.839855
0.839855
0.68423
0.68423
0.590414
0.590414
0.627808
0.891155
0.891155
0.891155
0.891155
0.891155
0.47853
0.47853
0.849114
0.849114
0.849114
0.849114
1.03804
1.08309
1.05179
0.611661
0.611661
0.664871
0.641415
0.641415
0.641415
0.792106
0.792106
0.792106
0.792106
0.792106
1.78824
1.25986
0.645503
0.13579
0.155743
0.412144
1.23786
1.44013
1.44013
1.0363
1.40315
0.5263
0.911182
0.911182
0.911182
0.911182
0.911182
0.911182
0.911182
0.911182
0.911182
1.49152
1.49152
1.49152
1.49152
1.49152
1.21541
1.21541
1.21541
1.05958
1.05958
1.05958
1.05958
1.05958
1.05958
1.0775
1.0775
0.712388
0.479999
1.23434
1.84397
1.12072
1.12072
1.19321
1.19321
1.19321
1.19321
1.31011
1.31011
1.37515
1.37515
1.06441
1.61775
1.13236
0.815995
0.815995
0.882719
0.882719
0.882719
0.882719
0.38961
0.38961
0.38961
0.38961
0.493991
0.493991
0.207434
1.91405
1.33482
1.78253
1.25547
1.08381
1.08381
1.08381
0.828495
0.828495
0.828495
0.330739
0.330739
0.544805
1.12772
1.12772
1.12772
0.986862
1.1379
1.1379
1.1379
1.71163
1.71163
1.71163
1.77134
0.180822
0.410999
0.390521
0.390521
0.390521
1.04803
0.833993
0.833993
0.833993
0.833993
1.06855
0.465975
1.74613
1.22337
1.22337
1.22337
0.950838
0.950838
0.408153
0.727369
0.727369
0.727369
0.727369
0.727369
0.655405
0.655405
0.655405
0.805058
0.805058
0.745349
0.66913
0.66913
0.66913
0.66913
0.66913
0.66913
0.66913
0.26347
0.26347
0.280342
0.280342
0.280342
0.303718
0.303718
1.12954
1.12954
1.12954
0.870847
0.870847
1.27909
1.27909
1.27909
1.27909
1.27909
1.13573
0.965114
1.20678
1.20678
1.1917
1.1917
1.1917
1.68495
1.68495
2.40456
2.40456
2.0453
2.67989
2.67989
2.67989
1.70845
1.70845
1.70845
1.70845
1.70845
1.70845
1.63716
1.63716
1.63716
2.4995
2.4995
2.29514
0.964263
1.48636
1.48636
1.30748
1.30748
1.30748
1.30748
0.883982
1.09614
1.09614
1.09614
1.08715
0.853821
0.7266
0.600857
0.913699
0.913699
0.913699
0.913699
0.913699
0.913699
0.83428
0.649938
0.568815
0.568815
0.828464
0.679573
0.679573
0.679573
1.16083
0.97568
0.240233
0.207742
0.207742
0.258321
0.258321
0.258321
0.258321
0.258321
0.258321
1.02828
1.02828
1.05013
1.05013
1.05013
1.05013
0.903706
0.736885
0.736885
0.774941
0.774941
0.774941
0.774941
0.774941
0.774941
0.774941
0.774941
0.774941
0.774941
0.774941
0.774941
0.774941
0.975087
0.975087
0.975087
0.975087
0.936922
0.936922
0.944203
0.512755
0.512755
0.61122
1.40466
1.35593
1.35593
1.33404
1.33404
1.33404
1.33404
1.33404
1.33404
1.33404
1.02527
2.22243
2.22243
2.22243
2.22243
2.37938
2.37938
2.37938
1.88644
1.91453
1.91453
1.91453
0.832773
0.507886
0.507886
0.647885
0.647885
0.647885
0.647885
0.711398
0.711398
0.896659
1.00715
0.220574
0.220574
0.220574
0.220574
0.576199
0.330209
0.812008
0.812008
0.812008
0.812008
0.812008
1.3076
0.368056
0.368056
0.255904
0.650073
0.650073
0.650073
0.650073
0.650073
2.15421
2.15421
1.79165
1.79165
1.79165
1.79165
1.79165
1.79165
1.12615
1.12615
0.244452
0.244452
0.244452
0.216872
1.34656
1.13221
0.930727
0.578592
0.666559
0.837567
0.559845
0.559845
0.831644
0.831644
1.21397
1.21397
1.21397
1.21397
1.21397
1.8579
1.8097
1.8097
1.8097
1.8097
0.810077
0.810077
0.810077
0.810077
0.810077
0.810077
0.368647
0.368647
0.368647
0.929129
0.929129
0.929129
0.929129
0.929129
1.54227
1.43249
1.86999
1.86999
1.86999
2.69305
2.60069
2.60069
2.56057
2.56057
2.34102
2.34102
2.02029
2.02029
2.02029
1.04495
1.62744
1.62744
1.5937
1.57118
1.26894
0.999397
0.999397
0.999397
0.999397
0.999397
0.999397
0.999397
1.22303
1.22303
0.837659
0.601011
0.601011
1.11532
1.11532
1.11532
0.557472
0.557472
0.557472
0.787942
0.787942
0.787942
0.787942
0.656289
0.656289
0.656289
0.595655
1.18371
0.560737
1.28397
1.28397
1.28397
2.07767
2.10523
2.07818
2.07818
2.2469
2.2469
2.16705
1.71563
1.71563
1.71563
1.71563
1.20824
1.20824
1.20824
1.58747
1.4611
1.4611
1.4611
1.4611
1.4611
1.17528
1.17528
1.89749
1.89749
1.89749
1.89749
1.38008
0.495757
0.495757
0.495757
0.495757
0.883854
0.579159
0.579159
0.579159
0.431421
0.698742
0.770064
1.2384
1.2384
1.2384
1.2384
1.33391
1.33391
0.871636
1.68592
1.66056
1.08049
1.15568
1.15568
1.15568
1.25283
1.30168
1.20368
1.20368
1.20368
0.601646
0.601646
0.601646
0.601646
0.601646
0.601646
0.665537
0.402846
0.402846
0.438897
0.438897
0.463472
0.463472
0.47365
0.47365
0.47365
0.968773
0.968773
1.66358
0.381415
0.381415
0.381415
0.381415
0.381415
0.354224
0.700781
0.672427
0.672427
0.712283
0.852635
0.852635
0.673558
0.693776
0.693776
0.693776
1.00699
1.00699
0.82619
0.82619
0.82619
0.82619
0.82619
1.30147
1.30147
0.868988
0.411679
0.347521
0.347521
0.347521
0.772908
0.832235
0.739565
0.739565
0.975919
0.41879
0.41879
0.41879
0.645321
0.518659
0.380004
0.430707
0.778806
0.778806
1.46602
0.64565
0.64565
0.574752
1.31414
1.31414
1.31414
1.31414
0.141752
0.141752
0.435169
0.435169
1.06318
0.937345
0.256149
0.256149
0.256149
0.256149
0.256149
0.256149
0.256149
0.256149
0.480125
0.480125
0.480125
0.480125
0.480125
0.480125
0.480125
0.456583
0.28839
0.737519
0.737519
0.737519
0.737519
0.963666
0.963666
0.830684
0.738768
0.738768
0.738768
0.21716
0.22806
0.496311
0.496311
0.496311
0.496311
0.311429
0.311429
1.27991
1.27991
1.27991
1.27991
1.27991
0.813061
0.813061
0.792394
0.792394
0.972179
1.47046
1.23791
0.803792
0.803792
0.803792
0.803792
0.812089
0.519297
0.753485
0.753485
0.492586
0.611517
0.611517
0.611517
0.611517
0.467264
0.467264
0.467264
0.467264
0.467264
0.467264
1.40663
2.15242
1.31079
0.669154
0.669154
0.669154
1.50614
1.50614
1.50614
0.982939
0.982939
0.513094
1.35372
1.40175
1.12166
1.12166
0.763517
0.809213
0.454243
0.454243
0.454243
0.454243
0.454243
0.454243
0.454243
0.454243
0.454243
0.851329
0.368031
0.368031
0.368031
0.347867
0.3578
0.391607
0.391607
0.391607
0.391607
0.391607
0.391607
0.812585
0.812585
0.376951
0.376951
0.376951
0.376951
0.376951
0.376951
0.405635
0.318828
0.318828
0.318828
0.282519
0.282519
0.282519
0.23361
0.23361
0.23361
0.23361
0.23361
0.23361
0.23361
0.118062
0.118062
0.118062
0.118062
0.265541
0.388186
0.457309
0.848836
0.489745
0.800445
0.767732
0.767732
0.767732
0.767732
1.62178
0.890549
0.890549
1.20972
1.20972
0.345844
1.0455
1.0455
0.619029
0.619029
0.619029
0.828575
0.828575
0.659624
0.482556
0.655797
0.655797
0.499502
0.396805
0.396805
0.495161
0.495161
0.495161
0.526571
0.601319
0.601319
0.436127
0.436127
2.3115
0.37655
0.779771
0.779771
0.779771
0.692428
0.514662
0.514662
0.879239
0.879239
0.879239
0.879239
0.879239
0.879239
0.879239
0.879239
0.879239
2.49806
1.24762
1.24762
1.24762
1.24762
1.24762
1.24762
1.14676
1.14676
1.27409
1.42512
2.15724
1.17225
0.494491
0.494491
0.494491
0.962087
0.962087
0.962087
1.02293
1.02293
1.02293
1.02293
1.02293
0.962699
0.962699
1.13267
1.13267
1.13267
2.69174
1.74493
1.74493
1.74493
1.74493
1.74493
1.08028
1.08028
1.08028
1.48837
2.85132
0.633081
0.988769
0.988769
0.988769
0.988769
1.28948
1.28948
1.2035
1.2035
1.2035
1.2035
1.2035
1.74208
1.74208
1.82425
1.82425
1.82425
1.82425
1.65883
2.3732
1.63758
2.08999
2.26156
0.956984
2.15861
1.20891
1.20891
1.20891
0.625517
0.625517
3.23724
0.83003
1.3127
1.3662
1.41659
1.51767
1.51767
1.51767
1.51767
1.51767
1.51767
1.51767
0.959429
0.836679
1.03834
1.79173
1.69954
1.69954
0.583821
0.496915
0.496915
0.496915
0.496915
0.496915
0.948129
0.948129
0.948129
0.948129
0.948129
0.948129
0.948129
0.948129
0.948129
0.948129
0.948129
1.33337
1.33337
1.4803
0.839564
0.839564
0.839564
0.839564
0.839564
0.839564
0.842034
0.842034
0.842034
0.842034
0.842034
0.842034
0.338632
0.338632
0.338632
0.338632
0.472619
0.472619
0.472619
0.567855
0.567855
0.948838
0.898571
0.898571
0.898571
0.898571
0.898571
0.932756
0.932756
1.16519
1.18631
1.15947
1.15947
0.442173
0.50021
0.50021
0.50021
0.50021
0.50021
0.907445
0.505046
0.505046
0.860523
0.860523
0.860523
0.860523
0.822687
0.822687
0.822687
0.822687
0.822687
0.822687
0.822687
0.881743
0.881743
0.551289
0.551289
0.551289
1.37794
1.64185
1.64185
1.64185
