0.443278 1.24974
0.442469 1.22065
0.442927 1.23507
0.44241 1.22078
0.441429 1.19245
0.442824 1.23457
0.441395 1.19281
0.441839 1.20661
0.441818 1.20661
0.443146 1.24734
0.442222 1.22041
0.441319 1.1937
0.440435 1.1672
0.44172 1.20663
0.444255 1.28489
0.441263 1.1943
0.44125 1.1943
0.44 1.15606
0.440816 1.18136
0.440808 1.18136
0.4408 1.18136
0.440396 1.16899
0.441569 1.20584
0.442718 1.24242
0.443462 1.26664
0.442286 1.23057
0.441132 1.19475
0.441121 1.19475
0.440741 1.18297
0.440367 1.17127
0.438545 1.11318
0.44 1.15935
0.439643 1.14788
0.439646 1.14788
0.438947 1.12525
0.439652 1.14774
0.438966 1.12539
0.439316 1.13649
0.438644 1.11443
0.438992 1.12539
0.438333 1.1036
0.439008 1.12526
0.437705 1.0822
0.439024 1.125
0.43871 1.11437
0.44 1.15666
0.440952 1.18819
0.441575 1.20909
0.441563 1.20909
0.44124 1.19876
0.441538 1.20903
0.441832 1.21925
0.442424 1.23956
0.442406 1.23956
0.442388 1.23956
0.443259 1.26953
0.444706 1.3192
0.443212 1.26979
0.443478 1.27962
0.443453 1.27962
0.442571 1.25045
0.441986 1.2311
0.440845 1.19261
0.44028 1.17347
0.440556 1.18299
0.44 1.16404
0.44 1.16404
0.44 1.16404
0.440541 1.18271
0.439463 1.14556
0.438933 1.12708
0.438411 1.10869
0.438421 1.10869
0.437647 1.08138
0.436623 1.04513
0.437677 1.0812
0.437949 1.09018
0.438981 1.12591
0.438481 1.10813
0.438491 1.10813
0.438 1.09051
0.438012 1.09051
0.436543 1.03814
0.437055 1.05552
0.436585 1.03822
0.438061 1.08988
0.436867 1.04702
0.437605 1.07262
0.438095 1.08962
0.438817 1.11499
0.438118 1.08973
0.438129 1.08973
0.43814 1.08973
0.438382 1.09804
0.437241 1.05665
0.437029 1.04841
0.437273 1.05662
0.436836 1.04027
0.437079 1.04841
0.437095 1.04841
0.437111 1.04841
0.437348 1.05645
0.437582 1.06445
0.437814 1.07243
0.438261 1.08831
0.438486 1.09622
0.438925 1.11198
0.438717 1.10413
0.438936 1.11195
0.439153 1.11973
0.438737 1.10422
0.437696 1.0656
0.43875 1.10407
0.439171 1.11941
0.438969 1.11177
0.438564 1.09656
0.43898 1.11171
0.439594 1.13436
0.438182 1.08171
0.438191 1.08171
0.4376 1.05932
